2011.06.29 06:00:03.179,0.34124,0.34159,0.03,0.04
2011.06.29 06:00:03.652,0.34123,0.34161,0.03,0.04
2011.06.29 06:00:03.764,0.34123,0.34161,0.02,0.04
2011.06.29 06:00:04.470,0.34123,0.34156,0.02,0.04
2011.06.29 06:00:05.919,0.34123,0.34154,0.02,0.04
2011.06.29 06:00:06.030,0.34113,0.34154,0.03,0.04
2011.06.29 06:00:07.128,0.34113,0.34151,0.03,0.04
2011.06.29 06:00:07.689,0.34113,0.3415,0.03,0.04
2011.06.29 06:00:08.549,0.34115,0.34154,0.05,0.04
2011.06.29 06:00:08.949,0.34105,0.34149,0.05,0.04
2011.06.29 06:00:09.488,0.34105,0.34147,0.05,0.04
2011.06.29 06:00:10.529,0.34103,0.34144,0.05,0.04
2011.06.29 06:00:12.139,0.34099,0.34144,0.05,0.04
2011.06.29 06:00:13.659,0.34105,0.34142,0.05,0.04
2011.06.29 06:00:14.008,0.34105,0.34142,0.05,0.04
2011.06.29 06:00:14.465,0.34103,0.34142,0.05,0.04
2011.06.29 06:00:14.649,0.34103,0.34146,0.05,0.04
2011.06.29 06:00:14.909,0.34105,0.34146,0.05,0.04
2011.06.29 06:00:16.955,0.34105,0.34146,0.05,0.04
2011.06.29 06:00:17.069,0.34103,0.34146,0.05,0.04
2011.06.29 06:00:17.599,0.34104,0.34145,0.05,0.04
2011.06.29 06:00:17.709,0.34104,0.34145,0.05,0.04
2011.06.29 06:00:18.620,0.34104,0.34147,0.05,0.04
2011.06.29 06:00:19.108,0.34104,0.34147,0.05,0.04
2011.06.29 06:00:21.290,0.34104,0.34147,0.05,0.04
2011.06.29 06:00:22.969,0.34104,0.34147,0.05,0.04
2011.06.29 06:00:41.869,0.34114,0.34147,0.02,0.04
2011.06.29 06:00:42.881,0.34114,0.34147,0.03,0.04
2011.06.29 06:00:43.649,0.34115,0.34154,0.05,0.04
2011.06.29 06:00:47.009,0.34115,0.34154,0.05,0.04
2011.06.29 06:01:32.309,0.34115,0.34154,0.05,0.04
2011.06.29 06:01:32.530,0.34117,0.34154,0.05,0.04
2011.06.29 06:01:33.048,0.34117,0.34152,0.05,0.04
2011.06.29 06:01:33.589,0.34117,0.34157,0.05,0.04
2011.06.29 06:01:37.030,0.34117,0.34157,0.05,0.04
2011.06.29 06:01:48.599,0.34114,0.34157,0.05,0.04
2011.06.29 06:01:48.929,0.34107,0.34153,0.05,0.04
2011.06.29 06:01:49.649,0.34107,0.3415,0.05,0.04
2011.06.29 06:02:09.059,0.3411,0.3415,0.05,0.04
2011.06.29 06:02:09.168,0.3411,0.3415,0.05,0.04
2011.06.29 06:02:09.279,0.34099,0.34145,0.05,0.04
2011.06.29 06:02:09.719,0.34097,0.34143,0.05,0.04
2011.06.29 06:02:10.548,0.34097,0.3414,0.05,0.04
2011.06.29 06:02:12.129,0.34097,0.3414,0.05,0.04
2011.06.29 06:02:12.239,0.34097,0.3414,0.05,0.04
2011.06.29 06:02:12.637,0.34097,0.34136,0.05,0.04
2011.06.29 06:02:14.129,0.34097,0.34136,0.05,0.04
2011.06.29 06:02:17.898,0.34097,0.34136,0.05,0.04
2011.06.29 06:02:18.009,0.34084,0.34126,0.07,0.02
2011.06.29 06:02:18.119,0.34084,0.34126,0.07,0.02
2011.06.29 06:02:18.845,0.34084,0.34127,0.05,0.06
2011.06.29 06:02:19.619,0.34084,0.34124,0.05,0.04
2011.06.29 06:02:20.982,0.34084,0.34124,0.05,0.04
2011.06.29 06:02:23.419,0.34088,0.34124,0.05,0.04
2011.06.29 06:02:23.749,0.34093,0.34134,0.05,0.08
2011.06.29 06:02:24.190,0.34097,0.34134,0.05,0.08
2011.06.29 06:02:24.638,0.34099,0.34135,0.05,0.04
2011.06.29 06:02:25.780,0.34099,0.34139,0.05,0.04
2011.06.29 06:02:29.930,0.34099,0.34139,0.05,0.04
2011.06.29 06:02:42.670,0.34105,0.34145,0.05,0.04
2011.06.29 06:02:44.070,0.34105,0.34145,0.05,0.04
2011.06.29 06:02:44.290,0.341,0.34144,0.05,0.04
2011.06.29 06:02:45.526,0.341,0.34142,0.05,0.04
2011.06.29 06:03:00.318,0.34099,0.34142,0.05,0.04
2011.06.29 06:03:02.040,0.34102,0.34142,0.05,0.04
2011.06.29 06:03:06.060,0.34102,0.34142,0.05,0.04
2011.06.29 06:03:06.399,0.34105,0.34142,0.05,0.04
2011.06.29 06:03:06.509,0.34102,0.34142,0.05,0.04
2011.06.29 06:03:06.619,0.34102,0.34145,0.05,0.04
2011.06.29 06:03:07.071,0.34102,0.34145,0.05,0.04
2011.06.29 06:03:07.180,0.34102,0.34145,0.05,0.04
2011.06.29 06:03:08.975,0.34102,0.34145,0.05,0.04
2011.06.29 06:03:11.559,0.34107,0.34145,0.05,0.04
2011.06.29 06:03:11.669,0.34107,0.34145,0.05,0.04
2011.06.29 06:03:12.549,0.34107,0.3415,0.05,0.04
2011.06.29 06:03:14.628,0.34104,0.34147,0.05,0.04
2011.06.29 06:03:22.899,0.34108,0.34147,0.05,0.04
2011.06.29 06:03:23.648,0.34105,0.34144,0.05,0.04
2011.06.29 06:03:24.381,0.34105,0.34144,0.05,0.04
2011.06.29 06:03:38.119,0.341,0.34144,0.05,0.08
2011.06.29 06:03:38.650,0.341,0.34142,0.05,0.04
2011.06.29 06:03:39.319,0.341,0.34142,0.05,0.04
2011.06.29 06:03:39.429,0.341,0.34142,0.05,0.04
2011.06.29 06:03:42.649,0.34098,0.34142,0.05,0.08
2011.06.29 06:03:43.605,0.34098,0.3414,0.05,0.04
2011.06.29 06:03:44.139,0.34098,0.3414,0.05,0.04
2011.06.29 06:03:45.623,0.34098,0.3414,0.05,0.04
2011.06.29 06:03:46.575,0.34098,0.34137,0.05,0.04
2011.06.29 06:03:47.565,0.34098,0.3414,0.05,0.04
2011.06.29 06:03:47.992,0.34098,0.3414,0.05,0.04
2011.06.29 06:04:06.360,0.34095,0.34139,0.05,0.04
2011.06.29 06:04:07.590,0.34095,0.34135,0.05,0.04
2011.06.29 06:04:10.589,0.34095,0.34135,0.05,0.04
2011.06.29 06:04:11.110,0.34097,0.34135,0.05,0.04
2011.06.29 06:04:11.803,0.34097,0.34136,0.05,0.04
2011.06.29 06:04:13.991,0.34097,0.34136,0.05,0.04
2011.06.29 06:04:28.895,0.34094,0.34134,0.05,0.04
2011.06.29 06:04:31.992,0.34094,0.34134,0.05,0.04
2011.06.29 06:04:32.960,0.34094,0.34131,0.05,0.04
2011.06.29 06:04:42.982,0.34093,0.34131,0.05,0.04
2011.06.29 06:04:47.830,0.34084,0.34124,0.03,0.04
2011.06.29 06:04:48.268,0.34084,0.34124,0.03,0.04
2011.06.29 06:04:48.920,0.34084,0.34121,0.03,0.04
2011.06.29 06:04:49.740,0.34084,0.34119,0.03,0.04
2011.06.29 06:04:51.639,0.34087,0.34119,0.05,0.04
2011.06.29 06:04:51.986,0.3409,0.34129,0.04,0.08
2011.06.29 06:04:52.760,0.3409,0.34127,0.04,0.04
2011.06.29 06:04:55.969,0.3409,0.34127,0.04,0.04
2011.06.29 06:04:59.251,0.3409,0.34127,0.04,0.04
2011.06.29 06:05:00.835,0.3409,0.34129,0.04,0.04
2011.06.29 06:05:00.970,0.3409,0.34129,0.04,0.04
2011.06.29 06:05:02.339,0.34094,0.34129,0.04,0.04
2011.06.29 06:05:02.449,0.34094,0.34129,0.05,0.04
2011.06.29 06:05:03.750,0.34094,0.34131,0.05,0.04
2011.06.29 06:05:32.799,0.34094,0.34134,0.05,0.04
2011.06.29 06:05:33.059,0.34094,0.34134,0.05,0.04
2011.06.29 06:05:46.120,0.34093,0.34134,0.03,0.04
2011.06.29 06:05:46.339,0.34095,0.34134,0.05,0.04
2011.06.29 06:05:46.730,0.34095,0.34132,0.05,0.04
2011.06.29 06:05:50.664,0.34095,0.34135,0.05,0.04
2011.06.29 06:05:50.949,0.34095,0.34135,0.05,0.04
2011.06.29 06:05:53.111,0.34095,0.34135,0.05,0.04
2011.06.29 06:05:53.770,0.34095,0.34131,0.05,0.04
2011.06.29 06:06:00.609,0.34098,0.34131,0.05,0.04
2011.06.29 06:06:01.749,0.34098,0.34136,0.05,0.04
2011.06.29 06:06:02.895,0.34098,0.34136,0.05,0.04
2011.06.29 06:06:13.059,0.34098,0.34136,0.05,0.04
2011.06.29 06:06:13.790,0.34098,0.34135,0.05,0.04
2011.06.29 06:06:14.723,0.34098,0.34136,0.05,0.04
2011.06.29 06:06:16.240,0.34099,0.34136,0.05,0.04
2011.06.29 06:06:16.703,0.34099,0.3414,0.05,0.04
2011.06.29 06:06:18.999,0.34099,0.3414,0.05,0.04
2011.06.29 06:06:22.154,0.34097,0.3414,0.05,0.04
2011.06.29 06:06:22.669,0.34097,0.34137,0.05,0.04
2011.06.29 06:06:27.980,0.34097,0.34134,0.05,0.04
2011.06.29 06:06:29.979,0.341,0.34136,0.05,0.04
2011.06.29 06:06:33.690,0.341,0.34134,0.05,0.04
2011.06.29 06:06:38.702,0.341,0.34137,0.05,0.04
2011.06.29 06:06:48.928,0.341,0.34137,0.05,0.04
2011.06.29 06:06:49.590,0.34103,0.34137,0.03,0.04
2011.06.29 06:06:49.921,0.34103,0.34139,0.06,0.04
2011.06.29 06:06:50.141,0.34105,0.34139,0.05,0.04
2011.06.29 06:06:50.751,0.34105,0.34142,0.05,0.04
2011.06.29 06:06:53.770,0.34103,0.34142,0.03,0.04
2011.06.29 06:06:54.321,0.34103,0.34142,0.03,0.04
2011.06.29 06:06:54.540,0.34103,0.34142,0.03,0.04
2011.06.29 06:06:55.652,0.34103,0.3414,0.03,0.04
2011.06.29 06:06:59.260,0.341,0.3414,0.05,0.04
2011.06.29 06:06:59.902,0.341,0.34137,0.05,0.04
2011.06.29 06:07:11.774,0.341,0.3414,0.05,0.04
2011.06.29 06:07:12.052,0.341,0.3414,0.05,0.04
2011.06.29 06:07:21.952,0.34103,0.3414,0.03,0.04
2011.06.29 06:07:22.862,0.34101,0.34137,0.05,0.04
2011.06.29 06:07:22.972,0.34101,0.34137,0.05,0.04
2011.06.29 06:07:23.764,0.34101,0.34134,0.05,0.04
2011.06.29 06:07:31.793,0.34101,0.34137,0.05,0.04
2011.06.29 06:07:53.542,0.34095,0.34137,0.05,0.04
2011.06.29 06:07:54.760,0.34095,0.34134,0.05,0.04
2011.06.29 06:07:58.090,0.34095,0.34134,0.05,0.04
2011.06.29 06:07:58.920,0.341,0.34139,0.05,0.04
2011.06.29 06:08:01.051,0.341,0.34139,0.05,0.04
2011.06.29 06:08:04.240,0.34105,0.34139,0.04,0.04
2011.06.29 06:08:07.171,0.34101,0.34139,0.04,0.04
2011.06.29 06:08:10.280,0.34101,0.34139,0.05,0.04
2011.06.29 06:08:11.721,0.34104,0.34142,0.06,0.04
2011.06.29 06:08:25.360,0.34103,0.34142,0.06,0.04
2011.06.29 06:08:25.580,0.34101,0.34142,0.05,0.04
2011.06.29 06:08:25.800,0.34103,0.34142,0.05,0.04
2011.06.29 06:08:26.131,0.34103,0.34142,0.06,0.04
2011.06.29 06:08:26.825,0.341,0.34142,0.05,0.04
2011.06.29 06:08:27.643,0.341,0.3414,0.05,0.04
2011.06.29 06:08:28.632,0.341,0.34136,0.05,0.04
2011.06.29 06:08:36.772,0.341,0.34139,0.05,0.04
2011.06.29 06:08:40.742,0.341,0.34136,0.05,0.04
2011.06.29 06:08:46.682,0.341,0.3414,0.05,0.04
2011.06.29 06:08:54.932,0.341,0.34136,0.05,0.04
2011.06.29 06:08:56.692,0.341,0.34139,0.05,0.04
2011.06.29 06:08:58.490,0.34103,0.34139,0.02,0.04
2011.06.29 06:08:58.711,0.34104,0.34139,0.05,0.04
2011.06.29 06:08:59.950,0.34106,0.34142,0.05,0.04
2011.06.29 06:09:00.950,0.34107,0.34142,0.05,0.04
2011.06.29 06:09:01.061,0.34113,0.3415,0.02,0.04
2011.06.29 06:09:01.641,0.34113,0.34145,0.02,0.04
2011.06.29 06:09:07.720,0.34113,0.34147,0.03,0.04
2011.06.29 06:09:37.120,0.34114,0.34147,0.05,0.04
2011.06.29 06:09:37.450,0.34123,0.34157,0.02,0.10
2011.06.29 06:09:37.892,0.34116,0.34151,0.03,0.04
2011.06.29 06:09:38.715,0.34124,0.3416,0.02,0.05
2011.06.29 06:09:39.348,0.34114,0.34151,0.05,0.04
2011.06.29 06:09:39.571,0.3411,0.34151,0.05,0.04
2011.06.29 06:09:40.701,0.3411,0.34146,0.05,0.04
2011.06.29 06:09:41.540,0.34113,0.34146,0.06,0.04
2011.06.29 06:09:42.720,0.34113,0.34149,0.06,0.04
2011.06.29 06:09:43.500,0.34109,0.34149,0.05,0.04
2011.06.29 06:09:44.090,0.34113,0.34149,0.05,0.04
2011.06.29 06:09:49.960,0.3411,0.34149,0.05,0.04
2011.06.29 06:09:50.753,0.3411,0.34147,0.05,0.04
2011.06.29 06:09:54.941,0.34108,0.34147,0.05,0.04
2011.06.29 06:10:14.149,0.34113,0.34147,0.02,0.04
2011.06.29 06:10:14.601,0.34113,0.34147,0.03,0.04
2011.06.29 06:10:14.930,0.34113,0.34145,0.02,0.04
2011.06.29 06:10:15.722,0.34113,0.34149,0.03,0.04
2011.06.29 06:10:19.490,0.34113,0.34149,0.03,0.04
2011.06.29 06:10:20.681,0.34113,0.34147,0.03,0.04
2011.06.29 06:10:29.990,0.34113,0.34147,0.06,0.04
2011.06.29 06:10:30.890,0.34113,0.3415,0.06,0.04
2011.06.29 06:11:12.091,0.34114,0.3415,0.05,0.04
2011.06.29 06:11:12.720,0.34114,0.34151,0.05,0.04
2011.06.29 06:11:22.945,0.34114,0.34149,0.08,0.04
2011.06.29 06:11:23.751,0.34114,0.34151,0.08,0.04
2011.06.29 06:11:40.692,0.34114,0.34149,0.05,0.04
2011.06.29 06:11:46.581,0.34113,0.34149,0.03,0.04
2011.06.29 06:11:47.358,0.34114,0.34149,0.03,0.04
2011.06.29 06:11:54.581,0.34115,0.34149,0.05,0.04
2011.06.29 06:11:55.879,0.34115,0.34151,0.05,0.04
2011.06.29 06:11:59.362,0.34124,0.34159,0.04,0.04
2011.06.29 06:11:59.691,0.34124,0.34161,0.06,0.08
2011.06.29 06:12:00.235,0.34124,0.34161,0.03,0.08
2011.06.29 06:12:00.933,0.34124,0.34161,0.06,0.08
2011.06.29 06:12:01.042,0.34124,0.34159,0.06,0.04
2011.06.29 06:12:01.811,0.34125,0.34161,0.05,0.04
2011.06.29 06:12:06.531,0.34124,0.34161,0.03,0.04
2011.06.29 06:12:07.741,0.34124,0.3416,0.03,0.04
2011.06.29 06:12:16.501,0.34124,0.3416,0.03,0.04
2011.06.29 06:12:17.740,0.34124,0.34157,0.03,0.04
2011.06.29 06:12:18.397,0.34124,0.34157,0.03,0.04
2011.06.29 06:12:18.838,0.34124,0.3416,0.03,0.04
2011.06.29 06:12:21.521,0.34125,0.3416,0.05,0.04
2011.06.29 06:12:22.811,0.34125,0.34162,0.05,0.04
2011.06.29 06:12:23.940,0.34128,0.34162,0.05,0.04
2011.06.29 06:12:24.778,0.34128,0.34165,0.05,0.04
2011.06.29 06:12:27.321,0.34124,0.34165,0.07,0.04
2011.06.29 06:12:27.922,0.34124,0.34165,0.06,0.04
2011.06.29 06:12:29.291,0.34125,0.34165,0.05,0.04
2011.06.29 06:12:29.839,0.34125,0.34162,0.05,0.04
2011.06.29 06:12:31.070,0.34124,0.34162,0.03,0.04
2011.06.29 06:12:31.665,0.34124,0.34162,0.03,0.04
2011.06.29 06:12:32.381,0.34124,0.34162,0.03,0.04
2011.06.29 06:12:32.812,0.34124,0.3416,0.03,0.04
2011.06.29 06:12:33.791,0.34124,0.34156,0.03,0.04
2011.06.29 06:12:49.680,0.34124,0.34165,0.03,0.04
2011.06.29 06:12:50.698,0.34124,0.34159,0.03,0.04
2011.06.29 06:12:58.728,0.34124,0.34161,0.03,0.04
2011.06.29 06:13:01.191,0.34125,0.34161,0.05,0.04
2011.06.29 06:13:07.351,0.34126,0.34161,0.05,0.04
2011.06.29 06:13:07.681,0.34128,0.34164,0.05,0.04
2011.06.29 06:13:09.552,0.34126,0.34164,0.05,0.04
2011.06.29 06:13:10.907,0.34126,0.34162,0.05,0.04
2011.06.29 06:13:12.131,0.34124,0.34162,0.03,0.04
2011.06.29 06:13:12.752,0.34124,0.34159,0.03,0.04
2011.06.29 06:13:19.683,0.34124,0.34159,0.03,0.04
2011.06.29 06:13:20.366,0.34124,0.34159,0.03,0.04
2011.06.29 06:13:22.379,0.34124,0.34159,0.03,0.04
2011.06.29 06:13:25.244,0.34124,0.34159,0.03,0.04
2011.06.29 06:13:25.840,0.34118,0.34159,0.05,0.04
2011.06.29 06:13:25.951,0.34118,0.34159,0.05,0.04
2011.06.29 06:13:26.771,0.34115,0.34154,0.05,0.04
2011.06.29 06:13:33.521,0.34115,0.34154,0.05,0.04
2011.06.29 06:13:34.752,0.34117,0.34157,0.05,0.04
2011.06.29 06:13:59.591,0.3412,0.34157,0.05,0.04
2011.06.29 06:14:02.707,0.3412,0.3416,0.05,0.04
2011.06.29 06:14:05.781,0.34123,0.3416,0.03,0.04
2011.06.29 06:14:07.281,0.3412,0.3416,0.05,0.04
2011.06.29 06:14:07.503,0.34125,0.3416,0.05,0.04
2011.06.29 06:14:08.647,0.34126,0.34161,0.05,0.04
2011.06.29 06:14:09.861,0.34125,0.34165,0.05,0.04
2011.06.29 06:14:11.861,0.34125,0.34167,0.05,0.04
2011.06.29 06:14:18.772,0.34126,0.34164,0.05,0.04
2011.06.29 06:14:19.651,0.34126,0.34167,0.05,0.04
2011.06.29 06:14:20.652,0.34127,0.34167,0.05,0.04
2011.06.29 06:14:21.742,0.34127,0.34169,0.05,0.04
2011.06.29 06:14:22.981,0.34127,0.34169,0.05,0.04
2011.06.29 06:14:33.721,0.34126,0.34169,0.05,0.04
2011.06.29 06:14:34.687,0.34126,0.34166,0.05,0.04
2011.06.29 06:14:40.892,0.34127,0.34166,0.05,0.04
2011.06.29 06:14:48.656,0.34127,0.3417,0.05,0.04
2011.06.29 06:14:50.091,0.34127,0.3417,0.05,0.04
2011.06.29 06:14:50.655,0.34127,0.3417,0.05,0.04
2011.06.29 06:14:51.770,0.34127,0.34167,0.05,0.04
2011.06.29 06:14:52.270,0.3413,0.34167,0.05,0.04
2011.06.29 06:14:53.791,0.3413,0.34169,0.05,0.04
2011.06.29 06:14:54.926,0.3413,0.34166,0.05,0.04
2011.06.29 06:14:55.471,0.34128,0.34166,0.05,0.04
2011.06.29 06:15:00.692,0.34128,0.34166,0.05,0.04
2011.06.29 06:15:01.245,0.34134,0.34166,0.03,0.04
2011.06.29 06:15:01.753,0.34133,0.34172,0.05,0.04
2011.06.29 06:15:06.721,0.34133,0.34169,0.05,0.04
2011.06.29 06:15:07.743,0.34133,0.34171,0.05,0.04
2011.06.29 06:15:28.731,0.34133,0.34174,0.05,0.04
2011.06.29 06:15:29.159,0.34133,0.34174,0.05,0.04
2011.06.29 06:15:31.911,0.34135,0.34177,0.05,0.04
2011.06.29 06:15:34.111,0.34138,0.34177,0.05,0.04
2011.06.29 06:15:34.781,0.34138,0.3418,0.05,0.04
2011.06.29 06:15:36.024,0.34138,0.3418,0.05,0.04
2011.06.29 06:15:41.251,0.34139,0.3418,0.05,0.04
2011.06.29 06:15:41.361,0.34139,0.3418,0.05,0.04
2011.06.29 06:15:42.686,0.34139,0.34182,0.05,0.04
2011.06.29 06:15:50.983,0.34139,0.34182,0.04,0.04
2011.06.29 06:15:51.091,0.34133,0.34178,0.03,0.04
2011.06.29 06:15:51.762,0.34133,0.34171,0.03,0.04
2011.06.29 06:16:09.706,0.34132,0.3417,0.05,0.04
2011.06.29 06:16:45.342,0.34132,0.3417,0.05,0.04
2011.06.29 06:16:45.891,0.34124,0.3417,0.05,0.08
2011.06.29 06:16:46.111,0.34124,0.34166,0.05,0.04
2011.06.29 06:16:47.026,0.34124,0.34165,0.05,0.04
2011.06.29 06:16:47.351,0.34123,0.34165,0.05,0.04
2011.06.29 06:16:48.015,0.34123,0.34162,0.03,0.04
2011.06.29 06:17:17.451,0.34124,0.34162,0.03,0.04
2011.06.29 06:17:27.122,0.34118,0.34162,0.05,0.08
2011.06.29 06:17:27.231,0.34114,0.34153,0.03,0.04
2011.06.29 06:17:27.341,0.34114,0.34153,0.02,0.04
2011.06.29 06:17:27.561,0.34116,0.3416,0.04,0.05
2011.06.29 06:17:27.671,0.34116,0.3416,0.05,0.05
2011.06.29 06:17:27.891,0.34116,0.3416,0.05,0.05
2011.06.29 06:17:28.053,0.34116,0.34146,0.04,0.04
2011.06.29 06:17:29.111,0.34116,0.34154,0.05,0.04
2011.06.29 06:17:30.732,0.34116,0.34154,0.05,0.04
2011.06.29 06:17:31.426,0.34114,0.34154,0.03,0.04
2011.06.29 06:17:31.982,0.3412,0.34154,0.04,0.04
2011.06.29 06:17:32.312,0.34118,0.34161,0.05,0.08
2011.06.29 06:17:33.002,0.34118,0.34156,0.05,0.04
2011.06.29 06:17:34.341,0.34123,0.34156,0.06,0.04
2011.06.29 06:17:35.086,0.34123,0.34156,0.06,0.04
2011.06.29 06:17:35.191,0.34123,0.34159,0.06,0.04
2011.06.29 06:17:36.082,0.34123,0.34161,0.06,0.04
2011.06.29 06:17:40.602,0.34117,0.34161,0.05,0.04
2011.06.29 06:17:40.949,0.34117,0.34161,0.05,0.05
2011.06.29 06:17:41.062,0.34117,0.34159,0.05,0.04
2011.06.29 06:17:42.073,0.34115,0.34154,0.05,0.04
2011.06.29 06:17:44.521,0.34117,0.34154,0.05,0.04
2011.06.29 06:17:45.095,0.34117,0.34157,0.05,0.04
2011.06.29 06:17:47.821,0.34115,0.34157,0.05,0.04
2011.06.29 06:17:48.542,0.34115,0.34157,0.05,0.04
2011.06.29 06:17:49.151,0.34115,0.34154,0.05,0.04
2011.06.29 06:17:50.331,0.34118,0.34154,0.05,0.04
2011.06.29 06:17:51.095,0.34118,0.34156,0.05,0.04
2011.06.29 06:17:53.211,0.34124,0.34156,0.02,0.04
2011.06.29 06:17:53.867,0.34123,0.34156,0.03,0.04
2011.06.29 06:17:54.163,0.34123,0.34162,0.03,0.04
2011.06.29 06:18:05.913,0.34115,0.34161,0.06,0.04
2011.06.29 06:18:06.131,0.34115,0.34161,0.05,0.04
2011.06.29 06:18:07.046,0.34115,0.34156,0.05,0.04
2011.06.29 06:18:17.062,0.34115,0.34155,0.05,0.04
2011.06.29 06:18:31.882,0.34117,0.34155,0.05,0.04
2011.06.29 06:18:32.411,0.34117,0.34155,0.05,0.04
2011.06.29 06:18:37.832,0.34117,0.34155,0.05,0.04
2011.06.29 06:18:39.121,0.34117,0.34157,0.05,0.04
2011.06.29 06:18:41.672,0.34116,0.34157,0.05,0.04
2011.06.29 06:18:42.051,0.34116,0.34154,0.05,0.04
2011.06.29 06:18:47.386,0.34115,0.34154,0.04,0.04
2011.06.29 06:18:47.492,0.3411,0.34154,0.05,0.08
2011.06.29 06:18:48.171,0.3411,0.3415,0.05,0.04
2011.06.29 06:18:51.503,0.34104,0.3415,0.05,0.08
2011.06.29 06:18:52.043,0.34104,0.34145,0.05,0.04
2011.06.29 06:19:04.042,0.34114,0.34145,0.02,0.04
2011.06.29 06:19:04.372,0.34117,0.34155,0.04,0.08
2011.06.29 06:19:05.023,0.34115,0.34151,0.05,0.04
2011.06.29 06:19:07.332,0.34115,0.34151,0.05,0.04
2011.06.29 06:19:08.181,0.34116,0.34154,0.05,0.04
2011.06.29 06:19:25.003,0.34107,0.34153,0.05,0.04
2011.06.29 06:19:25.113,0.34104,0.3415,0.05,0.04
2011.06.29 06:19:25.223,0.34104,0.3415,0.05,0.04
2011.06.29 06:19:25.892,0.34114,0.34154,0.06,0.05
2011.06.29 06:19:26.223,0.34114,0.34145,0.05,0.04
2011.06.29 06:19:27.032,0.34114,0.34152,0.05,0.04
2011.06.29 06:19:27.613,0.34114,0.34152,0.05,0.04
2011.06.29 06:19:29.341,0.34114,0.34155,0.05,0.04
2011.06.29 06:19:34.732,0.34116,0.34155,0.05,0.04
2011.06.29 06:19:35.306,0.34113,0.34155,0.06,0.04
2011.06.29 06:19:36.091,0.34113,0.34152,0.06,0.04
2011.06.29 06:19:41.832,0.3412,0.34152,0.05,0.04
2011.06.29 06:19:42.162,0.34117,0.34162,0.05,0.08
2011.06.29 06:19:42.271,0.34117,0.34152,0.05,0.04
2011.06.29 06:19:43.312,0.34117,0.34157,0.05,0.04
2011.06.29 06:19:45.642,0.34115,0.34157,0.05,0.04
2011.06.29 06:19:45.862,0.34118,0.34157,0.05,0.04
2011.06.29 06:19:46.480,0.34118,0.34155,0.05,0.04
2011.06.29 06:19:47.052,0.34115,0.34155,0.05,0.04
2011.06.29 06:19:47.493,0.34118,0.34156,0.05,0.04
2011.06.29 06:19:49.071,0.34115,0.34156,0.05,0.04
2011.06.29 06:19:49.293,0.34113,0.34156,0.06,0.04
2011.06.29 06:19:50.023,0.34113,0.34149,0.06,0.04
2011.06.29 06:19:56.003,0.3412,0.34154,0.04,0.04
2011.06.29 06:19:56.436,0.34124,0.34159,0.02,0.08
2011.06.29 06:19:57.062,0.34124,0.34159,0.02,0.04
2011.06.29 06:20:00.711,0.34115,0.34159,0.05,0.04
2011.06.29 06:20:00.823,0.3412,0.34159,0.05,0.04
2011.06.29 06:20:01.112,0.34115,0.34159,0.05,0.04
2011.06.29 06:20:02.141,0.34115,0.34155,0.05,0.04
2011.06.29 06:20:20.142,0.34124,0.34155,0.02,0.04
2011.06.29 06:20:21.121,0.34124,0.34156,0.02,0.04
2011.06.29 06:20:28.522,0.34123,0.34156,0.02,0.04
2011.06.29 06:20:29.173,0.34123,0.3416,0.02,0.04
2011.06.29 06:20:32.942,0.34124,0.3416,0.02,0.04
2011.06.29 06:20:33.492,0.34123,0.3416,0.02,0.04
2011.06.29 06:20:33.602,0.34118,0.3416,0.05,0.04
2011.06.29 06:20:34.102,0.34115,0.34155,0.05,0.04
2011.06.29 06:20:37.131,0.34115,0.34155,0.05,0.04
2011.06.29 06:20:38.062,0.34113,0.34152,0.03,0.04
2011.06.29 06:20:39.942,0.34113,0.34152,0.02,0.08
2011.06.29 06:20:41.042,0.34113,0.34146,0.02,0.04
2011.06.29 06:20:41.624,0.34113,0.34146,0.03,0.04
2011.06.29 06:20:42.222,0.34113,0.34146,0.06,0.04
2011.06.29 06:20:43.011,0.34113,0.3415,0.03,0.04
2011.06.29 06:20:48.872,0.34114,0.3415,0.05,0.04
2011.06.29 06:20:49.420,0.34117,0.34159,0.05,0.04
2011.06.29 06:20:49.534,0.34117,0.3415,0.05,0.04
2011.06.29 06:20:50.270,0.34114,0.34155,0.08,0.04
2011.06.29 06:20:53.503,0.34114,0.34155,0.05,0.04
2011.06.29 06:20:54.122,0.34114,0.34151,0.05,0.04
2011.06.29 06:21:07.173,0.34114,0.3415,0.04,0.04
2011.06.29 06:21:11.516,0.34113,0.3415,0.05,0.04
2011.06.29 06:21:11.622,0.34113,0.3415,0.08,0.04
2011.06.29 06:21:27.223,0.34115,0.3415,0.05,0.04
2011.06.29 06:21:27.872,0.34113,0.3415,0.05,0.04
2011.06.29 06:21:28.475,0.34113,0.34151,0.05,0.04
2011.06.29 06:21:29.261,0.34113,0.3415,0.05,0.04
2011.06.29 06:21:38.602,0.34113,0.34154,0.05,0.04
2011.06.29 06:21:39.060,0.34116,0.34157,0.05,0.04
2011.06.29 06:21:40.050,0.34116,0.34155,0.05,0.04
2011.06.29 06:21:43.021,0.34116,0.34156,0.05,0.04
2011.06.29 06:21:46.281,0.34119,0.34156,0.05,0.04
2011.06.29 06:21:48.202,0.34119,0.34156,0.05,0.04
2011.06.29 06:21:48.422,0.34113,0.34156,0.05,0.04
2011.06.29 06:21:49.211,0.34113,0.34151,0.05,0.04
2011.06.29 06:21:53.871,0.34114,0.34151,0.05,0.04
2011.06.29 06:21:54.513,0.34114,0.34151,0.05,0.04
2011.06.29 06:21:55.010,0.34117,0.34154,0.05,0.04
2011.06.29 06:22:14.102,0.34117,0.34157,0.05,0.04
2011.06.29 06:22:18.671,0.34124,0.34157,0.02,0.04
2011.06.29 06:22:19.878,0.34117,0.34157,0.05,0.04
2011.06.29 06:22:26.756,0.34124,0.34157,0.02,0.04
2011.06.29 06:22:27.545,0.34117,0.34157,0.05,0.04
2011.06.29 06:22:32.891,0.34114,0.34157,0.08,0.04
2011.06.29 06:22:34.030,0.34114,0.34152,0.08,0.04
2011.06.29 06:22:39.121,0.34124,0.3416,0.06,0.04
2011.06.29 06:22:39.452,0.34122,0.34162,0.05,0.08
2011.06.29 06:22:40.081,0.34123,0.34161,0.03,0.04
2011.06.29 06:22:44.122,0.34123,0.34161,0.03,0.04
2011.06.29 06:22:44.342,0.34117,0.34161,0.05,0.04
2011.06.29 06:22:45.193,0.34115,0.34157,0.05,0.04
2011.06.29 06:22:48.542,0.3412,0.34157,0.05,0.04
2011.06.29 06:22:49.111,0.3412,0.3416,0.05,0.04
2011.06.29 06:22:50.772,0.34117,0.3416,0.05,0.04
2011.06.29 06:22:52.070,0.34116,0.34155,0.05,0.04
2011.06.29 06:22:52.433,0.34117,0.34155,0.05,0.04
2011.06.29 06:22:53.060,0.34117,0.34157,0.05,0.04
2011.06.29 06:22:58.003,0.34123,0.34157,0.02,0.04
2011.06.29 06:22:58.342,0.34123,0.34157,0.03,0.04
2011.06.29 06:22:59.075,0.34123,0.34162,0.03,0.04
2011.06.29 06:23:05.463,0.34118,0.34162,0.05,0.08
2011.06.29 06:23:05.683,0.34118,0.34162,0.05,0.08
2011.06.29 06:23:06.109,0.34118,0.34156,0.05,0.04
2011.06.29 06:23:06.518,0.34116,0.34156,0.05,0.04
2011.06.29 06:23:07.100,0.34116,0.34154,0.05,0.04
2011.06.29 06:23:09.603,0.34118,0.34154,0.05,0.04
2011.06.29 06:23:10.184,0.34118,0.34156,0.05,0.04
2011.06.29 06:23:11.521,0.34118,0.34156,0.05,0.04
2011.06.29 06:23:12.137,0.34115,0.34156,0.05,0.04
2011.06.29 06:23:12.243,0.34123,0.34155,0.02,0.04
2011.06.29 06:23:12.792,0.34117,0.34155,0.05,0.04
2011.06.29 06:23:13.478,0.34117,0.34156,0.05,0.04
2011.06.29 06:23:19.992,0.34115,0.34156,0.05,0.04
2011.06.29 06:23:21.153,0.34115,0.34155,0.05,0.04
2011.06.29 06:23:22.123,0.34118,0.34155,0.05,0.04
2011.06.29 06:23:22.662,0.34115,0.34155,0.05,0.04
2011.06.29 06:23:24.038,0.34115,0.34151,0.05,0.04
2011.06.29 06:23:28.192,0.34124,0.34154,0.02,0.04
2011.06.29 06:23:29.213,0.34124,0.34157,0.02,0.04
2011.06.29 06:23:29.322,0.34124,0.34157,0.03,0.04
2011.06.29 06:23:29.652,0.34124,0.34167,0.05,0.08
2011.06.29 06:23:30.378,0.34126,0.34165,0.05,0.04
2011.06.29 06:23:31.143,0.34128,0.34159,0.04,0.04
2011.06.29 06:23:32.132,0.34128,0.34164,0.05,0.04
2011.06.29 06:23:43.612,0.34129,0.34164,0.05,0.04
2011.06.29 06:23:44.504,0.34129,0.34166,0.05,0.04
2011.06.29 06:23:50.502,0.34128,0.34166,0.05,0.04
2011.06.29 06:23:51.066,0.34128,0.34165,0.05,0.04
2011.06.29 06:23:55.710,0.34129,0.34165,0.05,0.04
2011.06.29 06:23:56.390,0.34134,0.34165,0.02,0.04
2011.06.29 06:23:57.171,0.34134,0.34167,0.02,0.04
2011.06.29 06:23:58.797,0.34129,0.34167,0.05,0.04
2011.06.29 06:24:14.084,0.34134,0.34167,0.02,0.04
2011.06.29 06:24:15.065,0.34129,0.34167,0.05,0.04
2011.06.29 06:24:15.171,0.34129,0.34167,0.05,0.04
2011.06.29 06:24:15.844,0.34128,0.34167,0.05,0.04
2011.06.29 06:24:16.037,0.34128,0.34164,0.05,0.04
2011.06.29 06:24:22.332,0.34124,0.34164,0.02,0.04
2011.06.29 06:24:22.690,0.34124,0.34162,0.02,0.04
2011.06.29 06:24:22.910,0.34118,0.34162,0.05,0.04
2011.06.29 06:24:23.130,0.34118,0.34159,0.05,0.04
2011.06.29 06:24:24.176,0.34118,0.34157,0.05,0.04
2011.06.29 06:24:28.410,0.3412,0.34157,0.05,0.04
2011.06.29 06:24:38.650,0.3412,0.34157,0.05,0.04
2011.06.29 06:24:39.205,0.34118,0.34157,0.05,0.04
2011.06.29 06:24:39.971,0.34118,0.34157,0.05,0.04
2011.06.29 06:24:40.698,0.3412,0.34157,0.05,0.04
2011.06.29 06:24:41.701,0.34118,0.34157,0.05,0.04
2011.06.29 06:24:49.139,0.34121,0.34157,0.05,0.04
2011.06.29 06:24:55.521,0.34115,0.34157,0.05,0.04
2011.06.29 06:24:56.092,0.34115,0.34154,0.05,0.04
2011.06.29 06:24:59.130,0.34115,0.34154,0.05,0.04
2011.06.29 06:24:59.681,0.34119,0.34154,0.05,0.04
2011.06.29 06:25:00.017,0.34123,0.34154,0.03,0.04
2011.06.29 06:25:00.583,0.34123,0.34157,0.03,0.04
2011.06.29 06:25:02.026,0.34119,0.34159,0.05,0.04
2011.06.29 06:25:11.140,0.34123,0.34159,0.03,0.04
2011.06.29 06:25:11.602,0.34122,0.34156,0.04,0.04
2011.06.29 06:25:12.146,0.34122,0.3416,0.05,0.04
2011.06.29 06:25:24.571,0.34117,0.3416,0.05,0.04
2011.06.29 06:25:24.901,0.34114,0.34158,0.05,0.04
2011.06.29 06:25:25.240,0.34114,0.34155,0.05,0.04
2011.06.29 06:25:26.007,0.34114,0.34152,0.05,0.04
2011.06.29 06:25:26.490,0.34117,0.34152,0.05,0.04
2011.06.29 06:25:27.105,0.34117,0.34156,0.05,0.04
2011.06.29 06:25:30.400,0.34118,0.34156,0.05,0.04
2011.06.29 06:25:30.814,0.34118,0.34156,0.05,0.04
2011.06.29 06:25:30.934,0.34115,0.34156,0.05,0.04
2011.06.29 06:25:31.507,0.34115,0.34154,0.05,0.04
2011.06.29 06:25:35.490,0.34114,0.34154,0.05,0.04
2011.06.29 06:25:36.085,0.34114,0.34154,0.05,0.04
2011.06.29 06:25:36.191,0.34114,0.34152,0.05,0.04
2011.06.29 06:25:38.190,0.3412,0.34152,0.04,0.04
2011.06.29 06:25:38.520,0.34123,0.34159,0.03,0.04
2011.06.29 06:25:39.181,0.34123,0.34157,0.03,0.04
2011.06.29 06:25:39.841,0.34115,0.34157,0.05,0.04
2011.06.29 06:25:40.334,0.34118,0.34155,0.05,0.04
2011.06.29 06:25:41.380,0.34118,0.34155,0.05,0.04
2011.06.29 06:25:42.050,0.34118,0.34156,0.05,0.04
2011.06.29 06:25:42.381,0.34118,0.34156,0.05,0.04
2011.06.29 06:25:43.170,0.34117,0.34156,0.05,0.04
2011.06.29 06:25:43.930,0.3412,0.34156,0.05,0.04
2011.06.29 06:25:44.770,0.34117,0.34156,0.05,0.04
2011.06.29 06:25:46.151,0.34116,0.34154,0.05,0.04
2011.06.29 06:25:46.660,0.34117,0.34154,0.05,0.04
2011.06.29 06:25:47.105,0.34117,0.34156,0.05,0.04
2011.06.29 06:25:51.380,0.34115,0.34156,0.05,0.04
2011.06.29 06:25:52.080,0.34115,0.34154,0.05,0.04
2011.06.29 06:25:58.511,0.34117,0.34154,0.05,0.04
2011.06.29 06:25:59.170,0.34117,0.34157,0.05,0.04
2011.06.29 06:26:01.320,0.34113,0.34157,0.08,0.08
2011.06.29 06:26:02.171,0.34113,0.34152,0.08,0.04
2011.06.29 06:26:03.202,0.34116,0.34152,0.05,0.04
2011.06.29 06:26:04.291,0.34116,0.34155,0.05,0.04
2011.06.29 06:26:09.829,0.34116,0.34155,0.04,0.04
2011.06.29 06:26:10.645,0.34113,0.34155,0.05,0.08
2011.06.29 06:26:11.085,0.34113,0.3415,0.05,0.04
2011.06.29 06:26:18.551,0.34116,0.3415,0.04,0.04
2011.06.29 06:26:18.880,0.34118,0.34159,0.05,0.04
2011.06.29 06:26:19.284,0.34118,0.34154,0.05,0.04
2011.06.29 06:26:20.021,0.34116,0.34154,0.05,0.04
2011.06.29 06:26:20.164,0.34116,0.34157,0.05,0.04
2011.06.29 06:26:21.080,0.34116,0.34155,0.05,0.04
2011.06.29 06:26:23.294,0.34116,0.34155,0.05,0.04
2011.06.29 06:26:24.101,0.34118,0.34155,0.05,0.04
2011.06.29 06:26:24.663,0.34115,0.34156,0.05,0.04
2011.06.29 06:26:25.160,0.34115,0.34154,0.05,0.04
2011.06.29 06:26:29.800,0.34117,0.34154,0.05,0.04
2011.06.29 06:26:31.100,0.34117,0.34157,0.05,0.04
2011.06.29 06:26:35.851,0.34116,0.34157,0.05,0.04
2011.06.29 06:26:37.201,0.34116,0.34155,0.05,0.04
2011.06.29 06:26:42.488,0.34116,0.34155,0.05,0.04
2011.06.29 06:26:44.034,0.34117,0.34156,0.05,0.04
2011.06.29 06:26:44.791,0.34114,0.34156,0.05,0.04
2011.06.29 06:26:46.014,0.34114,0.34151,0.05,0.04
2011.06.29 06:26:46.691,0.34118,0.34151,0.05,0.04
2011.06.29 06:26:47.260,0.34118,0.34156,0.05,0.04
2011.06.29 06:26:48.370,0.34118,0.34156,0.05,0.04
2011.06.29 06:26:49.094,0.34115,0.34154,0.05,0.04
2011.06.29 06:26:52.021,0.34117,0.34154,0.05,0.04
2011.06.29 06:26:52.584,0.34116,0.34154,0.05,0.04
2011.06.29 06:26:55.392,0.34117,0.34154,0.05,0.04
2011.06.29 06:26:56.303,0.34117,0.34156,0.05,0.04
2011.06.29 06:27:02.678,0.34117,0.34156,0.05,0.04
2011.06.29 06:27:04.500,0.34117,0.34156,0.05,0.04
2011.06.29 06:27:05.137,0.34116,0.34156,0.05,0.04
2011.06.29 06:27:10.718,0.34118,0.34156,0.05,0.04
2011.06.29 06:27:15.340,0.34117,0.34156,0.05,0.04
2011.06.29 06:27:15.560,0.34117,0.34156,0.05,0.04
2011.06.29 06:27:16.160,0.34115,0.34154,0.05,0.04
2011.06.29 06:27:18.570,0.34118,0.34154,0.05,0.04
2011.06.29 06:27:19.253,0.34118,0.34156,0.05,0.04
2011.06.29 06:27:24.030,0.34116,0.34156,0.05,0.04
2011.06.29 06:27:24.251,0.34117,0.34156,0.05,0.04
2011.06.29 06:27:26.900,0.3412,0.34156,0.05,0.04
2011.06.29 06:27:27.710,0.34116,0.34156,0.05,0.04
2011.06.29 06:27:29.101,0.34116,0.34155,0.05,0.04
2011.06.29 06:27:29.880,0.34119,0.34155,0.05,0.04
2011.06.29 06:27:31.101,0.34119,0.34157,0.05,0.04
2011.06.29 06:27:33.671,0.34122,0.34157,0.05,0.04
2011.06.29 06:27:35.140,0.34122,0.34159,0.05,0.04
2011.06.29 06:27:36.050,0.3412,0.34159,0.05,0.04
2011.06.29 06:27:39.052,0.3412,0.34156,0.05,0.04
2011.06.29 06:27:41.553,0.34133,0.34164,0.03,0.04
2011.06.29 06:27:42.134,0.34133,0.34166,0.03,0.04
2011.06.29 06:27:43.321,0.34134,0.34166,0.02,0.04
2011.06.29 06:27:44.376,0.34134,0.34166,0.03,0.04
2011.06.29 06:27:45.141,0.34134,0.3417,0.03,0.04
2011.06.29 06:27:54.040,0.34135,0.3417,0.05,0.04
2011.06.29 06:27:54.261,0.34132,0.3417,0.05,0.04
2011.06.29 06:27:55.722,0.34132,0.3417,0.05,0.04
2011.06.29 06:27:55.941,0.34127,0.3417,0.05,0.05
2011.06.29 06:27:56.491,0.34125,0.34169,0.05,0.04
2011.06.29 06:27:57.181,0.34125,0.34162,0.05,0.04
2011.06.29 06:27:58.082,0.34125,0.34164,0.05,0.04
2011.06.29 06:28:00.582,0.34125,0.34164,0.05,0.04
2011.06.29 06:28:00.911,0.3413,0.34164,0.05,0.04
2011.06.29 06:28:01.071,0.3413,0.34166,0.05,0.04
2011.06.29 06:28:07.563,0.34127,0.34166,0.05,0.04
2011.06.29 06:28:17.820,0.3412,0.34166,0.05,0.10
2011.06.29 06:28:17.930,0.34117,0.34163,0.05,0.04
2011.06.29 06:28:18.041,0.34117,0.34163,0.05,0.04
2011.06.29 06:28:19.140,0.34117,0.3416,0.05,0.04
2011.06.29 06:28:23.891,0.34124,0.3416,0.02,0.04
2011.06.29 06:28:24.220,0.34124,0.3416,0.03,0.04
2011.06.29 06:28:24.560,0.34128,0.34169,0.05,0.04
2011.06.29 06:28:25.103,0.34128,0.34167,0.05,0.04
2011.06.29 06:28:27.340,0.34128,0.34167,0.05,0.04
2011.06.29 06:28:30.390,0.3412,0.34166,0.05,0.04
2011.06.29 06:28:31.180,0.3412,0.34162,0.05,0.04
2011.06.29 06:28:32.470,0.34124,0.34162,0.05,0.04
2011.06.29 06:28:33.136,0.34124,0.34162,0.05,0.04
2011.06.29 06:28:35.261,0.34124,0.34164,0.05,0.04
2011.06.29 06:28:36.102,0.34124,0.34162,0.05,0.04
2011.06.29 06:28:37.281,0.3413,0.34162,0.04,0.04
2011.06.29 06:28:37.611,0.34134,0.34172,0.05,0.08
2011.06.29 06:28:38.171,0.34127,0.34169,0.05,0.04
2011.06.29 06:28:38.562,0.34138,0.34169,0.04,0.04
2011.06.29 06:28:38.891,0.34135,0.34179,0.05,0.12
2011.06.29 06:28:39.181,0.34135,0.34175,0.05,0.04
2011.06.29 06:28:39.291,0.3413,0.34175,0.05,0.04
2011.06.29 06:28:40.072,0.3413,0.34169,0.05,0.04
2011.06.29 06:28:44.023,0.3413,0.34167,0.05,0.04
2011.06.29 06:28:52.268,0.3413,0.34167,0.05,0.04
2011.06.29 06:28:52.871,0.34135,0.34167,0.05,0.04
2011.06.29 06:28:53.210,0.34135,0.34169,0.05,0.04
2011.06.29 06:28:53.791,0.34138,0.34179,0.05,0.08
2011.06.29 06:28:54.093,0.34138,0.34175,0.05,0.04
2011.06.29 06:28:56.081,0.34139,0.34175,0.05,0.04
2011.06.29 06:28:57.113,0.34139,0.34176,0.05,0.04
2011.06.29 06:29:07.521,0.34135,0.34176,0.05,0.04
2011.06.29 06:29:07.741,0.34135,0.34176,0.05,0.04
2011.06.29 06:29:08.436,0.34135,0.34175,0.05,0.04
2011.06.29 06:29:09.831,0.34137,0.34175,0.05,0.04
2011.06.29 06:29:17.880,0.34134,0.34175,0.06,0.04
2011.06.29 06:29:18.593,0.34134,0.34175,0.06,0.04
2011.06.29 06:29:19.110,0.34135,0.3417,0.05,0.04
2011.06.29 06:29:19.970,0.3413,0.3417,0.05,0.04
2011.06.29 06:29:26.133,0.34137,0.34179,0.05,0.04
2011.06.29 06:29:27.170,0.34137,0.34175,0.05,0.04
2011.06.29 06:29:31.001,0.34134,0.34175,0.05,0.04
2011.06.29 06:29:31.957,0.34134,0.34175,0.05,0.04
2011.06.29 06:29:33.525,0.34136,0.34175,0.05,0.04
2011.06.29 06:29:33.632,0.34131,0.34175,0.05,0.08
2011.06.29 06:29:34.193,0.34131,0.34167,0.05,0.04
2011.06.29 06:29:54.191,0.34115,0.34155,0.05,0.04
2011.06.29 06:29:54.741,0.34114,0.34155,0.05,0.04
2011.06.29 06:29:55.130,0.34114,0.3415,0.05,0.04
2011.06.29 06:29:55.461,0.3412,0.3416,0.05,0.08
2011.06.29 06:29:55.791,0.34123,0.3416,0.05,0.08
2011.06.29 06:29:56.011,0.34123,0.3416,0.05,0.04
2011.06.29 06:30:03.082,0.34123,0.34156,0.05,0.04
2011.06.29 06:30:03.618,0.34123,0.34164,0.05,0.04
2011.06.29 06:30:05.161,0.34125,0.34159,0.05,0.04
2011.06.29 06:30:08.112,0.3413,0.34165,0.05,0.04
2011.06.29 06:30:09.271,0.3413,0.34161,0.04,0.04
2011.06.29 06:30:10.051,0.34134,0.34166,0.05,0.04
2011.06.29 06:30:11.083,0.34134,0.34164,0.04,0.04
2011.06.29 06:30:13.531,0.34131,0.34164,0.05,0.04
2011.06.29 06:30:14.231,0.34131,0.34161,0.04,0.04
2011.06.29 06:30:18.034,0.34133,0.34166,0.05,0.04
2011.06.29 06:30:19.112,0.34133,0.34164,0.04,0.04
2011.06.29 06:30:20.100,0.34133,0.34167,0.05,0.04
2011.06.29 06:30:21.251,0.34133,0.34167,0.05,0.04
2011.06.29 06:30:24.212,0.34132,0.34165,0.04,0.04
2011.06.29 06:30:25.052,0.34132,0.34166,0.04,0.04
2011.06.29 06:30:27.141,0.34132,0.34164,0.04,0.04
2011.06.29 06:30:33.299,0.34138,0.34169,0.04,0.04
2011.06.29 06:30:33.631,0.34138,0.34171,0.05,0.04
2011.06.29 06:30:34.122,0.34138,0.34169,0.04,0.04
2011.06.29 06:30:35.020,0.34138,0.34169,0.04,0.04
2011.06.29 06:30:35.132,0.34126,0.34169,0.03,0.04
2011.06.29 06:30:35.425,0.34124,0.34169,0.05,0.04
2011.06.29 06:30:35.642,0.3413,0.34169,0.04,0.04
2011.06.29 06:30:36.191,0.3413,0.34161,0.04,0.04
2011.06.29 06:30:40.221,0.3412,0.34159,0.02,0.04
2011.06.29 06:30:55.671,0.34125,0.34159,0.05,0.04
2011.06.29 06:30:56.520,0.34125,0.34157,0.04,0.04
2011.06.29 06:30:57.133,0.34131,0.34167,0.04,0.08
2011.06.29 06:30:58.513,0.34129,0.34159,0.04,0.04
2011.06.29 06:31:01.641,0.34131,0.34161,0.04,0.04
2011.06.29 06:31:02.461,0.34129,0.3416,0.05,0.04
2011.06.29 06:31:04.521,0.34131,0.34161,0.04,0.04
2011.06.29 06:31:05.510,0.34129,0.3416,0.05,0.04
2011.06.29 06:31:06.602,0.34132,0.34169,0.05,0.04
2011.06.29 06:31:07.168,0.34132,0.34169,0.05,0.04
2011.06.29 06:31:07.612,0.34132,0.34165,0.05,0.04
2011.06.29 06:31:11.712,0.34132,0.3417,0.05,0.04
2011.06.29 06:31:11.931,0.34135,0.34165,0.04,0.04
2011.06.29 06:31:12.041,0.3413,0.34165,0.05,0.04
2011.06.29 06:31:13.539,0.3413,0.34161,0.04,0.04
2011.06.29 06:31:15.521,0.3413,0.34165,0.05,0.04
2011.06.29 06:31:17.500,0.3413,0.34161,0.04,0.04
2011.06.29 06:31:37.720,0.3413,0.34164,0.05,0.04
2011.06.29 06:31:50.703,0.34127,0.34161,0.05,0.04
2011.06.29 06:31:51.601,0.34127,0.34165,0.05,0.04
2011.06.29 06:31:56.551,0.3413,0.34165,0.05,0.04
2011.06.29 06:32:07.772,0.34128,0.34165,0.05,0.04
2011.06.29 06:32:08.661,0.34128,0.34166,0.05,0.04
2011.06.29 06:32:13.342,0.34131,0.34166,0.05,0.04
2011.06.29 06:32:19.811,0.34127,0.34166,0.05,0.04
2011.06.29 06:32:23.612,0.34127,0.34165,0.05,0.04
2011.06.29 06:32:35.087,0.34127,0.34165,0.05,0.04
2011.06.29 06:32:36.641,0.34124,0.34162,0.06,0.04
2011.06.29 06:32:37.207,0.34127,0.34162,0.05,0.04
2011.06.29 06:32:37.788,0.34127,0.34164,0.05,0.04
2011.06.29 06:32:39.832,0.3413,0.34164,0.05,0.04
2011.06.29 06:32:40.711,0.3413,0.34166,0.05,0.04
2011.06.29 06:32:53.752,0.3413,0.34164,0.05,0.04
2011.06.29 06:33:08.426,0.34153,0.34184,0.02,0.05
2011.06.29 06:33:09.712,0.34147,0.34177,0.02,0.04
2011.06.29 06:33:10.842,0.34144,0.34177,0.04,0.04
2011.06.29 06:33:11.195,0.34144,0.34177,0.04,0.04
2011.06.29 06:33:11.303,0.34135,0.34177,0.05,0.04
2011.06.29 06:33:11.522,0.34135,0.34177,0.05,0.04
2011.06.29 06:33:11.852,0.34134,0.3417,0.05,0.04
2011.06.29 06:33:12.648,0.34134,0.34166,0.05,0.04
2011.06.29 06:33:13.071,0.3413,0.34166,0.05,0.04
2011.06.29 06:33:14.131,0.34135,0.34166,0.05,0.04
2011.06.29 06:33:15.911,0.3413,0.34166,0.05,0.04
2011.06.29 06:33:27.701,0.3412,0.34166,0.05,0.08
2011.06.29 06:33:27.811,0.34124,0.34162,0.02,0.04
2011.06.29 06:33:28.181,0.34124,0.34166,0.02,0.08
2011.06.29 06:33:28.401,0.34124,0.34166,0.03,0.04
2011.06.29 06:33:28.805,0.34124,0.34159,0.03,0.04
2011.06.29 06:33:34.582,0.34125,0.34159,0.05,0.04
2011.06.29 06:33:35.637,0.34125,0.34166,0.05,0.04
2011.06.29 06:33:36.641,0.34128,0.34166,0.05,0.04
2011.06.29 06:33:36.986,0.3413,0.34166,0.05,0.04
2011.06.29 06:33:37.371,0.34133,0.34174,0.05,0.04
2011.06.29 06:33:37.731,0.34133,0.34169,0.05,0.04
2011.06.29 06:33:42.567,0.34133,0.34172,0.05,0.04
2011.06.29 06:33:46.232,0.34128,0.34172,0.05,0.08
2011.06.29 06:33:46.342,0.34124,0.3417,0.06,0.04
2011.06.29 06:33:46.451,0.34124,0.3417,0.06,0.04
2011.06.29 06:33:46.751,0.34124,0.34166,0.06,0.04
2011.06.29 06:33:47.822,0.34134,0.34166,0.03,0.04
2011.06.29 06:33:48.211,0.34134,0.34174,0.03,0.04
2011.06.29 06:33:48.618,0.34134,0.34172,0.03,0.04
2011.06.29 06:33:53.557,0.34133,0.3417,0.06,0.04
2011.06.29 06:34:11.882,0.3413,0.3417,0.05,0.04
2011.06.29 06:34:18.441,0.3413,0.3417,0.05,0.04
2011.06.29 06:34:19.027,0.34133,0.3417,0.06,0.04
2011.06.29 06:34:19.757,0.34135,0.3417,0.05,0.04
2011.06.29 06:34:21.191,0.34135,0.3417,0.05,0.04
2011.06.29 06:34:21.607,0.34132,0.34172,0.05,0.04
2011.06.29 06:34:23.092,0.34132,0.34172,0.05,0.04
2011.06.29 06:34:29.421,0.3413,0.34172,0.05,0.04
2011.06.29 06:34:29.642,0.34128,0.34172,0.05,0.08
2011.06.29 06:34:29.751,0.34128,0.3417,0.05,0.04
2011.06.29 06:34:55.566,0.34128,0.34166,0.05,0.04
2011.06.29 06:34:56.512,0.34133,0.34166,0.05,0.04
2011.06.29 06:34:57.081,0.34131,0.34166,0.05,0.04
2011.06.29 06:34:57.412,0.34133,0.34166,0.05,0.04
2011.06.29 06:35:00.511,0.34128,0.34166,0.05,0.04
2011.06.29 06:35:00.732,0.34128,0.34166,0.05,0.04
2011.06.29 06:35:02.282,0.34124,0.34166,0.05,0.04
2011.06.29 06:35:11.138,0.34124,0.34166,0.05,0.04
2011.06.29 06:35:11.497,0.34133,0.34169,0.03,0.04
2011.06.29 06:35:33.512,0.34132,0.34166,0.05,0.04
2011.06.29 06:35:34.631,0.34132,0.3417,0.05,0.04
2011.06.29 06:35:41.624,0.34132,0.34167,0.05,0.04
2011.06.29 06:35:44.042,0.34129,0.34167,0.05,0.04
2011.06.29 06:35:55.986,0.34127,0.34167,0.05,0.06
2011.06.29 06:35:56.091,0.34127,0.34167,0.05,0.06
2011.06.29 06:35:56.312,0.34127,0.34167,0.05,0.04
2011.06.29 06:36:07.632,0.34129,0.34167,0.05,0.04
2011.06.29 06:36:16.173,0.34129,0.34167,0.05,0.04
2011.06.29 06:36:16.503,0.34138,0.34174,0.05,0.04
2011.06.29 06:36:16.893,0.34138,0.34169,0.04,0.04
2011.06.29 06:36:17.661,0.34133,0.34169,0.03,0.04
2011.06.29 06:36:17.882,0.34132,0.34169,0.05,0.04
2011.06.29 06:36:23.041,0.3413,0.34169,0.05,0.04
2011.06.29 06:36:26.141,0.34132,0.34169,0.05,0.04
2011.06.29 06:36:27.073,0.34132,0.34169,0.05,0.04
2011.06.29 06:36:30.326,0.34129,0.34169,0.05,0.04
2011.06.29 06:36:38.862,0.3413,0.34169,0.05,0.04
2011.06.29 06:36:39.545,0.3413,0.34167,0.05,0.04
2011.06.29 06:36:45.152,0.34133,0.34167,0.05,0.04
2011.06.29 06:36:55.141,0.3413,0.34167,0.05,0.04
2011.06.29 06:36:56.120,0.34128,0.34167,0.05,0.04
2011.06.29 06:37:02.621,0.34133,0.34167,0.05,0.04
2011.06.29 06:37:03.426,0.34133,0.34167,0.05,0.04
2011.06.29 06:37:13.765,0.34133,0.34167,0.05,0.04
2011.06.29 06:37:20.441,0.34128,0.34167,0.05,0.04
2011.06.29 06:37:22.802,0.3413,0.34167,0.05,0.04
2011.06.29 06:37:25.674,0.3413,0.3417,0.05,0.04
2011.06.29 06:37:29.753,0.34125,0.34169,0.05,0.04
2011.06.29 06:37:30.751,0.34125,0.34167,0.05,0.04
2011.06.29 06:37:33.873,0.34125,0.34167,0.05,0.04
2011.06.29 06:37:34.583,0.34128,0.34169,0.05,0.04
2011.06.29 06:37:37.532,0.34129,0.34169,0.05,0.04
2011.06.29 06:37:38.101,0.34128,0.34169,0.05,0.04
2011.06.29 06:37:44.582,0.34132,0.34169,0.05,0.04
2011.06.29 06:37:45.276,0.34132,0.34169,0.05,0.04
2011.06.29 06:37:51.842,0.3413,0.34169,0.05,0.04
2011.06.29 06:37:56.352,0.34127,0.34169,0.05,0.04
2011.06.29 06:37:57.752,0.34133,0.34169,0.05,0.04
2011.06.29 06:37:58.546,0.34133,0.34169,0.05,0.04
2011.06.29 06:38:09.113,0.34135,0.34169,0.05,0.04
2011.06.29 06:38:18.626,0.34135,0.34174,0.05,0.04
2011.06.29 06:38:19.178,0.34143,0.34174,0.03,0.04
2011.06.29 06:38:19.552,0.34145,0.34179,0.05,0.08
2011.06.29 06:38:19.662,0.3414,0.34171,0.03,0.04
2011.06.29 06:38:20.623,0.34145,0.34177,0.05,0.04
2011.06.29 06:38:21.171,0.34144,0.34179,0.05,0.04
2011.06.29 06:38:21.313,0.3415,0.34181,0.04,0.04
2011.06.29 06:38:21.690,0.34154,0.34185,0.02,0.04
2011.06.29 06:38:21.796,0.34144,0.3418,0.03,0.04
2011.06.29 06:38:21.903,0.34137,0.3418,0.05,0.04
2011.06.29 06:38:22.234,0.34137,0.3418,0.05,0.04
2011.06.29 06:38:22.622,0.34145,0.34186,0.03,0.08
2011.06.29 06:38:22.993,0.34143,0.34174,0.03,0.04
2011.06.29 06:38:23.446,0.34147,0.34187,0.03,0.02
2011.06.29 06:38:28.682,0.34148,0.34188,0.03,0.08
2011.06.29 06:38:28.901,0.34142,0.3418,0.05,0.04
2011.06.29 06:38:29.583,0.34142,0.34176,0.05,0.04
2011.06.29 06:38:44.171,0.34143,0.34179,0.06,0.04
2011.06.29 06:38:45.713,0.34143,0.34179,0.06,0.04
2011.06.29 06:38:49.902,0.34139,0.34176,0.05,0.04
2011.06.29 06:38:50.692,0.34139,0.3418,0.05,0.04
2011.06.29 06:38:51.446,0.34139,0.3418,0.05,0.04
2011.06.29 06:38:59.252,0.34138,0.3418,0.05,0.04
2011.06.29 06:39:00.595,0.34138,0.34177,0.05,0.04
2011.06.29 06:39:01.564,0.34138,0.34177,0.05,0.04
2011.06.29 06:39:01.784,0.34133,0.34177,0.03,0.04
2011.06.29 06:39:02.663,0.34132,0.34172,0.05,0.04
2011.06.29 06:39:04.819,0.3413,0.34172,0.05,0.04
2011.06.29 06:39:05.909,0.3413,0.34169,0.05,0.04
2011.06.29 06:39:08.443,0.34132,0.34169,0.05,0.04
2011.06.29 06:39:09.613,0.34132,0.34171,0.05,0.04
2011.06.29 06:39:45.813,0.34129,0.34171,0.05,0.04
2011.06.29 06:39:53.151,0.34133,0.3417,0.05,0.04
2011.06.29 06:39:53.712,0.34133,0.34171,0.05,0.04
2011.06.29 06:40:01.352,0.34133,0.34171,0.06,0.04
2011.06.29 06:40:01.574,0.34128,0.34171,0.05,0.04
2011.06.29 06:40:02.694,0.34128,0.3417,0.05,0.04
2011.06.29 06:40:05.962,0.34132,0.3417,0.05,0.04
2011.06.29 06:40:06.692,0.34132,0.34172,0.05,0.04
2011.06.29 06:40:07.551,0.34128,0.34172,0.05,0.08
2011.06.29 06:40:08.642,0.34128,0.34169,0.05,0.04
2011.06.29 06:40:09.033,0.3413,0.34169,0.05,0.04
2011.06.29 06:40:09.723,0.34133,0.34169,0.05,0.04
2011.06.29 06:40:09.833,0.34133,0.34172,0.05,0.04
2011.06.29 06:40:12.531,0.34127,0.34172,0.05,0.04
2011.06.29 06:40:13.042,0.34127,0.34172,0.05,0.04
2011.06.29 06:40:13.593,0.34127,0.3417,0.05,0.04
2011.06.29 06:40:14.142,0.34129,0.3417,0.05,0.04
2011.06.29 06:40:14.582,0.34133,0.34172,0.05,0.04
2011.06.29 06:40:17.042,0.34127,0.34172,0.05,0.04
2011.06.29 06:40:17.661,0.34127,0.34169,0.05,0.04
2011.06.29 06:40:22.366,0.34127,0.34169,0.05,0.04
2011.06.29 06:40:23.691,0.3413,0.34171,0.05,0.04
2011.06.29 06:40:24.022,0.34127,0.34171,0.05,0.04
2011.06.29 06:40:24.671,0.34127,0.34169,0.05,0.04
2011.06.29 06:40:28.686,0.34127,0.34169,0.05,0.04
2011.06.29 06:40:29.013,0.34127,0.34169,0.05,0.04
2011.06.29 06:40:31.612,0.34133,0.34169,0.02,0.04
2011.06.29 06:40:32.176,0.34133,0.34169,0.03,0.04
2011.06.29 06:40:32.758,0.34133,0.34171,0.03,0.04
2011.06.29 06:40:34.073,0.34135,0.34171,0.05,0.04
2011.06.29 06:40:34.652,0.34135,0.34174,0.05,0.04
2011.06.29 06:40:36.093,0.34128,0.34172,0.05,0.04
2011.06.29 06:40:36.661,0.34128,0.3417,0.05,0.04
2011.06.29 06:40:41.696,0.34128,0.3417,0.05,0.04
2011.06.29 06:40:42.672,0.34124,0.34166,0.05,0.04
2011.06.29 06:40:51.835,0.3413,0.34166,0.05,0.04
2011.06.29 06:40:52.468,0.34128,0.34166,0.05,0.04
2011.06.29 06:40:52.685,0.34128,0.3417,0.05,0.04
2011.06.29 06:41:15.265,0.34124,0.3417,0.05,0.08
2011.06.29 06:41:15.375,0.34124,0.3417,0.05,0.08
2011.06.29 06:41:15.715,0.34124,0.34166,0.05,0.04
2011.06.29 06:41:18.447,0.34135,0.34166,0.04,0.04
2011.06.29 06:41:18.855,0.34135,0.34176,0.05,0.08
2011.06.29 06:41:19.675,0.34135,0.34174,0.05,0.04
2011.06.29 06:41:19.818,0.34135,0.34174,0.05,0.04
2011.06.29 06:41:20.554,0.34132,0.34171,0.05,0.04
2011.06.29 06:41:27.736,0.3413,0.34171,0.05,0.04
2011.06.29 06:41:28.285,0.34128,0.34171,0.05,0.04
2011.06.29 06:41:28.616,0.34128,0.34169,0.05,0.04
2011.06.29 06:41:29.086,0.3413,0.34169,0.05,0.04
2011.06.29 06:41:30.690,0.34128,0.34172,0.05,0.08
2011.06.29 06:41:31.465,0.34133,0.34172,0.06,0.04
2011.06.29 06:41:31.576,0.34134,0.3417,0.03,0.04
2011.06.29 06:41:32.655,0.34134,0.34172,0.03,0.04
2011.06.29 06:41:33.385,0.34134,0.34172,0.02,0.04
2011.06.29 06:41:33.495,0.34128,0.34172,0.05,0.08
2011.06.29 06:41:34.697,0.34128,0.34169,0.05,0.04
2011.06.29 06:41:35.955,0.3413,0.34169,0.05,0.04
2011.06.29 06:41:36.614,0.3413,0.34171,0.05,0.04
2011.06.29 06:41:37.184,0.34127,0.34171,0.05,0.04
2011.06.29 06:41:37.604,0.34127,0.34169,0.05,0.04
2011.06.29 06:41:46.485,0.34131,0.34169,0.05,0.04
2011.06.29 06:41:47.614,0.34131,0.34172,0.05,0.04
2011.06.29 06:41:48.275,0.34128,0.34172,0.05,0.08
2011.06.29 06:41:48.604,0.34128,0.3417,0.05,0.04
2011.06.29 06:41:51.255,0.34129,0.3417,0.05,0.04
2011.06.29 06:41:52.564,0.34131,0.34172,0.05,0.04
2011.06.29 06:41:53.996,0.34128,0.34172,0.05,0.08
2011.06.29 06:41:54.626,0.34128,0.34169,0.05,0.04
2011.06.29 06:41:55.153,0.34131,0.34169,0.05,0.04
2011.06.29 06:41:59.055,0.34128,0.34169,0.05,0.04
2011.06.29 06:42:23.496,0.34128,0.34169,0.05,0.04
2011.06.29 06:42:29.617,0.34134,0.34171,0.03,0.04
2011.06.29 06:42:33.409,0.34135,0.34171,0.05,0.04
2011.06.29 06:42:34.501,0.34143,0.34179,0.02,0.04
2011.06.29 06:42:34.717,0.34143,0.34174,0.03,0.04
2011.06.29 06:42:35.499,0.34143,0.34174,0.03,0.04
2011.06.29 06:42:35.622,0.34143,0.34177,0.03,0.04
2011.06.29 06:42:39.635,0.34143,0.34179,0.03,0.04
2011.06.29 06:42:50.125,0.34143,0.34179,0.06,0.04
2011.06.29 06:42:50.565,0.34149,0.34179,0.04,0.04
2011.06.29 06:42:50.786,0.34145,0.34182,0.05,0.04
2011.06.29 06:42:51.575,0.34145,0.34185,0.05,0.04
2011.06.29 06:42:54.003,0.34147,0.34185,0.05,0.04
2011.06.29 06:42:54.656,0.34147,0.34186,0.05,0.04
2011.06.29 06:42:59.026,0.34145,0.34186,0.05,0.04
2011.06.29 06:42:59.576,0.34143,0.34186,0.03,0.04
2011.06.29 06:43:00.143,0.34143,0.34185,0.03,0.04
2011.06.29 06:43:00.576,0.34143,0.34182,0.03,0.04
2011.06.29 06:43:01.738,0.34143,0.34182,0.03,0.04
2011.06.29 06:43:02.666,0.34148,0.34187,0.05,0.04
2011.06.29 06:43:05.236,0.34145,0.34187,0.05,0.04
2011.06.29 06:43:06.616,0.34145,0.34184,0.05,0.04
2011.06.29 06:43:06.945,0.34149,0.34184,0.05,0.04
2011.06.29 06:43:07.705,0.34149,0.34187,0.05,0.04
2011.06.29 06:43:09.281,0.34149,0.34187,0.05,0.04
2011.06.29 06:43:09.582,0.34148,0.34184,0.05,0.04
2011.06.29 06:43:19.703,0.3415,0.34186,0.05,0.04
2011.06.29 06:43:27.886,0.34142,0.34179,0.02,0.04
2011.06.29 06:43:28.106,0.34135,0.34179,0.05,0.04
2011.06.29 06:43:28.538,0.34142,0.34186,0.05,0.04
2011.06.29 06:43:28.866,0.34142,0.34175,0.04,0.04
2011.06.29 06:43:29.604,0.34142,0.34182,0.05,0.04
2011.06.29 06:43:29.946,0.34145,0.34182,0.05,0.04
2011.06.29 06:43:37.536,0.34139,0.34182,0.05,0.04
2011.06.29 06:43:38.211,0.34137,0.34182,0.05,0.04
2011.06.29 06:43:38.679,0.34137,0.34177,0.05,0.04
2011.06.29 06:43:44.396,0.34139,0.34177,0.05,0.04
2011.06.29 06:43:45.646,0.34139,0.3418,0.05,0.04
2011.06.29 06:43:50.657,0.34139,0.3418,0.05,0.04
2011.06.29 06:43:51.716,0.3414,0.34177,0.05,0.04
2011.06.29 06:43:52.987,0.3414,0.34177,0.05,0.04
2011.06.29 06:43:53.672,0.3414,0.3418,0.05,0.04
2011.06.29 06:44:08.027,0.34142,0.3418,0.05,0.04
2011.06.29 06:44:08.677,0.34148,0.3418,0.05,0.04
2011.06.29 06:44:08.787,0.34148,0.34182,0.05,0.04
2011.06.29 06:44:09.006,0.34148,0.34182,0.05,0.04
2011.06.29 06:44:09.226,0.34142,0.34182,0.05,0.04
2011.06.29 06:44:19.556,0.34145,0.34182,0.05,0.04
2011.06.29 06:44:20.969,0.34145,0.34185,0.05,0.04
2011.06.29 06:44:21.625,0.34142,0.34181,0.05,0.04
2011.06.29 06:44:22.626,0.34142,0.34185,0.05,0.04
2011.06.29 06:44:23.726,0.34145,0.34185,0.05,0.04
2011.06.29 06:44:24.565,0.34148,0.34185,0.05,0.04
2011.06.29 06:44:32.427,0.3415,0.34185,0.05,0.04
2011.06.29 06:44:33.266,0.34148,0.34185,0.05,0.04
2011.06.29 06:44:33.596,0.34149,0.34185,0.05,0.04
2011.06.29 06:44:34.945,0.34149,0.34187,0.05,0.04
2011.06.29 06:44:36.276,0.34148,0.34187,0.05,0.04
2011.06.29 06:44:36.607,0.34144,0.34187,0.07,0.04
2011.06.29 06:44:36.879,0.34144,0.34185,0.07,0.04
2011.06.29 06:44:39.776,0.34148,0.34185,0.05,0.04
2011.06.29 06:44:44.606,0.34144,0.34185,0.05,0.04
2011.06.29 06:44:46.916,0.34148,0.34185,0.05,0.04
2011.06.29 06:44:47.597,0.34148,0.34185,0.05,0.04
2011.06.29 06:44:47.815,0.34144,0.34187,0.07,0.04
2011.06.29 06:44:48.797,0.34144,0.34184,0.07,0.04
2011.06.29 06:44:49.895,0.34147,0.34184,0.05,0.04
2011.06.29 06:44:50.717,0.34145,0.34187,0.05,0.04
2011.06.29 06:44:51.716,0.34144,0.34185,0.07,0.04
2011.06.29 06:44:55.397,0.34147,0.34185,0.05,0.04
2011.06.29 06:44:56.002,0.34147,0.34186,0.05,0.04
2011.06.29 06:45:01.406,0.34147,0.34193,0.05,0.04
2011.06.29 06:45:03.118,0.34146,0.34189,0.05,0.04
2011.06.29 06:45:07.248,0.34145,0.34189,0.05,0.05
2011.06.29 06:45:07.578,0.34143,0.34187,0.05,0.04
2011.06.29 06:45:07.907,0.3414,0.34184,0.05,0.04
2011.06.29 06:45:33.191,0.34137,0.3418,0.05,0.04
2011.06.29 06:45:33.516,0.34134,0.3418,0.05,0.04
2011.06.29 06:46:28.267,0.34134,0.3418,0.07,0.04
2011.06.29 06:46:33.230,0.34134,0.34191,0.03,0.05
2011.06.29 06:46:46.145,0.34133,0.34189,0.03,0.02
2011.06.29 06:47:03.346,0.34133,0.34189,0.03,0.05
2011.06.29 06:47:03.676,0.34135,0.34179,0.05,0.05
2011.06.29 06:47:05.586,0.34135,0.34179,0.05,0.05
2011.06.29 06:47:09.647,0.34135,0.34179,0.05,0.04
2011.06.29 06:47:20.266,0.34137,0.34183,0.05,0.04
2011.06.29 06:47:20.486,0.34144,0.3419,0.05,0.05
2011.06.29 06:47:24.015,0.34144,0.3419,0.05,0.05
2011.06.29 06:47:27.376,0.34144,0.3419,0.06,0.04
2011.06.29 06:47:27.485,0.34147,0.34193,0.05,0.05
2011.06.29 06:47:27.990,0.34147,0.34193,0.05,0.05
2011.06.29 06:47:35.308,0.34147,0.34193,0.04,0.05
2011.06.29 06:47:35.636,0.34145,0.34177,0.04,0.04
2011.06.29 06:47:36.117,0.34131,0.34175,0.05,0.04
2011.06.29 06:47:45.006,0.34131,0.34166,0.05,0.02
2011.06.29 06:47:45.116,0.34131,0.34166,0.04,0.02
2011.06.29 06:47:45.676,0.34131,0.34165,0.04,0.04
2011.06.29 06:47:46.117,0.34119,0.34165,0.05,0.04
2011.06.29 06:47:47.056,0.34123,0.34166,0.05,0.02
2011.06.29 06:47:47.601,0.34123,0.34166,0.05,0.02
2011.06.29 06:47:48.270,0.34123,0.34167,0.05,0.04
2011.06.29 06:47:48.756,0.34121,0.34166,0.05,0.05
2011.06.29 06:47:49.746,0.3412,0.34164,0.05,0.04
2011.06.29 06:47:49.965,0.34117,0.34163,0.08,0.04
2011.06.29 06:47:52.106,0.34115,0.34161,0.09,0.04
2011.06.29 06:47:52.216,0.34115,0.34161,0.09,0.04
2011.06.29 06:47:52.436,0.34117,0.34163,0.05,0.05
2011.06.29 06:47:58.137,0.34115,0.34158,0.05,0.04
2011.06.29 06:47:58.239,0.34114,0.34158,0.05,0.04
2011.06.29 06:48:07.121,0.3412,0.34164,0.04,0.05
2011.06.29 06:48:07.454,0.34124,0.34164,0.02,0.04
2011.06.29 06:48:09.855,0.34124,0.34168,0.02,0.05
2011.06.29 06:48:09.967,0.34124,0.34168,0.03,0.04
2011.06.29 06:48:10.304,0.34123,0.34167,0.03,0.03
2011.06.29 06:48:10.415,0.34123,0.34165,0.03,0.04
2011.06.29 06:48:11.486,0.34124,0.34165,0.02,0.04
2011.06.29 06:48:11.816,0.34123,0.34167,0.03,0.02
2011.06.29 06:48:14.315,0.34124,0.34166,0.03,0.02
2011.06.29 06:48:15.896,0.34124,0.34164,0.03,0.04
2011.06.29 06:48:16.005,0.34123,0.34164,0.03,0.04
2011.06.29 06:48:16.115,0.34123,0.34167,0.06,0.06
2011.06.29 06:48:16.336,0.34123,0.34167,0.06,0.06
2011.06.29 06:48:16.740,0.34124,0.34165,0.03,0.04
2011.06.29 06:48:16.987,0.34124,0.34165,0.03,0.04
2011.06.29 06:48:19.007,0.34124,0.34165,0.03,0.04
2011.06.29 06:48:19.336,0.34124,0.34165,0.03,0.04
2011.06.29 06:48:19.817,0.34123,0.34167,0.06,0.04
2011.06.29 06:48:21.928,0.34123,0.34167,0.06,0.04
2011.06.29 06:48:22.037,0.34125,0.34169,0.05,0.04
2011.06.29 06:48:22.676,0.34123,0.34168,0.05,0.04
2011.06.29 06:48:59.307,0.3412,0.34165,0.05,0.04
2011.06.29 06:48:59.429,0.3412,0.34165,0.05,0.04
2011.06.29 06:48:59.865,0.3412,0.34164,0.08,0.05
2011.06.29 06:49:00.196,0.3412,0.34164,0.05,0.04
2011.06.29 06:49:43.206,0.3412,0.34164,0.04,0.04
2011.06.29 06:49:43.315,0.34118,0.34159,0.05,0.04
2011.06.29 06:49:43.536,0.34118,0.34162,0.08,0.05
2011.06.29 06:49:43.646,0.34118,0.34162,0.08,0.04
2011.06.29 06:49:49.217,0.34123,0.34168,0.03,0.05
2011.06.29 06:49:49.435,0.34122,0.34168,0.05,0.04
2011.06.29 06:49:59.417,0.34123,0.34167,0.06,0.04
2011.06.29 06:49:59.636,0.34124,0.3417,0.06,0.05
2011.06.29 06:50:00.329,0.34124,0.3417,0.05,0.05
2011.06.29 06:50:01.939,0.34124,0.3417,0.05,0.05
2011.06.29 06:50:04.438,0.34128,0.34172,0.05,0.05
2011.06.29 06:50:04.547,0.34128,0.34172,0.05,0.05
2011.06.29 06:50:05.546,0.34125,0.34169,0.05,0.04
2011.06.29 06:50:12.667,0.34123,0.34167,0.10,0.04
2011.06.29 06:50:12.776,0.34123,0.34167,0.09,0.04
2011.06.29 06:50:56.696,0.34134,0.34174,0.02,0.05
2011.06.29 06:50:56.917,0.34134,0.34174,0.02,0.04
2011.06.29 06:50:57.287,0.34127,0.3417,0.05,0.04
2011.06.29 06:50:57.806,0.34125,0.34169,0.05,0.04
2011.06.29 06:50:58.936,0.34128,0.34172,0.05,0.04
2011.06.29 06:51:59.012,0.34125,0.34177,0.05,0.03
2011.06.29 06:52:19.456,0.34125,0.34169,0.05,0.04
2011.06.29 06:52:19.566,0.34116,0.3416,0.05,0.04
2011.06.29 06:52:20.246,0.34124,0.34163,0.02,0.05
2011.06.29 06:52:20.788,0.34123,0.34167,0.05,0.04
2011.06.29 06:52:21.126,0.34123,0.34166,0.04,0.02
2011.06.29 06:52:21.235,0.3412,0.34164,0.08,0.04
2011.06.29 06:52:21.567,0.3412,0.3416,0.04,0.04
2011.06.29 06:52:21.916,0.3412,0.34164,0.05,0.05
2011.06.29 06:52:22.737,0.34122,0.34168,0.05,0.04
2011.06.29 06:52:22.846,0.3412,0.34162,0.05,0.04
2011.06.29 06:52:23.066,0.3412,0.34162,0.05,0.04
2011.06.29 06:52:23.626,0.3412,0.34162,0.05,0.04
2011.06.29 06:52:23.736,0.34123,0.34167,0.05,0.04
2011.06.29 06:52:24.127,0.34124,0.3417,0.05,0.04
2011.06.29 06:52:24.237,0.34124,0.3417,0.05,0.04
2011.06.29 06:52:24.566,0.34128,0.34172,0.05,0.04
2011.06.29 06:52:24.996,0.34125,0.34169,0.08,0.04
2011.06.29 06:52:25.326,0.34125,0.34169,0.08,0.04
2011.06.29 06:52:25.436,0.34125,0.34169,0.08,0.05
2011.06.29 06:52:26.050,0.34122,0.34168,0.05,0.04
2011.06.29 06:52:33.566,0.34129,0.34175,0.04,0.05
2011.06.29 06:52:33.883,0.34129,0.34175,0.05,0.04
2011.06.29 06:52:33.987,0.34132,0.34178,0.05,0.04
2011.06.29 06:52:34.096,0.34129,0.34175,0.05,0.04
2011.06.29 06:52:34.207,0.34129,0.34175,0.05,0.04
2011.06.29 06:52:34.317,0.34128,0.34172,0.05,0.04
2011.06.29 06:52:34.536,0.3413,0.34174,0.05,0.04
2011.06.29 06:52:34.647,0.3413,0.34174,0.05,0.04
2011.06.29 06:52:34.897,0.3413,0.34174,0.04,0.05
2011.06.29 06:52:35.006,0.34127,0.34169,0.05,0.04
2011.06.29 06:52:35.716,0.34127,0.34168,0.05,0.04
2011.06.29 06:52:35.977,0.34123,0.34162,0.04,0.04
2011.06.29 06:52:36.415,0.34123,0.3416,0.04,0.04
2011.06.29 06:52:36.966,0.34114,0.3416,0.05,0.04
2011.06.29 06:52:37.186,0.34114,0.34157,0.05,0.04
2011.06.29 06:52:37.407,0.34113,0.34155,0.03,0.04
2011.06.29 06:52:37.736,0.34115,0.34159,0.04,0.05
2011.06.29 06:52:37.957,0.34113,0.34158,0.03,0.04
2011.06.29 06:52:38.396,0.34114,0.3416,0.05,0.04
2011.06.29 06:52:39.056,0.34113,0.34157,0.06,0.04
2011.06.29 06:52:39.166,0.34115,0.34161,0.05,0.05
2011.06.29 06:52:39.986,0.34118,0.34162,0.05,0.04
2011.06.29 06:52:41.166,0.34121,0.34165,0.05,0.04
2011.06.29 06:52:41.276,0.34121,0.34165,0.05,0.04
2011.06.29 06:52:41.606,0.34122,0.34168,0.05,0.04
2011.06.29 06:52:41.826,0.3413,0.34174,0.04,0.05
2011.06.29 06:52:41.936,0.3413,0.34174,0.05,0.04
2011.06.29 06:52:42.156,0.34127,0.34173,0.05,0.04
2011.06.29 06:52:42.266,0.3412,0.34164,0.05,0.04
2011.06.29 06:52:42.636,0.3412,0.34164,0.05,0.04
2011.06.29 06:52:43.186,0.34128,0.34172,0.05,0.05
2011.06.29 06:52:43.298,0.34122,0.34168,0.05,0.04
2011.06.29 06:52:43.406,0.34122,0.34168,0.05,0.04
2011.06.29 06:52:44.416,0.34124,0.34164,0.03,0.04
2011.06.29 06:52:44.526,0.34124,0.34164,0.03,0.04
2011.06.29 06:52:45.856,0.34124,0.3417,0.06,0.05
2011.06.29 06:52:45.966,0.3413,0.34174,0.04,0.05
2011.06.29 06:52:46.077,0.3413,0.34174,0.04,0.05
2011.06.29 06:52:46.193,0.3413,0.34174,0.05,0.04
2011.06.29 06:52:46.822,0.34125,0.34169,0.05,0.04
2011.06.29 06:52:46.927,0.34128,0.34169,0.05,0.04
2011.06.29 06:52:49.672,0.3413,0.34174,0.04,0.05
2011.06.29 06:52:49.776,0.3413,0.34174,0.05,0.04
2011.06.29 06:52:50.666,0.34123,0.34168,0.06,0.04
2011.06.29 06:52:51.216,0.34127,0.34168,0.05,0.04
2011.06.29 06:53:16.706,0.34123,0.34167,0.06,0.04
2011.06.29 06:53:17.036,0.34125,0.34169,0.05,0.04
2011.06.29 06:53:17.147,0.34128,0.34172,0.05,0.04
2011.06.29 06:53:17.676,0.34129,0.34175,0.05,0.04
2011.06.29 06:53:20.016,0.34129,0.34175,0.05,0.04
2011.06.29 06:53:21.626,0.34129,0.34175,0.05,0.04
2011.06.29 06:53:22.040,0.34128,0.34172,0.05,0.04
2011.06.29 06:53:22.509,0.34125,0.34169,0.05,0.04
2011.06.29 06:53:22.617,0.34125,0.34169,0.05,0.04
2011.06.29 06:53:23.307,0.34127,0.34173,0.05,0.05
2011.06.29 06:53:26.977,0.34127,0.34173,0.05,0.04
2011.06.29 06:53:29.167,0.34127,0.34173,0.05,0.05
2011.06.29 06:53:30.883,0.3413,0.34174,0.05,0.04
2011.06.29 06:53:38.157,0.3413,0.34174,0.05,0.04
2011.06.29 06:53:39.240,0.34131,0.34175,0.05,0.04
2011.06.29 06:53:40.707,0.34131,0.34175,0.05,0.05
2011.06.29 06:53:45.319,0.34125,0.34167,0.05,0.04
2011.06.29 06:53:45.536,0.34125,0.34167,0.05,0.04
2011.06.29 06:53:46.168,0.34123,0.34167,0.05,0.04
2011.06.29 06:53:46.428,0.34126,0.3417,0.05,0.05
2011.06.29 06:53:46.757,0.34121,0.34165,0.05,0.04
2011.06.29 06:53:47.306,0.34121,0.34165,0.05,0.04
2011.06.29 06:53:47.638,0.34121,0.34165,0.05,0.04
2011.06.29 06:53:47.748,0.34121,0.34165,0.05,0.04
2011.06.29 06:53:48.311,0.3412,0.34164,0.05,0.04
2011.06.29 06:54:29.587,0.34119,0.34165,0.05,0.04
2011.06.29 06:54:30.141,0.34119,0.34165,0.05,0.04
2011.06.29 06:55:01.476,0.34122,0.34165,0.02,0.04
2011.06.29 06:55:02.218,0.34122,0.34165,0.03,0.04
2011.06.29 06:55:03.196,0.34119,0.34163,0.03,0.04
2011.06.29 06:55:06.027,0.34121,0.34165,0.03,0.04
2011.06.29 06:55:18.707,0.34122,0.3416,0.02,0.04
2011.06.29 06:55:18.926,0.34119,0.3416,0.03,0.04
2011.06.29 06:55:24.156,0.34121,0.34164,0.03,0.04
2011.06.29 06:55:30.306,0.34117,0.34159,0.06,0.05
2011.06.29 06:55:30.424,0.34117,0.34159,0.06,0.04
2011.06.29 06:55:33.107,0.34119,0.34162,0.03,0.04
2011.06.29 06:55:58.430,0.34121,0.34162,0.03,0.04
2011.06.29 06:55:59.477,0.34126,0.34166,0.03,0.04
2011.06.29 06:55:59.826,0.34123,0.34164,0.03,0.04
2011.06.29 06:56:00.558,0.3412,0.34164,0.06,0.04
2011.06.29 06:56:15.747,0.34118,0.3416,0.03,0.04
2011.06.29 06:56:16.618,0.34119,0.34163,0.02,0.04
2011.06.29 06:56:26.161,0.34133,0.34167,0.04,0.04
2011.06.29 06:56:26.378,0.34133,0.34174,0.05,0.02
2011.06.29 06:56:26.536,0.34135,0.34175,0.02,0.04
2011.06.29 06:56:27.457,0.34131,0.34174,0.06,0.04
2011.06.29 06:56:29.266,0.34133,0.34177,0.05,0.04
2011.06.29 06:56:30.058,0.34133,0.34177,0.05,0.04
2011.06.29 06:56:30.631,0.34132,0.34175,0.02,0.04
2011.06.29 06:56:35.726,0.34129,0.34172,0.03,0.04
2011.06.29 06:56:40.317,0.34131,0.34172,0.03,0.04
2011.06.29 06:56:41.756,0.3413,0.34171,0.05,0.02
2011.06.29 06:56:44.738,0.34123,0.34167,0.05,0.06
2011.06.29 06:56:44.957,0.34121,0.3416,0.05,0.04
2011.06.29 06:56:45.178,0.34115,0.3416,0.03,0.04
2011.06.29 06:56:47.478,0.34118,0.34163,0.03,0.04
2011.06.29 06:56:48.717,0.34121,0.34165,0.03,0.04
2011.06.29 06:56:58.707,0.34128,0.34173,0.02,0.04
2011.06.29 06:57:09.137,0.34133,0.34177,0.06,0.04
2011.06.29 06:57:09.818,0.3413,0.34174,0.10,0.05
2011.06.29 06:57:10.024,0.34132,0.34174,0.02,0.04
2011.06.29 06:57:19.667,0.34134,0.34177,0.03,0.04
2011.06.29 06:57:25.377,0.34135,0.34179,0.06,0.04
2011.06.29 06:57:26.036,0.34135,0.34179,0.06,0.04
2011.06.29 06:57:26.367,0.34135,0.34179,0.05,0.04
2011.06.29 06:57:26.806,0.34138,0.34183,0.03,0.04
2011.06.29 06:57:27.367,0.34138,0.3418,0.03,0.04
2011.06.29 06:57:32.527,0.34133,0.34175,0.05,0.04
2011.06.29 06:57:32.747,0.34133,0.34175,0.05,0.04
2011.06.29 06:57:33.097,0.34133,0.3417,0.05,0.04
2011.06.29 06:57:34.087,0.34127,0.3417,0.03,0.04
2011.06.29 06:57:38.668,0.34129,0.34172,0.02,0.04
2011.06.29 06:57:39.315,0.34127,0.3417,0.03,0.04
2011.06.29 06:57:43.588,0.34148,0.34181,0.05,0.04
2011.06.29 06:57:43.917,0.34147,0.34193,0.06,0.06
2011.06.29 06:57:44.028,0.3415,0.34193,0.02,0.04
2011.06.29 06:57:45.167,0.34147,0.34189,0.03,0.04
2011.06.29 06:57:45.827,0.34147,0.34193,0.05,0.05
2011.06.29 06:57:46.048,0.34146,0.34189,0.02,0.04
2011.06.29 06:57:46.655,0.3415,0.34192,0.02,0.04
2011.06.29 06:57:53.617,0.34152,0.34194,0.02,0.04
2011.06.29 06:57:55.356,0.34169,0.34201,0.04,0.03
2011.06.29 06:57:55.465,0.34169,0.34206,0.05,0.05
2011.06.29 06:57:55.684,0.3417,0.34211,0.03,0.05
2011.06.29 06:57:55.905,0.3417,0.34215,0.03,0.04
2011.06.29 06:57:57.045,0.34177,0.34218,0.03,0.05
2011.06.29 06:57:57.265,0.34173,0.34217,0.05,0.04
2011.06.29 06:57:58.175,0.34174,0.34217,0.02,0.04
2011.06.29 06:58:04.925,0.34176,0.34217,0.03,0.04
2011.06.29 06:58:11.875,0.34172,0.34215,0.02,0.04
2011.06.29 06:58:14.292,0.34168,0.34208,0.05,0.04
2011.06.29 06:58:14.727,0.34161,0.34203,0.05,0.04
2011.06.29 06:58:15.165,0.34161,0.34198,0.05,0.04
2011.06.29 06:58:16.655,0.34156,0.34199,0.02,0.04
2011.06.29 06:58:28.625,0.34153,0.34194,0.05,0.05
2011.06.29 06:58:28.845,0.34153,0.34195,0.05,0.04
2011.06.29 06:58:29.360,0.34153,0.34195,0.05,0.04
2011.06.29 06:58:29.926,0.34151,0.34195,0.03,0.04
2011.06.29 06:58:30.281,0.3415,0.34193,0.03,0.04
2011.06.29 06:58:30.615,0.34147,0.34193,0.05,0.04
2011.06.29 06:58:30.835,0.34146,0.34187,0.05,0.04
2011.06.29 06:58:33.926,0.34148,0.34192,0.06,0.04
2011.06.29 06:58:34.484,0.34147,0.34193,0.06,0.06
2011.06.29 06:58:34.815,0.34149,0.34193,0.03,0.04
2011.06.29 06:59:02.515,0.34147,0.34193,0.06,0.06
2011.06.29 06:59:06.712,0.34149,0.34193,0.02,0.04
2011.06.29 06:59:08.026,0.34148,0.34192,0.05,0.04
2011.06.29 06:59:08.245,0.34149,0.34192,0.02,0.04
2011.06.29 06:59:10.795,0.34147,0.34189,0.03,0.04
2011.06.29 06:59:12.653,0.34149,0.34192,0.02,0.04
2011.06.29 06:59:17.775,0.34149,0.34192,0.03,0.04
2011.06.29 06:59:17.995,0.34149,0.34192,0.03,0.04
2011.06.29 06:59:20.675,0.34146,0.34189,0.06,0.04
2011.06.29 06:59:26.412,0.34145,0.34189,0.05,0.04
2011.06.29 06:59:31.805,0.34145,0.34189,0.07,0.04
2011.06.29 06:59:35.123,0.34149,0.34189,0.02,0.04
2011.06.29 06:59:43.215,0.34152,0.34194,0.02,0.04
2011.06.29 06:59:46.255,0.34149,0.34192,0.03,0.04
2011.06.29 06:59:48.976,0.34153,0.34197,0.06,0.04
2011.06.29 06:59:58.197,0.34157,0.34199,0.03,0.04
2011.06.29 06:59:59.465,0.34158,0.34203,0.03,0.04
