2016.04.12 20:00:00.503,0.16164,0.16202,0.01,0.13
2016.04.12 20:00:01.473,0.16164,0.162,0.01,0.21
2016.04.12 20:00:02.510,0.16163,0.162,0.02,0.21
2016.04.12 20:00:03.326,0.16164,0.162,0.02,0.22
2016.04.12 20:00:05.818,0.16163,0.162,0.02,0.21
2016.04.12 20:00:06.169,0.1616,0.162,0.14,0.16
2016.04.12 20:00:06.274,0.16159,0.16197,0.09,0.20
2016.04.12 20:00:06.882,0.1616,0.16197,0.01,0.20
2016.04.12 20:00:11.832,0.16159,0.16197,0.09,0.20
2016.04.12 20:00:15.540,0.1616,0.16197,0.01,0.18
2016.04.12 20:00:20.994,0.16159,0.16197,0.26,0.19
2016.04.12 20:00:21.603,0.1616,0.16197,0.01,0.19
2016.04.12 20:00:23.156,0.16159,0.16197,0.26,0.19
2016.04.12 20:00:26.200,0.1616,0.16197,0.01,0.19
2016.04.12 20:00:26.983,0.16159,0.16197,0.26,0.19
2016.04.12 20:00:32.695,0.1616,0.16197,0.01,0.19
2016.04.12 20:00:33.255,0.1616,0.16196,0.01,0.02
2016.04.12 20:00:36.504,0.16159,0.16196,0.05,0.02
2016.04.12 20:00:38.439,0.1616,0.16196,0.01,0.02
2016.04.12 20:00:38.985,0.16159,0.16194,0.02,0.07
2016.04.12 20:01:18.832,0.16158,0.16194,0.02,0.07
2016.04.12 20:01:25.170,0.1616,0.16194,0.01,0.07
2016.04.12 20:01:25.896,0.1616,0.16195,0.01,0.03
2016.04.12 20:01:26.555,0.16159,0.16195,0.01,0.02
2016.04.12 20:01:28.279,0.1616,0.16195,0.01,0.03
2016.04.12 20:01:34.546,0.1616,0.16197,0.01,0.08
2016.04.12 20:01:37.811,0.16159,0.16197,0.01,0.08
2016.04.12 20:01:39.715,0.1616,0.16197,0.01,0.08
2016.04.12 20:01:41.118,0.16159,0.16197,0.01,0.08
2016.04.12 20:01:41.620,0.1616,0.16197,0.01,0.08
2016.04.12 20:01:43.526,0.16159,0.16197,0.01,0.08
2016.04.12 20:01:45.474,0.1616,0.16197,0.01,0.08
2016.04.12 20:01:47.566,0.16158,0.16196,0.02,0.01
2016.04.12 20:01:47.788,0.16159,0.16194,0.02,0.06
2016.04.12 20:01:49.141,0.16158,0.16194,0.02,0.06
2016.04.12 20:01:50.846,0.16159,0.16194,0.01,0.06
2016.04.12 20:01:51.365,0.16158,0.16194,0.01,0.06
2016.04.12 20:01:52.953,0.16158,0.16195,0.01,0.06
2016.04.12 20:01:56.763,0.16159,0.16195,0.01,0.08
2016.04.12 20:01:57.465,0.16158,0.16195,0.01,0.06
2016.04.12 20:01:58.677,0.16159,0.16195,0.01,0.08
2016.04.12 20:01:59.287,0.16158,0.16195,0.01,0.06
2016.04.12 20:02:00.278,0.16159,0.16195,0.01,0.06
2016.04.12 20:02:00.468,0.16159,0.16197,0.19,0.18
2016.04.12 20:02:01.031,0.1616,0.16197,0.01,0.18
2016.04.12 20:02:01.538,0.16161,0.16197,0.02,0.18
2016.04.12 20:02:01.589,0.16161,0.16199,0.02,0.04
2016.04.12 20:02:03.991,0.16164,0.16199,0.01,0.02
2016.04.12 20:02:05.471,0.16164,0.16201,0.12,0.02
2016.04.12 20:02:08.791,0.16165,0.16201,0.01,0.02
2016.04.12 20:02:09.693,0.16164,0.16201,0.13,0.02
2016.04.12 20:02:10.695,0.16165,0.16201,0.01,0.02
2016.04.12 20:02:11.597,0.16164,0.16201,0.13,0.02
2016.04.12 20:02:15.406,0.16165,0.16201,0.01,0.02
2016.04.12 20:02:24.839,0.16164,0.16201,0.01,0.02
2016.04.12 20:02:26.744,0.16165,0.16201,0.01,0.02
2016.04.12 20:02:28.650,0.16164,0.16201,0.01,0.02
2016.04.12 20:02:30.556,0.16165,0.16201,0.01,0.02
2016.04.12 20:02:34.368,0.16164,0.16201,0.15,0.02
2016.04.12 20:02:38.177,0.16165,0.16201,0.01,0.02
2016.04.12 20:02:41.987,0.16164,0.16201,0.15,0.02
2016.04.12 20:02:43.891,0.16165,0.16201,0.01,0.02
2016.04.12 20:02:49.618,0.16164,0.16201,0.15,0.02
2016.04.12 20:02:51.507,0.16165,0.16201,0.01,0.02
2016.04.12 20:02:53.411,0.16164,0.16201,0.12,0.02
2016.04.12 20:02:55.320,0.16165,0.16201,0.01,0.02
2016.04.12 20:03:01.030,0.16164,0.16201,0.12,0.02
2016.04.12 20:03:05.508,0.16164,0.16202,0.12,0.18
2016.04.12 20:03:06.651,0.16165,0.16202,0.01,0.18
2016.04.12 20:03:10.467,0.16164,0.16202,0.12,0.18
2016.04.12 20:03:12.372,0.16165,0.16202,0.01,0.18
2016.04.12 20:03:19.993,0.16164,0.16202,0.18,0.16
2016.04.12 20:03:21.959,0.16165,0.16202,0.01,0.16
2016.04.12 20:03:25.728,0.16164,0.16202,0.18,0.16
2016.04.12 20:03:31.433,0.16165,0.16202,0.01,0.16
2016.04.12 20:03:37.045,0.16164,0.16202,0.15,0.16
2016.04.12 20:03:38.948,0.16165,0.16202,0.01,0.16
2016.04.12 20:03:40.852,0.16164,0.16202,0.15,0.16
2016.04.12 20:03:50.375,0.16165,0.16202,0.01,0.16
2016.04.12 20:03:52.281,0.16164,0.16202,0.15,0.16
2016.04.12 20:03:57.995,0.16165,0.16202,0.01,0.17
2016.04.12 20:04:00.118,0.16164,0.16202,0.15,0.17
2016.04.12 20:04:03.707,0.16165,0.16202,0.01,0.17
2016.04.12 20:04:05.611,0.16164,0.16202,0.15,0.17
2016.04.12 20:04:06.908,0.16163,0.162,0.01,0.10
2016.04.12 20:04:07.061,0.16164,0.16203,0.01,0.23
2016.04.12 20:04:07.672,0.16163,0.16203,0.13,0.23
2016.04.12 20:04:09.310,0.16163,0.16201,0.01,0.07
2016.04.12 20:04:09.983,0.16164,0.162,0.01,0.01
2016.04.12 20:04:11.339,0.16163,0.16201,0.01,0.07
2016.04.12 20:04:12.917,0.16163,0.162,0.01,0.02
2016.04.12 20:04:13.614,0.16164,0.162,0.01,0.03
2016.04.12 20:04:15.131,0.16163,0.162,0.01,0.02
2016.04.12 20:04:22.550,0.16164,0.162,0.01,0.03
2016.04.12 20:04:23.231,0.16163,0.162,0.01,0.02
2016.04.12 20:04:24.586,0.16164,0.162,0.01,0.03
2016.04.12 20:04:26.461,0.16163,0.162,0.01,0.02
2016.04.12 20:04:28.368,0.16164,0.162,0.01,0.03
2016.04.12 20:04:35.989,0.16163,0.162,0.01,0.18
2016.04.12 20:04:38.794,0.16164,0.162,0.01,0.18
2016.04.12 20:04:39.457,0.16164,0.16201,0.01,0.19
2016.04.12 20:04:42.727,0.16163,0.16201,0.20,0.19
2016.04.12 20:04:43.420,0.16163,0.162,0.01,0.02
2016.04.12 20:04:44.080,0.16164,0.162,0.01,0.03
2016.04.12 20:04:47.432,0.16163,0.162,0.01,0.02
2016.04.12 20:04:49.317,0.16164,0.162,0.01,0.03
2016.04.12 20:04:51.292,0.16163,0.162,0.01,0.02
2016.04.12 20:04:55.038,0.16164,0.162,0.01,0.25
2016.04.12 20:04:58.747,0.16163,0.162,0.01,0.24
2016.04.12 20:05:00.252,0.16164,0.162,0.01,0.25
2016.04.12 20:05:02.560,0.16163,0.162,0.01,0.24
2016.04.12 20:05:12.087,0.16164,0.162,0.01,0.25
2016.04.12 20:05:13.064,0.16163,0.16201,0.01,0.20
2016.04.12 20:05:13.989,0.16164,0.162,0.01,0.01
2016.04.12 20:05:15.935,0.16163,0.16201,0.01,0.20
2016.04.12 20:05:17.796,0.16164,0.162,0.01,0.01
2016.04.12 20:05:27.315,0.16163,0.16201,0.01,0.20
2016.04.12 20:05:29.234,0.16164,0.162,0.01,0.01
2016.04.12 20:05:31.003,0.16164,0.16197,0.01,0.02
2016.04.12 20:05:31.053,0.16161,0.16197,0.17,0.02
2016.04.12 20:05:31.625,0.1616,0.16197,0.01,0.02
2016.04.12 20:05:32.928,0.16161,0.16197,0.01,0.02
2016.04.12 20:05:34.843,0.1616,0.16197,0.01,0.02
2016.04.12 20:05:42.447,0.16161,0.16197,0.01,0.02
2016.04.12 20:05:53.871,0.1616,0.16197,0.01,0.02
2016.04.12 20:05:57.684,0.16161,0.16197,0.01,0.02
2016.04.12 20:05:59.491,0.1616,0.16197,0.01,0.02
2016.04.12 20:06:01.718,0.16161,0.16196,0.01,0.02
2016.04.12 20:06:03.301,0.1616,0.16196,0.01,0.02
2016.04.12 20:06:09.020,0.16161,0.16196,0.01,0.02
2016.04.12 20:06:12.828,0.1616,0.16196,0.01,0.02
2016.04.12 20:06:13.552,0.1616,0.16197,0.01,0.17
2016.04.12 20:06:20.449,0.16161,0.16197,0.01,0.17
2016.04.12 20:06:22.353,0.1616,0.16197,0.01,0.17
2016.04.12 20:06:24.256,0.16161,0.16197,0.01,0.17
2016.04.12 20:06:26.160,0.1616,0.16197,0.01,0.17
2016.04.12 20:06:28.064,0.16161,0.16197,0.01,0.17
2016.04.12 20:06:31.892,0.1616,0.16197,0.01,0.16
2016.04.12 20:06:32.855,0.1616,0.16196,0.01,0.02
2016.04.12 20:06:35.738,0.16161,0.16196,0.01,0.02
2016.04.12 20:06:37.584,0.1616,0.16196,0.01,0.02
2016.04.12 20:06:48.948,0.16161,0.16196,0.01,0.02
2016.04.12 20:06:50.845,0.1616,0.16196,0.01,0.02
2016.04.12 20:06:52.909,0.1616,0.16197,0.01,0.17
2016.04.12 20:06:54.626,0.16161,0.16197,0.01,0.17
2016.04.12 20:06:56.331,0.1616,0.16197,0.01,0.17
2016.04.12 20:06:56.908,0.16161,0.16197,0.01,0.17
2016.04.12 20:06:58.434,0.1616,0.16197,0.01,0.17
2016.04.12 20:07:00.338,0.16161,0.16197,0.01,0.17
2016.04.12 20:07:06.054,0.1616,0.16197,0.01,0.17
2016.04.12 20:07:07.958,0.16161,0.16197,0.01,0.17
2016.04.12 20:07:09.461,0.1616,0.16197,0.01,0.17
2016.04.12 20:07:13.719,0.16161,0.16197,0.01,0.14
2016.04.12 20:07:15.073,0.1616,0.16197,0.01,0.14
2016.04.12 20:07:15.574,0.16161,0.16197,0.01,0.14
2016.04.12 20:07:16.120,0.16161,0.16195,0.01,0.05
2016.04.12 20:07:16.175,0.16158,0.16195,0.01,0.05
2016.04.12 20:07:17.477,0.16159,0.16195,0.01,0.06
2016.04.12 20:07:21.311,0.16158,0.16195,0.01,0.06
2016.04.12 20:07:23.099,0.16159,0.16195,0.01,0.06
2016.04.12 20:07:25.003,0.16158,0.16195,0.01,0.06
2016.04.12 20:07:26.243,0.16156,0.16194,0.02,0.21
2016.04.12 20:07:26.857,0.16156,0.16192,0.02,0.22
2016.04.12 20:07:30.335,0.16155,0.16192,0.01,0.24
2016.04.12 20:07:32.518,0.16154,0.16192,0.15,0.24
2016.04.12 20:07:34.422,0.16155,0.16192,0.01,0.18
2016.04.12 20:07:42.037,0.16154,0.16192,0.16,0.18
2016.04.12 20:07:47.750,0.16155,0.16192,0.01,0.18
2016.04.12 20:07:53.461,0.16154,0.16192,0.16,0.21
2016.04.12 20:08:01.082,0.16155,0.16192,0.01,0.21
2016.04.12 20:08:02.887,0.16154,0.16192,0.16,0.21
2016.04.12 20:08:06.697,0.16155,0.16192,0.01,0.21
2016.04.12 20:08:10.509,0.16154,0.16192,0.16,0.21
2016.04.12 20:08:12.415,0.16155,0.16192,0.01,0.21
2016.04.12 20:08:16.229,0.16154,0.16192,0.01,0.02
2016.04.12 20:08:18.130,0.16155,0.16192,0.01,0.02
2016.04.12 20:08:23.886,0.16154,0.16192,0.01,0.02
2016.04.12 20:08:25.749,0.16155,0.16192,0.01,0.02
2016.04.12 20:08:27.654,0.16154,0.16192,0.01,0.02
2016.04.12 20:08:29.559,0.16155,0.16192,0.01,0.02
2016.04.12 20:08:30.438,0.16155,0.16193,0.01,0.19
2016.04.12 20:08:32.961,0.16155,0.16192,0.01,0.17
2016.04.12 20:08:33.740,0.16154,0.16192,0.23,0.17
2016.04.12 20:08:37.177,0.16155,0.16192,0.01,0.17
2016.04.12 20:08:40.887,0.16154,0.16192,0.23,0.17
2016.04.12 20:08:48.504,0.16155,0.16192,0.01,0.17
2016.04.12 20:08:50.454,0.16154,0.16192,0.23,0.17
2016.04.12 20:08:52.892,0.16154,0.16193,0.01,0.19
2016.04.12 20:08:54.217,0.16155,0.16193,0.01,0.19
2016.04.12 20:08:56.122,0.16154,0.16193,0.01,0.19
2016.04.12 20:08:59.954,0.16155,0.16193,0.01,0.19
2016.04.12 20:09:03.739,0.16154,0.16193,0.01,0.19
2016.04.12 20:09:05.647,0.16155,0.16193,0.01,0.19
2016.04.12 20:09:09.462,0.16154,0.16193,0.01,0.19
2016.04.12 20:09:11.371,0.16155,0.16193,0.01,0.19
2016.04.12 20:09:15.185,0.16154,0.16193,0.01,0.19
2016.04.12 20:09:16.289,0.16155,0.16193,0.01,0.19
2016.04.12 20:09:16.991,0.16154,0.16193,0.01,0.19
2016.04.12 20:09:18.895,0.16155,0.16193,0.01,0.19
2016.04.12 20:09:20.801,0.16154,0.16193,0.01,0.19
2016.04.12 20:09:22.706,0.16155,0.16193,0.01,0.19
2016.04.12 20:09:24.613,0.16154,0.16193,0.01,0.19
2016.04.12 20:09:32.731,0.16155,0.16193,0.01,0.19
2016.04.12 20:09:33.343,0.16155,0.16192,0.01,0.12
2016.04.12 20:09:36.041,0.16154,0.16192,0.21,0.12
2016.04.12 20:09:37.546,0.16155,0.16192,0.01,0.12
2016.04.12 20:09:38.293,0.16154,0.16192,0.21,0.12
2016.04.12 20:09:38.949,0.16155,0.16192,0.01,0.12
2016.04.12 20:09:39.664,0.16154,0.16192,0.21,0.12
2016.04.12 20:09:40.340,0.16155,0.16192,0.02,0.12
2016.04.12 20:09:44.661,0.16154,0.16192,0.15,0.19
2016.04.12 20:09:50.374,0.16155,0.16192,0.01,0.19
2016.04.12 20:09:52.277,0.16154,0.16192,0.15,0.19
2016.04.12 20:09:56.085,0.16155,0.16192,0.01,0.19
2016.04.12 20:09:59.795,0.16154,0.16192,0.15,0.19
2016.04.12 20:10:05.858,0.16155,0.16192,0.01,0.19
2016.04.12 20:10:07.425,0.16154,0.16192,0.15,0.19
2016.04.12 20:10:12.913,0.16154,0.16191,0.01,0.05
2016.04.12 20:10:13.729,0.16155,0.16191,0.01,0.05
2016.04.12 20:10:15.037,0.16154,0.16191,0.01,0.05
2016.04.12 20:10:18.852,0.16155,0.16191,0.01,0.05
2016.04.12 20:10:22.661,0.16154,0.16191,0.01,0.05
2016.04.12 20:10:24.564,0.16155,0.16191,0.01,0.05
2016.04.12 20:10:26.469,0.16154,0.16191,0.01,0.05
2016.04.12 20:10:28.372,0.16155,0.16191,0.01,0.05
2016.04.12 20:10:30.306,0.16154,0.16191,0.01,0.05
2016.04.12 20:10:32.181,0.16155,0.16191,0.01,0.05
2016.04.12 20:10:32.842,0.16155,0.16192,0.01,0.02
2016.04.12 20:10:33.986,0.16154,0.16192,0.01,0.02
2016.04.12 20:10:39.702,0.16155,0.16192,0.01,0.02
2016.04.12 20:10:44.484,0.16155,0.16193,0.01,0.18
2016.04.12 20:10:48.229,0.16154,0.16193,0.01,0.18
2016.04.12 20:10:51.181,0.16155,0.16193,0.01,0.18
2016.04.12 20:11:00.715,0.16154,0.16193,0.01,0.25
2016.04.12 20:11:01.325,0.16155,0.16193,0.01,0.25
2016.04.12 20:11:04.483,0.16154,0.16193,0.01,0.25
2016.04.12 20:11:10.595,0.16155,0.16193,0.01,0.25
2016.04.12 20:11:12.025,0.16154,0.16193,0.01,0.25
2016.04.12 20:11:17.708,0.16155,0.16193,0.01,0.21
2016.04.12 20:11:20.514,0.16154,0.16193,0.01,0.21
2016.04.12 20:11:25.324,0.16155,0.16193,0.01,0.21
2016.04.12 20:11:31.036,0.16154,0.16193,0.01,0.21
2016.04.12 20:11:32.991,0.16154,0.16192,0.17,0.22
2016.04.12 20:11:36.784,0.16155,0.16192,0.01,0.22
2016.04.12 20:11:42.472,0.16154,0.16192,0.17,0.22
2016.04.12 20:11:43.492,0.16155,0.16192,0.01,0.22
2016.04.12 20:11:52.884,0.16155,0.16191,0.01,0.11
2016.04.12 20:11:53.608,0.16154,0.16191,0.01,0.11
2016.04.12 20:11:55.715,0.16155,0.16191,0.01,0.11
2016.04.12 20:11:57.656,0.16154,0.16191,0.01,0.11
2016.04.12 20:11:59.523,0.16155,0.16191,0.01,0.11
2016.04.12 20:12:05.236,0.16154,0.16191,0.01,0.11
2016.04.12 20:12:07.142,0.16155,0.16191,0.01,0.11
2016.04.12 20:12:12.960,0.16155,0.16192,0.01,0.12
2016.04.12 20:12:18.575,0.16154,0.16192,0.01,0.12
2016.04.12 20:12:20.541,0.16155,0.16192,0.01,0.12
2016.04.12 20:12:23.892,0.16154,0.16192,0.01,0.12
2016.04.12 20:12:28.002,0.16155,0.16192,0.01,0.12
2016.04.12 20:12:29.907,0.16154,0.16192,0.01,0.12
2016.04.12 20:12:32.863,0.16154,0.16191,0.01,0.14
2016.04.12 20:12:33.727,0.16155,0.16191,0.01,0.14
2016.04.12 20:12:37.531,0.16154,0.16191,0.01,0.14
2016.04.12 20:12:45.160,0.16155,0.16191,0.01,0.14
2016.04.12 20:12:48.585,0.16154,0.16191,0.01,0.14
2016.04.12 20:12:52.776,0.16155,0.16191,0.01,0.14
2016.04.12 20:12:53.504,0.16155,0.16192,0.01,0.14
2016.04.12 20:12:56.525,0.16154,0.16192,0.01,0.14
2016.04.12 20:12:58.505,0.16159,0.16192,0.01,0.14
2016.04.12 20:12:59.028,0.16158,0.16193,0.01,0.02
2016.04.12 20:12:59.794,0.16159,0.16193,0.01,0.02
2016.04.12 20:13:00.483,0.16158,0.16193,0.01,0.02
2016.04.12 20:13:01.296,0.16159,0.16193,0.01,0.02
2016.04.12 20:13:01.803,0.16159,0.16194,0.01,0.04
2016.04.12 20:13:02.398,0.16158,0.16194,0.01,0.04
2016.04.12 20:13:03.123,0.16159,0.16194,0.02,0.02
2016.04.12 20:13:12.923,0.16159,0.16195,0.02,0.17
2016.04.12 20:13:13.821,0.16159,0.16194,0.03,0.01
2016.04.12 20:13:16.627,0.16159,0.16195,0.02,0.17
2016.04.12 20:13:19.533,0.16159,0.16194,0.03,0.01
2016.04.12 20:13:25.212,0.16159,0.16196,0.03,0.08
2016.04.12 20:13:31.983,0.16159,0.16195,0.02,0.22
2016.04.12 20:13:32.510,0.16159,0.16194,0.03,0.01
2016.04.12 20:13:33.563,0.16159,0.16195,0.02,0.22
2016.04.12 20:13:35.196,0.16159,0.16196,0.02,0.04
2016.04.12 20:13:42.272,0.16159,0.16195,0.03,0.18
2016.04.12 20:13:43.909,0.16156,0.16193,0.02,0.07
2016.04.12 20:13:44.010,0.16156,0.16191,0.02,0.24
2016.04.12 20:13:47.686,0.16156,0.16192,0.02,0.19
2016.04.12 20:13:48.391,0.16155,0.16191,0.01,0.24
2016.04.12 20:13:49.597,0.16154,0.16191,0.01,0.24
2016.04.12 20:13:51.501,0.16155,0.16191,0.01,0.24
2016.04.12 20:13:56.600,0.16155,0.16192,0.03,0.14
2016.04.12 20:14:00.584,0.16154,0.16191,0.01,0.02
2016.04.12 20:14:04.830,0.16155,0.16191,0.01,0.02
2016.04.12 20:14:06.736,0.16154,0.16191,0.01,0.02
2016.04.12 20:14:10.070,0.16155,0.16191,0.01,0.02
2016.04.12 20:14:11.876,0.16154,0.16191,0.01,0.02
2016.04.12 20:14:12.482,0.16155,0.16191,0.01,0.02
2016.04.12 20:14:18.192,0.16154,0.16191,0.01,0.02
2016.04.12 20:14:21.984,0.16155,0.16191,0.01,0.02
2016.04.12 20:14:23.697,0.16154,0.16191,0.01,0.02
2016.04.12 20:14:25.693,0.16155,0.16191,0.01,0.02
2016.04.12 20:14:26.824,0.16155,0.16193,0.03,0.20
2016.04.12 20:14:30.913,0.16154,0.16192,0.01,0.02
2016.04.12 20:14:34.419,0.16155,0.16192,0.01,0.15
2016.04.12 20:14:36.423,0.16154,0.16192,0.01,0.15
2016.04.12 20:14:42.058,0.16155,0.16192,0.01,0.15
2016.04.12 20:14:47.751,0.16154,0.16192,0.01,0.15
2016.04.12 20:14:49.696,0.16155,0.16192,0.01,0.15
2016.04.12 20:14:51.153,0.16156,0.16192,0.02,0.14
2016.04.12 20:14:52.007,0.16158,0.16192,0.01,0.14
2016.04.12 20:14:52.544,0.16157,0.16193,0.01,0.16
2016.04.12 20:14:53.279,0.16157,0.16194,0.01,0.04
2016.04.12 20:14:54.076,0.16158,0.16194,0.01,0.04
2016.04.12 20:14:55.162,0.16159,0.16194,0.02,0.02
2016.04.12 20:15:10.688,0.16157,0.16194,0.01,0.02
2016.04.12 20:15:10.739,0.16155,0.16194,0.02,0.02
2016.04.12 20:15:10.789,0.16155,0.16192,0.02,0.19
2016.04.12 20:15:11.564,0.16155,0.16191,0.02,0.19
2016.04.12 20:15:14.425,0.16157,0.16191,0.01,0.18
2016.04.12 20:15:14.634,0.16158,0.16194,0.01,0.03
2016.04.12 20:15:19.393,0.16158,0.16192,0.02,0.14
2016.04.12 20:15:23.945,0.16159,0.16192,0.01,0.14
2016.04.12 20:15:25.548,0.16158,0.16192,0.03,0.14
2016.04.12 20:15:26.102,0.16158,0.16193,0.03,0.22
2016.04.12 20:15:32.932,0.16158,0.16192,0.03,0.02
2016.04.12 20:15:34.577,0.16159,0.16192,0.01,0.02
2016.04.12 20:15:35.368,0.16158,0.16192,0.03,0.02
2016.04.12 20:15:39.087,0.16159,0.16192,0.01,0.02
2016.04.12 20:15:44.096,0.16158,0.16192,0.03,0.02
2016.04.12 20:15:44.611,0.16159,0.16192,0.01,0.02
2016.04.12 20:15:47.904,0.16158,0.16192,0.03,0.02
2016.04.12 20:15:49.699,0.16158,0.16194,0.03,0.08
2016.04.12 20:15:51.731,0.16159,0.16194,0.01,0.08
2016.04.12 20:15:52.916,0.16159,0.16195,0.01,0.01
2016.04.12 20:15:53.524,0.16158,0.16195,0.03,0.21
2016.04.12 20:15:56.137,0.16159,0.16194,0.01,0.01
2016.04.12 20:16:03.037,0.16158,0.16195,0.03,0.22
2016.04.12 20:16:10.657,0.16159,0.16194,0.01,0.01
2016.04.12 20:16:12.561,0.16158,0.16195,0.03,0.22
2016.04.12 20:16:12.885,0.16158,0.16193,0.03,0.19
2016.04.12 20:16:14.474,0.16159,0.16193,0.01,0.19
2016.04.12 20:16:14.633,0.16155,0.16193,0.20,0.19
2016.04.12 20:16:14.684,0.16158,0.16193,0.01,0.19
2016.04.12 20:16:15.414,0.16159,0.16193,0.01,0.24
2016.04.12 20:16:18.310,0.16158,0.16193,0.01,0.24
2016.04.12 20:16:19.046,0.16159,0.16193,0.02,0.24
2016.04.12 20:16:32.923,0.16159,0.16192,0.03,0.09
2016.04.12 20:16:52.950,0.16159,0.16193,0.02,0.25
2016.04.12 20:17:06.432,0.16159,0.16194,0.02,0.07
2016.04.12 20:17:07.870,0.16159,0.16193,0.02,0.19
2016.04.12 20:17:07.971,0.16159,0.16195,0.02,0.02
2016.04.12 20:17:10.504,0.16159,0.16194,0.02,0.20
2016.04.12 20:17:20.818,0.16158,0.16194,0.01,0.20
2016.04.12 20:17:21.348,0.16159,0.16194,0.01,0.21
2016.04.12 20:17:21.998,0.16159,0.16195,0.01,0.10
2016.04.12 20:17:22.922,0.16158,0.16195,0.01,0.08
2016.04.12 20:17:24.197,0.16158,0.16193,0.01,0.15
2016.04.12 20:17:24.711,0.16158,0.16194,0.01,0.23
2016.04.12 20:17:26.682,0.16159,0.16194,0.01,0.25
2016.04.12 20:17:28.546,0.16158,0.16194,0.03,0.21
2016.04.12 20:17:32.343,0.16155,0.16193,0.02,0.19
2016.04.12 20:17:32.393,0.16158,0.16193,0.01,0.19
2016.04.12 20:17:32.928,0.16157,0.16192,0.01,0.02
2016.04.12 20:17:33.655,0.16157,0.16193,0.01,0.05
2016.04.12 20:17:33.755,0.16155,0.16193,0.03,0.05
2016.04.12 20:17:34.274,0.16156,0.16192,0.01,0.12
2016.04.12 20:17:36.159,0.16155,0.16192,0.03,0.12
2016.04.12 20:17:36.292,0.16159,0.16192,0.02,0.12
2016.04.12 20:17:46.237,0.16158,0.16192,0.01,0.20
2016.04.12 20:17:46.685,0.16156,0.16192,0.01,0.20
2016.04.12 20:17:49.861,0.16155,0.16192,0.03,0.20
2016.04.12 20:17:50.198,0.16159,0.16191,0.02,0.21
2016.04.12 20:17:50.778,0.16159,0.16192,0.02,0.21
2016.04.12 20:18:12.876,0.16159,0.16193,0.03,0.19
2016.04.12 20:18:33.264,0.16158,0.16193,0.01,0.17
2016.04.12 20:18:33.438,0.16155,0.16191,0.03,0.21
2016.04.12 20:18:39.061,0.16154,0.16191,0.01,0.23
2016.04.12 20:18:42.885,0.16155,0.16191,0.01,0.23
2016.04.12 20:18:46.805,0.16157,0.16193,0.01,0.26
2016.04.12 20:18:47.456,0.16158,0.16193,0.01,0.26
2016.04.12 20:18:48.685,0.16157,0.16193,0.01,0.26
2016.04.12 20:18:50.777,0.16158,0.16193,0.02,0.26
2016.04.12 20:18:52.843,0.16158,0.16192,0.02,0.15
2016.04.12 20:18:56.304,0.16159,0.16192,0.01,0.15
2016.04.12 20:18:57.938,0.16158,0.16192,0.03,0.15
2016.04.12 20:19:02.946,0.16159,0.16192,0.01,0.15
2016.04.12 20:19:03.838,0.16158,0.16192,0.03,0.15
2016.04.12 20:19:07.646,0.16159,0.16192,0.01,0.15
2016.04.12 20:19:11.454,0.16158,0.16192,0.03,0.15
2016.04.12 20:19:12.881,0.16158,0.16193,0.03,0.17
2016.04.12 20:19:13.465,0.16159,0.16193,0.01,0.17
2016.04.12 20:19:15.262,0.16158,0.16193,0.03,0.17
2016.04.12 20:19:19.078,0.16159,0.16193,0.01,0.17
2016.04.12 20:19:19.530,0.16159,0.16195,0.01,0.10
2016.04.12 20:19:20.984,0.16158,0.16195,0.03,0.08
2016.04.12 20:19:23.147,0.16158,0.16194,0.03,0.22
2016.04.12 20:19:23.872,0.16159,0.16194,0.01,0.23
2016.04.12 20:19:24.796,0.16158,0.16194,0.03,0.22
2016.04.12 20:19:26.702,0.16159,0.16194,0.01,0.23
2016.04.12 20:19:32.816,0.16159,0.16193,0.01,0.08
2016.04.12 20:19:34.129,0.16158,0.16193,0.03,0.08
2016.04.12 20:19:34.663,0.16159,0.16193,0.01,0.08
2016.04.12 20:19:36.239,0.16158,0.16193,0.03,0.08
2016.04.12 20:19:38.038,0.16159,0.16193,0.01,0.08
2016.04.12 20:19:39.027,0.16159,0.16194,0.01,0.07
2016.04.12 20:19:39.819,0.16158,0.16195,0.03,0.12
2016.04.12 20:19:41.864,0.16159,0.16195,0.01,0.13
2016.04.12 20:19:43.752,0.16158,0.16195,0.03,0.12
2016.04.12 20:19:49.464,0.16159,0.16195,0.01,0.13
2016.04.12 20:19:51.369,0.16158,0.16195,0.01,0.12
2016.04.12 20:19:57.096,0.16159,0.16195,0.01,0.18
2016.04.12 20:19:57.684,0.16158,0.16195,0.01,0.25
2016.04.12 20:19:58.987,0.16159,0.16195,0.01,0.27
2016.04.12 20:20:00.891,0.16158,0.16195,0.01,0.25
2016.04.12 20:20:02.797,0.16159,0.16195,0.01,0.27
2016.04.12 20:20:06.605,0.16158,0.16195,0.01,0.25
2016.04.12 20:20:10.413,0.16159,0.16195,0.01,0.14
2016.04.12 20:20:11.023,0.16158,0.16194,0.01,0.17
2016.04.12 20:20:12.317,0.16159,0.16194,0.01,0.17
2016.04.12 20:20:14.222,0.16158,0.16194,0.01,0.20
2016.04.12 20:20:21.744,0.16159,0.16194,0.01,0.06
2016.04.12 20:20:23.650,0.16158,0.16194,0.01,0.06
2016.04.12 20:20:24.235,0.16158,0.16193,0.01,0.18
2016.04.12 20:20:31.302,0.16159,0.16193,0.01,0.18
2016.04.12 20:20:33.196,0.16158,0.16193,0.01,0.13
2016.04.12 20:20:36.077,0.16159,0.16193,0.01,0.13
2016.04.12 20:20:37.079,0.16158,0.16193,0.01,0.13
2016.04.12 20:20:39.984,0.16159,0.16193,0.01,0.13
2016.04.12 20:20:40.833,0.16158,0.16193,0.01,0.13
2016.04.12 20:20:44.594,0.16159,0.16193,0.01,0.13
2016.04.12 20:20:48.401,0.16158,0.16193,0.01,0.13
2016.04.12 20:20:54.115,0.16159,0.16193,0.01,0.08
2016.04.12 20:20:57.927,0.16158,0.16193,0.01,0.08
2016.04.12 20:20:58.629,0.16159,0.16193,0.01,0.08
2016.04.12 20:20:59.831,0.16158,0.16193,0.01,0.08
2016.04.12 20:21:01.736,0.16159,0.16193,0.01,0.08
2016.04.12 20:21:03.538,0.16158,0.16193,0.01,0.08
2016.04.12 20:21:05.453,0.16159,0.16193,0.01,0.08
2016.04.12 20:21:09.249,0.16158,0.16193,0.01,0.08
2016.04.12 20:21:12.870,0.16158,0.16194,0.01,0.10
2016.04.12 20:21:16.894,0.16159,0.16194,0.01,0.10
2016.04.12 20:21:26.302,0.16158,0.16194,0.01,0.10
2016.04.12 20:21:26.960,0.16159,0.16194,0.01,0.10
2016.04.12 20:21:28.287,0.16158,0.16194,0.01,0.10
2016.04.12 20:21:34.009,0.16159,0.16194,0.01,0.20
2016.04.12 20:21:41.627,0.16158,0.16194,0.01,0.19
2016.04.12 20:21:43.574,0.16159,0.16194,0.01,0.20
2016.04.12 20:21:47.246,0.16158,0.16194,0.01,0.19
2016.04.12 20:21:49.150,0.16159,0.16194,0.01,0.20
2016.04.12 20:21:52.946,0.16159,0.16193,0.01,0.07
2016.04.12 20:21:53.546,0.16158,0.16193,0.01,0.07
2016.04.12 20:22:06.813,0.16159,0.16193,0.01,0.07
2016.04.12 20:22:10.133,0.16158,0.16193,0.01,0.07
2016.04.12 20:22:12.021,0.16159,0.16193,0.01,0.07
2016.04.12 20:22:12.880,0.16159,0.16194,0.01,0.14
2016.04.12 20:22:13.926,0.16158,0.16194,0.01,0.13
2016.04.12 20:22:15.832,0.16159,0.16194,0.01,0.14
2016.04.12 20:22:18.885,0.16158,0.16194,0.01,0.13
2016.04.12 20:22:27.169,0.16159,0.16194,0.01,0.14
2016.04.12 20:22:31.025,0.16158,0.16194,0.01,0.13
2016.04.12 20:22:32.883,0.16159,0.16194,0.01,0.14
2016.04.12 20:22:40.499,0.16158,0.16194,0.01,0.12
2016.04.12 20:22:50.067,0.16159,0.16194,0.01,0.12
2016.04.12 20:22:51.922,0.16158,0.16194,0.01,0.12
2016.04.12 20:22:52.854,0.16158,0.16193,0.01,0.10
2016.04.12 20:22:57.633,0.16159,0.16193,0.01,0.10
2016.04.12 20:22:59.484,0.16158,0.16193,0.01,0.10
2016.04.12 20:23:06.796,0.16159,0.16193,0.01,0.10
2016.04.12 20:23:08.983,0.16158,0.16193,0.01,0.10
2016.04.12 20:23:10.877,0.16159,0.16193,0.01,0.10
2016.04.12 20:23:14.686,0.16158,0.16193,0.01,0.10
2016.04.12 20:23:15.589,0.16159,0.16193,0.01,0.10
2016.04.12 20:23:16.591,0.16158,0.16193,0.01,0.10
2016.04.12 20:23:24.208,0.16159,0.16193,0.01,0.10
2016.04.12 20:23:26.113,0.16158,0.16193,0.01,0.10
2016.04.12 20:23:26.703,0.16158,0.16194,0.01,0.08
2016.04.12 20:23:28.016,0.16159,0.16194,0.01,0.08
2016.04.12 20:23:31.825,0.16158,0.16194,0.01,0.08
2016.04.12 20:23:32.841,0.16158,0.16195,0.01,0.17
2016.04.12 20:23:39.344,0.16159,0.16195,0.01,0.19
2016.04.12 20:23:41.277,0.16158,0.16195,0.01,0.17
2016.04.12 20:23:41.887,0.16159,0.16195,0.01,0.19
2016.04.12 20:23:45.574,0.16158,0.16195,0.01,0.17
2016.04.12 20:23:48.270,0.16159,0.16194,0.01,0.01
2016.04.12 20:23:49.374,0.16158,0.16195,0.01,0.22
2016.04.12 20:23:51.313,0.16159,0.16194,0.01,0.01
2016.04.12 20:23:53.186,0.16158,0.16195,0.01,0.22
2016.04.12 20:23:58.803,0.16159,0.16194,0.01,0.01
2016.04.12 20:24:02.614,0.16158,0.16195,0.01,0.22
2016.04.12 20:24:04.572,0.16159,0.16194,0.01,0.01
2016.04.12 20:24:06.423,0.16158,0.16195,0.01,0.22
2016.04.12 20:24:06.958,0.16158,0.16196,0.01,0.20
2016.04.12 20:24:10.231,0.16159,0.16195,0.01,0.01
2016.04.12 20:24:15.942,0.16158,0.16196,0.01,0.20
2016.04.12 20:24:19.751,0.16159,0.16195,0.01,0.01
2016.04.12 20:24:25.462,0.16158,0.16196,0.01,0.20
2016.04.12 20:24:27.365,0.16159,0.16195,0.01,0.01
2016.04.12 20:24:31.194,0.16158,0.16196,0.01,0.20
2016.04.12 20:24:32.867,0.16158,0.16195,0.01,0.18
2016.04.12 20:24:33.453,0.16159,0.16195,0.01,0.20
2016.04.12 20:24:35.604,0.16158,0.16194,0.01,0.19
2016.04.12 20:24:36.803,0.16159,0.16194,0.01,0.20
2016.04.12 20:24:40.597,0.16158,0.16194,0.01,0.19
2016.04.12 20:24:46.317,0.16159,0.16194,0.01,0.20
2016.04.12 20:24:48.216,0.16158,0.16194,0.01,0.19
2016.04.12 20:24:55.837,0.16159,0.16194,0.01,0.18
2016.04.12 20:24:57.742,0.16158,0.16194,0.01,0.17
2016.04.12 20:25:01.565,0.16159,0.16194,0.01,0.18
2016.04.12 20:25:03.461,0.16158,0.16194,0.01,0.17
2016.04.12 20:25:05.366,0.16159,0.16194,0.01,0.18
2016.04.12 20:25:09.222,0.16158,0.16194,0.01,0.17
2016.04.12 20:25:10.987,0.16159,0.16194,0.01,0.18
2016.04.12 20:25:12.838,0.16159,0.16193,0.01,0.10
2016.04.12 20:25:13.397,0.16158,0.16193,0.01,0.10
2016.04.12 20:25:26.234,0.16159,0.16193,0.01,0.10
2016.04.12 20:25:28.138,0.16158,0.16193,0.01,0.10
2016.04.12 20:25:32.867,0.16158,0.16194,0.01,0.20
2016.04.12 20:25:33.881,0.16159,0.16194,0.01,0.21
2016.04.12 20:25:35.755,0.16158,0.16194,0.01,0.20
2016.04.12 20:25:37.658,0.16159,0.16194,0.01,0.21
2016.04.12 20:25:39.562,0.16158,0.16194,0.01,0.20
2016.04.12 20:25:41.465,0.16159,0.16194,0.01,0.21
2016.04.12 20:25:43.370,0.16158,0.16194,0.01,0.20
2016.04.12 20:25:47.180,0.16159,0.16194,0.01,0.21
2016.04.12 20:25:48.731,0.16158,0.16194,0.01,0.20
2016.04.12 20:25:49.251,0.16159,0.16194,0.01,0.21
2016.04.12 20:25:49.946,0.16163,0.16196,0.03,0.20
2016.04.12 20:25:50.495,0.16164,0.16195,0.01,0.01
2016.04.12 20:25:53.697,0.16163,0.16196,0.03,0.01
2016.04.12 20:25:57.754,0.16164,0.16195,0.01,0.01
2016.04.12 20:25:59.410,0.16163,0.16196,0.03,0.01
2016.04.12 20:26:00.514,0.16164,0.16195,0.01,0.01
2016.04.12 20:26:03.220,0.16163,0.16196,0.03,0.01
2016.04.12 20:26:06.928,0.16164,0.16195,0.02,0.01
2016.04.12 20:26:08.271,0.16163,0.16196,0.04,0.01
2016.04.12 20:26:10.838,0.16164,0.16195,0.02,0.01
2016.04.12 20:26:18.940,0.16164,0.162,0.02,0.18
2016.04.12 20:26:19.511,0.16163,0.162,0.04,0.18
2016.04.12 20:26:19.662,0.16163,0.16198,0.04,0.06
2016.04.12 20:26:20.679,0.16164,0.16198,0.02,0.06
2016.04.12 20:26:21.274,0.16163,0.16198,0.04,0.06
2016.04.12 20:26:26.078,0.16164,0.16198,0.02,0.06
2016.04.12 20:26:28.029,0.16163,0.16198,0.04,0.06
2016.04.12 20:26:32.958,0.16163,0.16199,0.04,0.19
2016.04.12 20:26:33.596,0.16164,0.16199,0.02,0.20
2016.04.12 20:26:35.501,0.16163,0.16199,0.04,0.19
2016.04.12 20:26:37.407,0.16164,0.16199,0.02,0.20
2016.04.12 20:26:41.218,0.16163,0.16199,0.04,0.19
2016.04.12 20:26:43.161,0.16164,0.16199,0.02,0.20
2016.04.12 20:26:45.029,0.16163,0.16199,0.04,0.19
2016.04.12 20:26:45.192,0.16163,0.16201,0.04,0.24
2016.04.12 20:26:46.935,0.16164,0.16201,0.02,0.24
2016.04.12 20:26:52.650,0.16163,0.16201,0.02,0.22
2016.04.12 20:26:53.343,0.16163,0.162,0.02,0.19
2016.04.12 20:26:54.554,0.16164,0.162,0.02,0.19
2016.04.12 20:26:55.958,0.16163,0.162,0.02,0.19
2016.04.12 20:26:56.460,0.16164,0.162,0.02,0.19
2016.04.12 20:26:57.863,0.16163,0.162,0.02,0.19
2016.04.12 20:26:59.768,0.16164,0.162,0.02,0.19
2016.04.12 20:27:02.175,0.16163,0.162,0.02,0.19
2016.04.12 20:27:05.483,0.16164,0.162,0.02,0.19
2016.04.12 20:27:05.985,0.16163,0.162,0.02,0.19
2016.04.12 20:27:06.822,0.16164,0.162,0.02,0.19
2016.04.12 20:27:12.927,0.16164,0.16201,0.02,0.07
2016.04.12 20:27:13.484,0.16163,0.16201,0.02,0.07
2016.04.12 20:27:14.031,0.16164,0.16201,0.02,0.07
2016.04.12 20:27:15.408,0.16163,0.16201,0.02,0.07
2016.04.12 20:27:16.834,0.16164,0.162,0.02,0.01
2016.04.12 20:27:17.413,0.16164,0.16199,0.02,0.11
2016.04.12 20:27:21.126,0.16163,0.16199,0.02,0.11
2016.04.12 20:27:22.628,0.16164,0.16199,0.02,0.11
2016.04.12 20:27:23.420,0.16163,0.16199,0.02,0.11
2016.04.12 20:27:24.935,0.16164,0.16199,0.02,0.11
2016.04.12 20:27:32.082,0.16163,0.16199,0.02,0.11
2016.04.12 20:27:32.861,0.16163,0.162,0.02,0.16
2016.04.12 20:27:37.796,0.16164,0.162,0.02,0.17
2016.04.12 20:27:38.606,0.16163,0.162,0.02,0.16
2016.04.12 20:27:40.099,0.16164,0.162,0.02,0.17
2016.04.12 20:27:42.303,0.16163,0.162,0.02,0.16
2016.04.12 20:27:43.505,0.16164,0.162,0.02,0.17
2016.04.12 20:27:45.008,0.16163,0.162,0.01,0.16
2016.04.12 20:27:45.535,0.16164,0.162,0.01,0.17
2016.04.12 20:27:46.196,0.16164,0.16199,0.01,0.01
2016.04.12 20:27:49.633,0.16163,0.162,0.01,0.17
2016.04.12 20:27:51.035,0.16164,0.16199,0.01,0.01
2016.04.12 20:27:56.747,0.16163,0.16199,0.01,0.16
2016.04.12 20:27:57.248,0.16164,0.16199,0.01,0.17
2016.04.12 20:28:00.555,0.16163,0.16199,0.01,0.16
2016.04.12 20:28:02.459,0.16164,0.16199,0.01,0.17
2016.04.12 20:28:02.960,0.16163,0.16199,0.01,0.16
2016.04.12 20:28:06.267,0.16164,0.16199,0.01,0.17
2016.04.12 20:28:06.768,0.16162,0.16199,0.01,0.16
2016.04.12 20:28:07.340,0.16162,0.16198,0.01,0.20
2016.04.12 20:28:08.172,0.16163,0.16198,0.01,0.20
2016.04.12 20:28:08.711,0.16162,0.16198,0.01,0.20
2016.04.12 20:28:09.321,0.16163,0.16198,0.01,0.20
2016.04.12 20:28:09.866,0.16163,0.16199,0.01,0.20
2016.04.12 20:28:10.576,0.16164,0.16199,0.01,0.21
2016.04.12 20:28:12.011,0.16163,0.16199,0.01,0.20
2016.04.12 20:28:14.323,0.16164,0.16199,0.01,0.18
2016.04.12 20:28:15.790,0.16163,0.16199,0.01,0.16
2016.04.12 20:28:17.693,0.16164,0.16199,0.01,0.18
2016.04.12 20:28:19.599,0.16163,0.16199,0.01,0.16
2016.04.12 20:28:21.504,0.16164,0.16199,0.01,0.18
2016.04.12 20:28:22.175,0.16163,0.16199,0.01,0.16
2016.04.12 20:28:25.311,0.16164,0.16199,0.01,0.18
2016.04.12 20:28:25.849,0.16163,0.16199,0.01,0.16
2016.04.12 20:28:29.119,0.16164,0.16199,0.01,0.18
2016.04.12 20:28:31.022,0.16163,0.16199,0.01,0.16
2016.04.12 20:28:33.327,0.16164,0.16199,0.01,0.14
2016.04.12 20:28:34.833,0.16163,0.16199,0.01,0.13
2016.04.12 20:28:35.443,0.16164,0.16199,0.01,0.14
2016.04.12 20:28:36.735,0.16163,0.16199,0.01,0.13
2016.04.12 20:28:37.421,0.16164,0.16199,0.01,0.14
2016.04.12 20:28:39.039,0.16163,0.16199,0.01,0.13
2016.04.12 20:28:40.442,0.16164,0.16199,0.01,0.14
2016.04.12 20:28:42.355,0.16163,0.16199,0.01,0.13
2016.04.12 20:28:44.257,0.16164,0.16199,0.01,0.14
2016.04.12 20:28:46.156,0.16163,0.16199,0.01,0.13
2016.04.12 20:28:46.658,0.16164,0.16199,0.01,0.14
2016.04.12 20:28:48.564,0.16163,0.16199,0.01,0.13
2016.04.12 20:28:50.014,0.16164,0.16199,0.01,0.14
2016.04.12 20:28:50.624,0.16163,0.16199,0.01,0.13
2016.04.12 20:28:51.876,0.16164,0.16199,0.01,0.14
2016.04.12 20:28:53.785,0.16163,0.16199,0.01,0.18
2016.04.12 20:28:55.690,0.16164,0.16199,0.01,0.20
2016.04.12 20:28:56.235,0.16163,0.16199,0.01,0.18
2016.04.12 20:28:57.607,0.16164,0.16199,0.01,0.20
2016.04.12 20:28:59.500,0.16163,0.16199,0.01,0.18
2016.04.12 20:29:00.150,0.16164,0.16199,0.01,0.20
2016.04.12 20:29:01.404,0.16163,0.16199,0.01,0.18
2016.04.12 20:29:01.907,0.16164,0.16199,0.01,0.20
2016.04.12 20:29:06.847,0.16161,0.16197,0.02,0.19
2016.04.12 20:29:06.919,0.16164,0.16197,0.01,0.19
2016.04.12 20:29:06.970,0.16164,0.16199,0.01,0.10
2016.04.12 20:29:07.528,0.16163,0.16199,0.01,0.08
2016.04.12 20:29:09.024,0.16164,0.16199,0.01,0.10
2016.04.12 20:29:09.648,0.16163,0.16199,0.01,0.08
2016.04.12 20:29:10.929,0.16164,0.16199,0.01,0.10
2016.04.12 20:29:12.835,0.16163,0.16199,0.01,0.08
2016.04.12 20:29:14.648,0.16164,0.16199,0.01,0.10
2016.04.12 20:29:15.404,0.16163,0.16199,0.01,0.10
2016.04.12 20:29:21.778,0.16162,0.16199,0.01,0.08
2016.04.12 20:29:23.662,0.16163,0.16199,0.01,0.10
2016.04.12 20:29:24.686,0.16164,0.16199,0.01,0.10
2016.04.12 20:29:25.567,0.16163,0.16199,0.01,0.08
2016.04.12 20:29:26.287,0.16164,0.16199,0.01,0.10
2016.04.12 20:29:27.471,0.16163,0.16199,0.01,0.08
2016.04.12 20:29:29.397,0.16164,0.16199,0.01,0.10
2016.04.12 20:29:32.381,0.16163,0.16199,0.01,0.08
2016.04.12 20:29:37.039,0.16164,0.16199,0.01,0.23
2016.04.12 20:29:39.399,0.16163,0.16199,0.01,0.22
2016.04.12 20:29:39.932,0.16164,0.16199,0.01,0.23
2016.04.12 20:29:44.613,0.16163,0.16199,0.01,0.22
2016.04.12 20:29:52.196,0.16164,0.16199,0.01,0.22
2016.04.12 20:29:55.950,0.16163,0.16199,0.01,0.14
2016.04.12 20:29:57.894,0.16164,0.16199,0.01,0.14
2016.04.12 20:30:00.067,0.16164,0.162,0.01,0.01
2016.04.12 20:30:00.660,0.16164,0.16204,0.01,0.03
2016.04.12 20:30:01.697,0.16163,0.16205,0.01,0.03
2016.04.12 20:30:02.205,0.16164,0.16204,0.01,0.03
2016.04.12 20:30:02.535,0.16164,0.162,0.01,0.01
2016.04.12 20:30:03.607,0.16163,0.16201,0.01,0.01
2016.04.12 20:30:07.425,0.16164,0.162,0.01,0.01
2016.04.12 20:30:09.319,0.16163,0.16201,0.01,0.01
2016.04.12 20:30:11.123,0.16164,0.162,0.01,0.01
2016.04.12 20:30:13.127,0.16163,0.16201,0.01,0.01
2016.04.12 20:30:15.055,0.16164,0.162,0.01,0.01
2016.04.12 20:30:15.780,0.16163,0.16201,0.01,0.01
2016.04.12 20:30:18.739,0.16164,0.162,0.01,0.01
2016.04.12 20:30:21.645,0.16163,0.16201,0.01,0.01
2016.04.12 20:30:23.851,0.16164,0.162,0.01,0.01
2016.04.12 20:30:28.263,0.16163,0.16201,0.01,0.01
2016.04.12 20:30:29.266,0.16164,0.162,0.01,0.01
2016.04.12 20:30:32.113,0.16163,0.16201,0.01,0.01
2016.04.12 20:30:33.986,0.16164,0.162,0.01,0.01
2016.04.12 20:30:37.794,0.16163,0.16201,0.01,0.01
2016.04.12 20:30:39.765,0.16164,0.162,0.01,0.01
2016.04.12 20:30:41.601,0.16163,0.16201,0.01,0.01
2016.04.12 20:30:43.505,0.16164,0.162,0.01,0.01
2016.04.12 20:30:49.218,0.16163,0.16201,0.01,0.01
2016.04.12 20:30:51.122,0.16164,0.162,0.01,0.01
2016.04.12 20:30:54.931,0.16163,0.16201,0.01,0.01
2016.04.12 20:30:55.514,0.16164,0.162,0.01,0.01
2016.04.12 20:30:56.884,0.16163,0.16201,0.01,0.01
2016.04.12 20:30:58.638,0.16164,0.162,0.01,0.01
2016.04.12 20:31:00.544,0.16163,0.16201,0.01,0.01
2016.04.12 20:31:02.447,0.16164,0.162,0.01,0.01
2016.04.12 20:31:04.351,0.16163,0.16201,0.01,0.01
2016.04.12 20:31:08.211,0.16164,0.162,0.01,0.01
2016.04.12 20:31:10.067,0.16163,0.16201,0.01,0.01
2016.04.12 20:31:11.973,0.16164,0.162,0.01,0.01
2016.04.12 20:31:13.879,0.16163,0.16201,0.01,0.01
2016.04.12 20:31:21.500,0.16164,0.162,0.01,0.01
2016.04.12 20:31:23.406,0.16163,0.16201,0.01,0.01
2016.04.12 20:31:24.138,0.16164,0.16199,0.01,0.01
2016.04.12 20:31:24.264,0.1616,0.162,0.01,0.01
2016.04.12 20:31:24.315,0.1616,0.16198,0.01,0.02
2016.04.12 20:31:37.544,0.16161,0.16198,0.01,0.02
2016.04.12 20:31:43.256,0.1616,0.16198,0.01,0.02
2016.04.12 20:31:45.160,0.16161,0.16198,0.01,0.02
2016.04.12 20:31:47.064,0.1616,0.16198,0.01,0.02
2016.04.12 20:31:49.009,0.16161,0.16198,0.01,0.02
2016.04.12 20:31:56.605,0.1616,0.16198,0.01,0.02
2016.04.12 20:31:58.387,0.16161,0.16198,0.01,0.02
2016.04.12 20:32:02.245,0.1616,0.16198,0.01,0.02
2016.04.12 20:32:05.495,0.16161,0.16199,0.02,0.02
2016.04.12 20:32:06.089,0.16162,0.16199,0.01,0.02
2016.04.12 20:32:06.819,0.16161,0.16199,0.03,0.05
2016.04.12 20:32:09.528,0.16161,0.16198,0.01,0.02
2016.04.12 20:32:13.732,0.1616,0.16198,0.01,0.02
2016.04.12 20:32:15.577,0.16163,0.162,0.01,0.01
2016.04.12 20:32:16.087,0.16164,0.16199,0.01,0.01
2016.04.12 20:32:17.449,0.16163,0.162,0.01,0.01
2016.04.12 20:32:21.247,0.16164,0.16199,0.01,0.01
2016.04.12 20:32:25.085,0.16163,0.162,0.01,0.01
2016.04.12 20:32:30.767,0.16164,0.16199,0.01,0.01
2016.04.12 20:32:34.417,0.16163,0.162,0.01,0.01
2016.04.12 20:32:34.522,0.16163,0.16202,0.01,0.02
2016.04.12 20:32:35.056,0.16164,0.16202,0.01,0.02
2016.04.12 20:32:38.383,0.16163,0.16202,0.01,0.02
2016.04.12 20:32:40.186,0.16164,0.16202,0.01,0.02
2016.04.12 20:32:42.090,0.16163,0.16202,0.01,0.02
2016.04.12 20:32:43.994,0.16164,0.16202,0.01,0.02
2016.04.12 20:32:45.897,0.16163,0.16202,0.01,0.02
2016.04.12 20:32:47.813,0.16164,0.16202,0.01,0.02
2016.04.12 20:32:49.744,0.16163,0.16202,0.01,0.02
2016.04.12 20:32:53.525,0.16164,0.16202,0.01,0.02
2016.04.12 20:33:01.144,0.16163,0.16202,0.01,0.02
2016.04.12 20:33:06.859,0.16164,0.16202,0.01,0.02
2016.04.12 20:33:08.764,0.16163,0.16202,0.01,0.02
2016.04.12 20:33:11.806,0.16164,0.16202,0.01,0.02
2016.04.12 20:33:12.371,0.16163,0.16202,0.01,0.02
2016.04.12 20:33:15.720,0.16163,0.16205,0.01,0.03
2016.04.12 20:33:16.302,0.16164,0.16204,0.01,0.03
2016.04.12 20:33:20.286,0.16163,0.16201,0.01,0.01
2016.04.12 20:33:21.088,0.16164,0.16205,0.01,0.03
2016.04.12 20:33:22.190,0.16165,0.16204,0.01,0.03
2016.04.12 20:33:24.094,0.16164,0.16205,0.01,0.03
2016.04.12 20:33:29.805,0.16165,0.16204,0.01,0.03
2016.04.12 20:33:31.709,0.16164,0.16205,0.01,0.03
2016.04.12 20:33:33.628,0.16165,0.16204,0.01,0.03
2016.04.12 20:33:35.517,0.16164,0.16205,0.01,0.03
2016.04.12 20:33:39.325,0.16165,0.16204,0.01,0.03
2016.04.12 20:33:43.036,0.16164,0.16205,0.01,0.03
2016.04.12 20:33:45.077,0.16165,0.16204,0.01,0.03
2016.04.12 20:33:46.876,0.16164,0.16205,0.01,0.03
2016.04.12 20:33:51.862,0.16165,0.16204,0.01,0.03
2016.04.12 20:33:52.378,0.16164,0.16205,0.01,0.03
2016.04.12 20:33:58.278,0.16165,0.16204,0.01,0.03
2016.04.12 20:34:00.195,0.16164,0.16205,0.01,0.03
2016.04.12 20:34:05.906,0.16165,0.16204,0.01,0.03
2016.04.12 20:34:07.811,0.16164,0.16205,0.01,0.03
2016.04.12 20:34:09.714,0.16165,0.16204,0.01,0.03
2016.04.12 20:34:19.265,0.16164,0.16205,0.01,0.03
2016.04.12 20:34:22.261,0.16165,0.16199,0.01,0.01
2016.04.12 20:34:30.460,0.16164,0.162,0.01,0.01
2016.04.12 20:34:36.273,0.16165,0.16199,0.01,0.01
2016.04.12 20:34:38.178,0.16164,0.162,0.01,0.01
2016.04.12 20:34:40.082,0.16165,0.16199,0.01,0.01
2016.04.12 20:34:41.988,0.16164,0.162,0.01,0.01
2016.04.12 20:34:43.948,0.16165,0.16199,0.01,0.01
2016.04.12 20:34:44.844,0.16164,0.162,0.01,0.01
2016.04.12 20:34:49.609,0.16165,0.16199,0.01,0.01
2016.04.12 20:34:53.428,0.16164,0.162,0.01,0.01
2016.04.12 20:34:57.229,0.16165,0.16199,0.01,0.01
2016.04.12 20:34:59.082,0.16164,0.162,0.01,0.01
2016.04.12 20:35:09.078,0.16164,0.16205,0.01,0.03
2016.04.12 20:35:10.206,0.16166,0.16204,0.02,0.02
2016.04.12 20:35:14.347,0.16164,0.16201,0.01,0.02
2016.04.12 20:35:18.803,0.16165,0.16201,0.01,0.02
2016.04.12 20:35:20.047,0.16164,0.16201,0.01,0.02
2016.04.12 20:35:20.848,0.16165,0.16201,0.01,0.02
2016.04.12 20:35:23.814,0.16164,0.16201,0.01,0.02
2016.04.12 20:35:25.717,0.16165,0.16201,0.01,0.02
2016.04.12 20:35:27.621,0.16164,0.16201,0.01,0.02
2016.04.12 20:35:29.539,0.16165,0.16201,0.01,0.02
2016.04.12 20:35:30.457,0.16166,0.16204,0.02,0.05
2016.04.12 20:35:34.551,0.16166,0.16202,0.01,0.02
2016.04.12 20:35:37.904,0.16165,0.16202,0.01,0.02
2016.04.12 20:35:41.656,0.16166,0.16202,0.01,0.02
2016.04.12 20:35:43.562,0.16165,0.16202,0.01,0.02
2016.04.12 20:35:49.275,0.16166,0.16202,0.01,0.02
2016.04.12 20:35:52.990,0.16165,0.16202,0.01,0.02
2016.04.12 20:35:54.897,0.16166,0.16202,0.01,0.02
2016.04.12 20:35:56.803,0.16165,0.16202,0.01,0.02
2016.04.12 20:36:00.617,0.16166,0.16202,0.01,0.02
2016.04.12 20:36:08.238,0.16165,0.16202,0.01,0.02
2016.04.12 20:36:12.069,0.16166,0.16202,0.01,0.02
2016.04.12 20:36:13.959,0.16165,0.16202,0.01,0.02
2016.04.12 20:36:15.863,0.16166,0.16202,0.01,0.02
2016.04.12 20:36:29.180,0.16165,0.16202,0.01,0.02
2016.04.12 20:36:31.083,0.16166,0.16202,0.01,0.02
2016.04.12 20:36:34.718,0.16166,0.16204,0.01,0.03
2016.04.12 20:36:36.694,0.16165,0.16205,0.01,0.03
2016.04.12 20:36:50.037,0.16166,0.16204,0.01,0.05
2016.04.12 20:37:03.374,0.16165,0.16205,0.01,0.05
2016.04.12 20:37:05.279,0.16166,0.16204,0.01,0.05
2016.04.12 20:37:13.842,0.16168,0.16205,0.02,0.01
2016.04.12 20:37:16.128,0.16168,0.16204,0.02,0.01
2016.04.12 20:37:18.027,0.16168,0.16205,0.02,0.01
2016.04.12 20:37:21.834,0.16168,0.16204,0.02,0.01
2016.04.12 20:37:23.437,0.16168,0.16205,0.02,0.01
2016.04.12 20:37:23.601,0.16166,0.16204,0.03,0.03
2016.04.12 20:37:29.678,0.16165,0.16202,0.01,0.02
2016.04.12 20:37:30.402,0.16166,0.16202,0.01,0.02
2016.04.12 20:37:31.759,0.16168,0.16204,0.02,0.01
2016.04.12 20:37:33.461,0.16168,0.16205,0.02,0.01
2016.04.12 20:37:34.003,0.16168,0.16206,0.02,0.01
2016.04.12 20:37:35.366,0.16168,0.16205,0.04,0.01
2016.04.12 20:37:39.176,0.16168,0.16206,0.02,0.01
2016.04.12 20:37:42.986,0.16168,0.16205,0.04,0.01
2016.04.12 20:37:48.701,0.16168,0.16206,0.02,0.01
2016.04.12 20:37:54.412,0.16168,0.16205,0.04,0.01
2016.04.12 20:37:56.318,0.16168,0.16206,0.02,0.01
2016.04.12 20:38:00.143,0.16168,0.16205,0.04,0.01
2016.04.12 20:38:02.075,0.16168,0.16206,0.02,0.01
2016.04.12 20:38:03.842,0.16168,0.16205,0.04,0.01
2016.04.12 20:38:05.754,0.16168,0.16206,0.02,0.01
2016.04.12 20:38:13.385,0.16168,0.16205,0.04,0.01
2016.04.12 20:38:15.275,0.16168,0.16206,0.02,0.01
2016.04.12 20:38:17.183,0.16168,0.16205,0.04,0.01
2016.04.12 20:38:21.033,0.16168,0.16206,0.02,0.01
2016.04.12 20:38:26.725,0.16168,0.16205,0.04,0.01
2016.04.12 20:38:28.675,0.16168,0.16206,0.02,0.01
2016.04.12 20:38:30.440,0.16168,0.16205,0.04,0.01
2016.04.12 20:38:34.289,0.16167,0.16206,0.02,0.01
2016.04.12 20:38:41.898,0.16168,0.16205,0.02,0.01
2016.04.12 20:38:43.800,0.16167,0.16206,0.02,0.01
2016.04.12 20:38:49.512,0.16168,0.16205,0.02,0.01
2016.04.12 20:38:53.320,0.16167,0.16206,0.02,0.01
2016.04.12 20:38:55.224,0.16168,0.16205,0.02,0.01
2016.04.12 20:38:57.131,0.16167,0.16206,0.02,0.01
2016.04.12 20:39:02.741,0.16168,0.16205,0.02,0.01
2016.04.12 20:39:06.549,0.16167,0.16206,0.02,0.01
2016.04.12 20:39:11.913,0.16168,0.16205,0.02,0.01
2016.04.12 20:39:16.073,0.16167,0.16206,0.02,0.01
2016.04.12 20:39:23.706,0.16168,0.16205,0.02,0.01
2016.04.12 20:39:25.610,0.16167,0.16206,0.02,0.01
2016.04.12 20:39:27.514,0.16168,0.16205,0.02,0.01
2016.04.12 20:39:29.418,0.16167,0.16206,0.02,0.01
2016.04.12 20:39:35.130,0.16168,0.16205,0.02,0.01
2016.04.12 20:39:37.081,0.16167,0.16206,0.02,0.01
2016.04.12 20:39:40.751,0.16168,0.16205,0.02,0.01
2016.04.12 20:39:42.656,0.16167,0.16206,0.02,0.01
2016.04.12 20:39:48.375,0.16168,0.16205,0.02,0.01
2016.04.12 20:39:52.183,0.16167,0.16206,0.02,0.01
2016.04.12 20:39:59.799,0.16168,0.16205,0.02,0.01
2016.04.12 20:40:01.703,0.16167,0.16206,0.02,0.01
2016.04.12 20:40:03.607,0.16168,0.16205,0.02,0.01
2016.04.12 20:40:11.223,0.16167,0.16206,0.02,0.01
2016.04.12 20:40:13.127,0.16168,0.16205,0.02,0.01
2016.04.12 20:40:15.043,0.16167,0.16206,0.02,0.01
2016.04.12 20:40:18.758,0.16168,0.16205,0.02,0.01
2016.04.12 20:40:22.984,0.16167,0.16206,0.02,0.01
2016.04.12 20:40:24.434,0.16168,0.16205,0.02,0.01
2016.04.12 20:40:26.383,0.16167,0.16206,0.02,0.01
2016.04.12 20:40:30.171,0.16168,0.16205,0.02,0.01
2016.04.12 20:40:32.083,0.16167,0.16206,0.02,0.01
2016.04.12 20:40:33.982,0.16168,0.16205,0.02,0.01
2016.04.12 20:40:41.606,0.16167,0.16206,0.02,0.01
2016.04.12 20:40:46.054,0.16168,0.16205,0.02,0.01
2016.04.12 20:40:49.221,0.16167,0.16206,0.02,0.01
2016.04.12 20:40:51.128,0.16168,0.16205,0.02,0.01
2016.04.12 20:40:53.033,0.16167,0.16206,0.02,0.01
2016.04.12 20:40:54.838,0.16168,0.16205,0.02,0.01
2016.04.12 20:40:56.741,0.16167,0.16206,0.02,0.01
2016.04.12 20:40:57.976,0.1617,0.16205,0.01,0.01
2016.04.12 20:40:58.501,0.16172,0.16206,0.02,0.01
2016.04.12 20:41:03.564,0.16173,0.16205,0.02,0.01
2016.04.12 20:41:07.464,0.16172,0.16206,0.04,0.01
2016.04.12 20:41:08.305,0.16174,0.16205,0.01,0.01
2016.04.12 20:41:09.368,0.16173,0.16206,0.01,0.01
2016.04.12 20:41:11.272,0.16174,0.16205,0.01,0.01
2016.04.12 20:41:13.176,0.16173,0.16206,0.01,0.01
2016.04.12 20:41:15.115,0.16174,0.16205,0.01,0.01
2016.04.12 20:41:18.900,0.16173,0.16206,0.01,0.01
2016.04.12 20:41:19.736,0.16174,0.16205,0.01,0.01
2016.04.12 20:41:20.823,0.16173,0.16206,0.01,0.01
2016.04.12 20:41:26.533,0.16174,0.16205,0.01,0.01
2016.04.12 20:41:28.365,0.16173,0.16206,0.01,0.01
2016.04.12 20:41:30.241,0.16174,0.16205,0.01,0.01
2016.04.12 20:41:32.145,0.16173,0.16206,0.01,0.01
2016.04.12 20:41:37.857,0.16174,0.16205,0.01,0.01
2016.04.12 20:41:41.667,0.16173,0.16206,0.01,0.01
2016.04.12 20:41:47.382,0.16174,0.16205,0.01,0.01
2016.04.12 20:41:49.286,0.16173,0.16206,0.01,0.01
2016.04.12 20:41:53.093,0.16174,0.16205,0.01,0.01
2016.04.12 20:41:54.997,0.16173,0.16206,0.01,0.01
2016.04.12 20:41:58.806,0.16174,0.16205,0.01,0.01
2016.04.12 20:42:02.147,0.16173,0.16206,0.01,0.01
2016.04.12 20:42:08.334,0.16174,0.16205,0.01,0.01
2016.04.12 20:42:10.137,0.16173,0.16206,0.01,0.01
2016.04.12 20:42:13.946,0.16174,0.16205,0.01,0.01
2016.04.12 20:42:15.868,0.16173,0.16206,0.01,0.01
2016.04.12 20:42:17.757,0.16174,0.16205,0.01,0.01
2016.04.12 20:42:19.708,0.16173,0.16206,0.01,0.01
2016.04.12 20:42:21.567,0.16174,0.16205,0.01,0.01
2016.04.12 20:42:23.471,0.16173,0.16206,0.01,0.01
2016.04.12 20:42:25.377,0.16174,0.16205,0.01,0.01
2016.04.12 20:42:27.302,0.16173,0.16206,0.01,0.01
2016.04.12 20:42:34.233,0.16174,0.16205,0.01,0.01
2016.04.12 20:42:34.444,0.16172,0.16205,0.01,0.01
2016.04.12 20:42:35.147,0.16171,0.16206,0.01,0.01
2016.04.12 20:42:37.204,0.16169,0.16206,0.03,0.01
2016.04.12 20:42:38.708,0.1617,0.16205,0.03,0.01
2016.04.12 20:42:44.466,0.16169,0.16206,0.03,0.01
2016.04.12 20:42:46.326,0.1617,0.16205,0.03,0.01
2016.04.12 20:42:53.845,0.16169,0.16206,0.03,0.01
2016.04.12 20:43:00.160,0.1617,0.16205,0.03,0.01
2016.04.12 20:43:00.692,0.16171,0.16205,0.02,0.01
2016.04.12 20:43:03.403,0.16171,0.16206,0.02,0.01
2016.04.12 20:43:04.737,0.16172,0.16206,0.02,0.01
2016.04.12 20:43:09.078,0.16172,0.16205,0.02,0.01
2016.04.12 20:43:12.574,0.16171,0.16205,0.02,0.01
2016.04.12 20:43:13.106,0.16171,0.16206,0.02,0.01
2016.04.12 20:43:15.710,0.16171,0.16205,0.02,0.01
2016.04.12 20:43:16.642,0.16168,0.16205,0.02,0.01
2016.04.12 20:43:19.304,0.16168,0.16206,0.02,0.01
2016.04.12 20:43:22.111,0.16168,0.16205,0.02,0.01
2016.04.12 20:43:22.813,0.16168,0.16206,0.02,0.01
2016.04.12 20:43:22.913,0.16166,0.16205,0.01,0.03
2016.04.12 20:43:23.423,0.16165,0.16205,0.03,0.02
2016.04.12 20:43:26.952,0.16169,0.16206,0.02,0.01
2016.04.12 20:43:35.439,0.16169,0.16205,0.02,0.01
2016.04.12 20:43:39.245,0.16169,0.16206,0.02,0.01
2016.04.12 20:43:41.152,0.16169,0.16205,0.02,0.01
2016.04.12 20:43:44.965,0.16169,0.16206,0.02,0.01
2016.04.12 20:43:45.715,0.16169,0.16205,0.02,0.01
2016.04.12 20:43:46.872,0.16169,0.16206,0.02,0.01
2016.04.12 20:43:50.717,0.16169,0.16205,0.02,0.01
2016.04.12 20:43:58.195,0.16169,0.16206,0.02,0.01
2016.04.12 20:44:02.003,0.16169,0.16205,0.02,0.01
2016.04.12 20:44:03.921,0.16169,0.16206,0.02,0.01
2016.04.12 20:44:07.724,0.16169,0.16205,0.02,0.01
2016.04.12 20:44:09.631,0.16169,0.16206,0.02,0.01
2016.04.12 20:44:13.447,0.16169,0.16205,0.02,0.01
2016.04.12 20:44:14.008,0.16166,0.16202,0.01,0.02
2016.04.12 20:44:14.059,0.16162,0.162,0.04,0.01
2016.04.12 20:44:15.960,0.16163,0.16199,0.02,0.01
2016.04.12 20:44:17.878,0.16162,0.162,0.04,0.01
2016.04.12 20:44:21.676,0.16163,0.16199,0.02,0.01
2016.04.12 20:44:27.288,0.16162,0.162,0.04,0.01
2016.04.12 20:44:38.710,0.16163,0.16199,0.02,0.01
2016.04.12 20:44:40.113,0.16162,0.162,0.04,0.01
2016.04.12 20:44:40.614,0.16163,0.16199,0.02,0.01
2016.04.12 20:44:44.421,0.16162,0.162,0.04,0.01
2016.04.12 20:44:46.325,0.16163,0.16199,0.02,0.01
2016.04.12 20:44:50.133,0.16162,0.162,0.04,0.01
2016.04.12 20:44:53.997,0.16163,0.16199,0.02,0.01
2016.04.12 20:44:59.666,0.16162,0.162,0.04,0.01
2016.04.12 20:45:01.213,0.16163,0.16199,0.02,0.01
2016.04.12 20:45:03.394,0.16162,0.162,0.04,0.01
2016.04.12 20:45:05.298,0.16163,0.16199,0.02,0.01
2016.04.12 20:45:12.914,0.16162,0.162,0.04,0.01
2016.04.12 20:45:18.625,0.16163,0.16199,0.02,0.01
2016.04.12 20:45:22.440,0.16162,0.162,0.02,0.01
2016.04.12 20:45:26.247,0.16163,0.16199,0.02,0.01
2016.04.12 20:45:30.075,0.16162,0.162,0.02,0.01
2016.04.12 20:45:39.566,0.16163,0.16199,0.02,0.01
2016.04.12 20:45:41.470,0.16162,0.162,0.02,0.01
2016.04.12 20:45:45.278,0.16163,0.16199,0.02,0.01
2016.04.12 20:45:54.695,0.16162,0.162,0.02,0.01
2016.04.12 20:46:02.311,0.16163,0.16199,0.02,0.01
2016.04.12 20:46:13.733,0.16162,0.162,0.02,0.01
2016.04.12 20:46:17.542,0.16163,0.16199,0.02,0.01
2016.04.12 20:46:30.880,0.16162,0.162,0.02,0.01
2016.04.12 20:46:32.695,0.16163,0.16199,0.02,0.01
2016.04.12 20:46:40.307,0.16162,0.162,0.02,0.01
2016.04.12 20:46:42.212,0.16163,0.16199,0.02,0.01
2016.04.12 20:46:44.117,0.16162,0.162,0.02,0.01
2016.04.12 20:46:49.833,0.16163,0.16199,0.02,0.01
2016.04.12 20:46:51.739,0.16162,0.162,0.02,0.01
2016.04.12 20:46:53.644,0.16163,0.16199,0.02,0.01
2016.04.12 20:46:55.549,0.16162,0.162,0.02,0.01
2016.04.12 20:46:59.358,0.16163,0.16199,0.02,0.01
2016.04.12 20:47:01.262,0.16162,0.162,0.02,0.01
2016.04.12 20:47:03.168,0.16163,0.16199,0.02,0.01
2016.04.12 20:47:05.077,0.16162,0.162,0.02,0.01
2016.04.12 20:47:06.981,0.16163,0.16199,0.02,0.01
2016.04.12 20:47:14.498,0.16162,0.162,0.02,0.01
2016.04.12 20:47:16.413,0.16163,0.16199,0.02,0.01
2016.04.12 20:47:18.305,0.16162,0.162,0.02,0.01
2016.04.12 20:47:20.209,0.16163,0.16199,0.02,0.01
2016.04.12 20:47:24.016,0.16162,0.162,0.02,0.01
2016.04.12 20:47:27.823,0.16163,0.16199,0.02,0.01
2016.04.12 20:47:29.727,0.16162,0.162,0.02,0.01
2016.04.12 20:47:35.456,0.16163,0.16199,0.02,0.01
2016.04.12 20:47:43.071,0.16162,0.162,0.02,0.01
2016.04.12 20:47:46.925,0.16163,0.16199,0.02,0.01
2016.04.12 20:47:48.781,0.16162,0.162,0.02,0.01
2016.04.12 20:47:50.985,0.16154,0.162,0.01,0.01
2016.04.12 20:47:51.036,0.16159,0.16197,0.02,0.02
2016.04.12 20:48:35.504,0.16155,0.16195,0.02,0.03
2016.04.12 20:48:36.621,0.16155,0.16194,0.04,0.01
2016.04.12 20:48:38.498,0.16155,0.16195,0.02,0.03
2016.04.12 20:48:39.568,0.16158,0.16195,0.02,0.01
2016.04.12 20:48:42.334,0.16158,0.16194,0.02,0.01
2016.04.12 20:48:46.116,0.16158,0.16195,0.02,0.01
2016.04.12 20:48:53.635,0.16158,0.16194,0.02,0.01
2016.04.12 20:48:57.443,0.16158,0.16195,0.02,0.01
2016.04.12 20:48:59.347,0.16158,0.16194,0.02,0.01
2016.04.12 20:49:01.253,0.16158,0.16195,0.02,0.01
2016.04.12 20:49:06.101,0.1616,0.162,0.02,0.03
2016.04.12 20:49:08.874,0.1616,0.16199,0.02,0.01
2016.04.12 20:49:10.095,0.16158,0.16198,0.03,0.02
2016.04.12 20:49:57.377,0.16161,0.16199,0.02,0.02
2016.04.12 20:50:01.469,0.16158,0.16198,0.02,0.02
2016.04.12 20:50:11.695,0.1616,0.162,0.02,0.03
2016.04.12 20:50:12.202,0.1616,0.16199,0.02,0.01
2016.04.12 20:50:13.573,0.1616,0.162,0.02,0.03
2016.04.12 20:50:15.431,0.1616,0.16199,0.02,0.01
2016.04.12 20:50:15.833,0.16159,0.16197,0.02,0.02
2016.04.12 20:50:19.191,0.16157,0.16199,0.01,0.01
2016.04.12 20:50:21.046,0.16156,0.162,0.01,0.01
2016.04.12 20:50:22.950,0.16157,0.16199,0.01,0.01
2016.04.12 20:50:24.475,0.16156,0.162,0.01,0.01
2016.04.12 20:50:29.675,0.16157,0.16199,0.01,0.01
2016.04.12 20:50:30.179,0.16156,0.162,0.01,0.01
2016.04.12 20:50:32.479,0.16157,0.16199,0.01,0.01
2016.04.12 20:50:33.689,0.16158,0.16199,0.01,0.01
2016.04.12 20:50:34.386,0.16157,0.162,0.01,0.01
2016.04.12 20:50:35.894,0.16159,0.16205,0.01,0.01
2016.04.12 20:50:41.301,0.1616,0.16204,0.01,0.01
2016.04.12 20:50:43.205,0.16159,0.16205,0.01,0.01
2016.04.12 20:50:47.014,0.1616,0.16204,0.01,0.01
2016.04.12 20:50:48.918,0.16159,0.16205,0.01,0.01
2016.04.12 20:50:50.822,0.1616,0.16204,0.01,0.01
2016.04.12 20:50:54.632,0.16159,0.16205,0.01,0.01
2016.04.12 20:50:56.435,0.1616,0.16204,0.01,0.01
2016.04.12 20:51:00.290,0.16159,0.16205,0.01,0.01
2016.04.12 20:51:02.270,0.1616,0.16204,0.01,0.01
2016.04.12 20:51:04.153,0.16159,0.16205,0.01,0.01
2016.04.12 20:51:13.573,0.1616,0.16204,0.01,0.01
2016.04.12 20:51:17.381,0.16159,0.16205,0.01,0.01
2016.04.12 20:51:19.285,0.1616,0.16204,0.01,0.01
2016.04.12 20:51:23.100,0.16159,0.16205,0.01,0.01
2016.04.12 20:51:25.004,0.1616,0.16204,0.01,0.01
2016.04.12 20:51:26.908,0.16159,0.16205,0.01,0.01
2016.04.12 20:51:30.755,0.1616,0.16204,0.01,0.01
2016.04.12 20:51:34.532,0.16159,0.16205,0.01,0.01
2016.04.12 20:51:35.657,0.16162,0.16204,0.01,0.01
2016.04.12 20:51:39.441,0.16161,0.16205,0.01,0.01
2016.04.12 20:51:41.345,0.16162,0.16204,0.01,0.01
2016.04.12 20:51:48.981,0.16161,0.16205,0.01,0.01
2016.04.12 20:51:50.902,0.16162,0.16204,0.01,0.01
2016.04.12 20:51:56.512,0.16161,0.16205,0.01,0.01
2016.04.12 20:51:57.745,0.16162,0.16204,0.01,0.01
2016.04.12 20:52:02.249,0.16161,0.16205,0.01,0.01
2016.04.12 20:52:06.019,0.16162,0.16204,0.01,0.01
2016.04.12 20:52:07.924,0.16161,0.16205,0.01,0.01
2016.04.12 20:52:08.826,0.16168,0.16204,0.02,0.01
2016.04.12 20:52:08.925,0.16167,0.16206,0.02,0.01
2016.04.12 20:52:12.634,0.16168,0.16205,0.02,0.01
2016.04.12 20:52:22.159,0.16167,0.16206,0.02,0.01
2016.04.12 20:52:26.009,0.16168,0.16205,0.02,0.01
2016.04.12 20:52:27.893,0.16167,0.16206,0.02,0.01
2016.04.12 20:52:33.492,0.16168,0.16205,0.02,0.01
2016.04.12 20:52:35.196,0.16171,0.16205,0.01,0.01
2016.04.12 20:52:35.731,0.1617,0.16206,0.01,0.01
2016.04.12 20:52:40.927,0.16171,0.16205,0.01,0.01
2016.04.12 20:52:42.513,0.16171,0.16206,0.01,0.01
2016.04.12 20:52:43.187,0.16172,0.16205,0.01,0.01
2016.04.12 20:52:45.221,0.16171,0.16206,0.01,0.01
2016.04.12 20:52:46.626,0.16172,0.16205,0.01,0.01
2016.04.12 20:52:47.576,0.16171,0.16206,0.01,0.01
2016.04.12 20:52:52.268,0.16172,0.16205,0.01,0.01
2016.04.12 20:52:54.150,0.16171,0.16206,0.01,0.01
2016.04.12 20:52:56.055,0.16172,0.16205,0.01,0.01
2016.04.12 20:52:59.864,0.16171,0.16206,0.01,0.01
2016.04.12 20:53:01.769,0.16172,0.16205,0.01,0.01
2016.04.12 20:53:03.726,0.16171,0.16206,0.01,0.01
2016.04.12 20:53:05.577,0.16172,0.16205,0.01,0.01
2016.04.12 20:53:07.483,0.16171,0.16206,0.01,0.01
2016.04.12 20:53:09.389,0.16172,0.16205,0.01,0.01
2016.04.12 20:53:11.320,0.16171,0.16206,0.01,0.01
2016.04.12 20:53:13.200,0.16172,0.16205,0.01,0.01
2016.04.12 20:53:18.924,0.16171,0.16206,0.01,0.01
2016.04.12 20:53:32.180,0.16172,0.16205,0.01,0.01
2016.04.12 20:53:34.061,0.16171,0.16206,0.01,0.01
2016.04.12 20:53:35.969,0.16172,0.16205,0.01,0.01
2016.04.12 20:53:37.876,0.16171,0.16206,0.01,0.01
2016.04.12 20:53:43.592,0.16172,0.16205,0.01,0.01
2016.04.12 20:53:45.497,0.16171,0.16206,0.01,0.01
2016.04.12 20:53:47.402,0.16172,0.16205,0.01,0.01
2016.04.12 20:53:49.305,0.16171,0.16206,0.01,0.01
2016.04.12 20:53:51.209,0.16172,0.16205,0.01,0.01
2016.04.12 20:53:53.112,0.16171,0.16206,0.01,0.01
2016.04.12 20:53:56.920,0.16172,0.16205,0.01,0.01
2016.04.12 20:53:58.874,0.16171,0.16206,0.01,0.01
2016.04.12 20:54:00.732,0.16172,0.16205,0.01,0.01
2016.04.12 20:54:02.551,0.16171,0.16206,0.01,0.01
2016.04.12 20:54:06.349,0.16172,0.16205,0.01,0.01
2016.04.12 20:54:08.256,0.16171,0.16206,0.01,0.01
2016.04.12 20:54:13.973,0.16172,0.16205,0.01,0.01
2016.04.12 20:54:17.784,0.16171,0.16206,0.01,0.01
2016.04.12 20:54:18.285,0.16172,0.16205,0.01,0.01
2016.04.12 20:54:23.501,0.16171,0.16206,0.01,0.01
2016.04.12 20:54:25.608,0.16172,0.16205,0.01,0.01
2016.04.12 20:54:27.522,0.16171,0.16206,0.01,0.01
2016.04.12 20:54:33.226,0.16172,0.16205,0.01,0.01
2016.04.12 20:54:35.231,0.16171,0.16206,0.01,0.01
2016.04.12 20:54:40.843,0.16172,0.16205,0.01,0.01
2016.04.12 20:54:41.991,0.16171,0.16206,0.01,0.01
2016.04.12 20:54:45.654,0.16172,0.16205,0.01,0.01
2016.04.12 20:54:47.157,0.16171,0.16206,0.01,0.01
2016.04.12 20:54:49.062,0.16172,0.16205,0.01,0.01
2016.04.12 20:54:50.966,0.16171,0.16206,0.01,0.01
2016.04.12 20:54:56.678,0.16172,0.16205,0.01,0.01
2016.04.12 20:54:58.582,0.16171,0.16206,0.01,0.01
2016.04.12 20:55:01.325,0.16172,0.16205,0.01,0.01
2016.04.12 20:55:02.433,0.16171,0.16206,0.01,0.01
2016.04.12 20:55:11.211,0.16172,0.16205,0.01,0.01
2016.04.12 20:55:12.417,0.16171,0.16206,0.01,0.01
2016.04.12 20:55:13.859,0.16172,0.16205,0.01,0.01
2016.04.12 20:55:15.725,0.16171,0.16206,0.01,0.01
2016.04.12 20:55:17.635,0.16172,0.16205,0.01,0.01
2016.04.12 20:55:19.153,0.16171,0.1622,0.01,0.01
2016.04.12 20:55:19.963,0.16172,0.16216,0.01,0.01
2016.04.12 20:55:21.141,0.16171,0.16217,0.01,0.01
2016.04.12 20:55:21.931,0.16172,0.16216,0.01,0.01
2016.04.12 20:55:23.247,0.16171,0.16217,0.01,0.01
2016.04.12 20:55:23.859,0.16176,0.16221,0.01,0.02
2016.04.12 20:55:23.972,0.16167,0.1622,0.01,0.01
2016.04.12 20:55:24.074,0.16173,0.16219,0.01,0.01
2016.04.12 20:55:25.852,0.16172,0.1622,0.01,0.01
2016.04.12 20:55:27.356,0.16173,0.16216,0.01,0.01
2016.04.12 20:55:27.857,0.16172,0.16218,0.01,0.01
2016.04.12 20:55:29.261,0.16173,0.16217,0.01,0.01
2016.04.12 20:55:31.166,0.16172,0.16218,0.01,0.01
2016.04.12 20:55:33.072,0.16173,0.16217,0.01,0.01
2016.04.12 20:55:38.785,0.16172,0.16218,0.01,0.01
2016.04.12 20:55:46.303,0.16173,0.16217,0.01,0.01
2016.04.12 20:55:48.240,0.16172,0.16218,0.01,0.01
2016.04.12 20:55:52.242,0.16177,0.16221,0.01,0.01
2016.04.12 20:55:52.342,0.16168,0.16217,0.01,0.01
2016.04.12 20:55:52.420,0.16173,0.16217,0.01,0.01
2016.04.12 20:55:53.204,0.16172,0.16218,0.01,0.01
2016.04.12 20:55:58.037,0.16173,0.16217,0.01,0.01
2016.04.12 20:56:01.894,0.16172,0.16218,0.01,0.01
2016.04.12 20:56:03.493,0.16178,0.1622,0.01,0.01
2016.04.12 20:56:04.004,0.16177,0.1622,0.01,0.01
2016.04.12 20:56:04.955,0.16167,0.1622,0.02,0.01
2016.04.12 20:56:05.487,0.16172,0.16218,0.01,0.01
2016.04.12 20:56:06.134,0.16173,0.16217,0.01,0.01
2016.04.12 20:56:09.825,0.16177,0.16221,0.01,0.01
2016.04.12 20:56:10.352,0.16177,0.1622,0.01,0.01
2016.04.12 20:56:11.668,0.16178,0.16219,0.01,0.01
2016.04.12 20:56:15.112,0.16177,0.1622,0.02,0.01
2016.04.12 20:56:15.708,0.16178,0.16219,0.02,0.01
2016.04.12 20:56:19.284,0.16177,0.1622,0.02,0.01
2016.04.12 20:56:27.802,0.16178,0.16225,0.02,0.01
2016.04.12 20:56:28.586,0.16178,0.16224,0.02,0.01
2016.04.12 20:56:29.144,0.1618,0.16224,0.01,0.01
2016.04.12 20:56:31.008,0.16179,0.16225,0.01,0.01
2016.04.12 20:56:32.938,0.1618,0.16224,0.01,0.01
2016.04.12 20:56:33.814,0.16181,0.16225,0.01,0.01
2016.04.12 20:56:36.942,0.16179,0.16225,0.01,0.01
2016.04.12 20:56:38.625,0.1618,0.16224,0.01,0.01
2016.04.12 20:56:40.529,0.16179,0.16225,0.01,0.01
2016.04.12 20:56:43.843,0.16181,0.16225,0.01,0.01
2016.04.12 20:56:44.431,0.16182,0.16224,0.01,0.01
2016.04.12 20:56:49.583,0.16182,0.16225,0.02,0.01
2016.04.12 20:56:50.372,0.16183,0.16224,0.02,0.01
2016.04.12 20:56:51.866,0.16182,0.16225,0.02,0.01
2016.04.12 20:56:54.760,0.16183,0.16224,0.02,0.01
2016.04.12 20:56:57.583,0.16182,0.16225,0.02,0.01
2016.04.12 20:57:02.746,0.16183,0.16224,0.02,0.01
2016.04.12 20:57:03.300,0.16176,0.16223,0.01,0.01
2016.04.12 20:57:20.971,0.16177,0.16222,0.01,0.01
2016.04.12 20:57:22.883,0.16176,0.16223,0.01,0.01
2016.04.12 20:57:24.755,0.16177,0.16222,0.01,0.01
2016.04.12 20:57:25.572,0.16183,0.16225,0.01,0.03
2016.04.12 20:57:26.075,0.16182,0.16225,0.01,0.01
2016.04.12 20:57:27.472,0.16183,0.16224,0.01,0.01
2016.04.12 20:57:29.365,0.16182,0.16225,0.01,0.01
2016.04.12 20:57:33.193,0.16183,0.16224,0.01,0.01
2016.04.12 20:57:35.080,0.16182,0.16225,0.01,0.01
2016.04.12 20:57:36.993,0.16183,0.16224,0.01,0.01
2016.04.12 20:57:38.824,0.16182,0.16225,0.01,0.01
2016.04.12 20:57:42.602,0.16183,0.16224,0.01,0.01
2016.04.12 20:57:46.473,0.16182,0.16225,0.01,0.01
2016.04.12 20:57:52.146,0.16183,0.16224,0.01,0.01
2016.04.12 20:57:54.075,0.16182,0.16225,0.01,0.01
2016.04.12 20:57:55.988,0.16183,0.16224,0.01,0.01
2016.04.12 20:57:56.978,0.16182,0.16225,0.01,0.01
2016.04.12 20:57:57.847,0.16183,0.16224,0.01,0.01
2016.04.12 20:57:59.550,0.16182,0.16224,0.01,0.01
2016.04.12 20:58:00.087,0.16181,0.16225,0.01,0.01
2016.04.12 20:58:00.151,0.16164,0.16235,0.02,0.17
2016.04.12 20:58:03.511,0.16162,0.16232,0.02,0.22
2016.04.12 20:58:07.473,0.1616,0.16232,0.20,0.22
2016.04.12 20:58:12.815,0.1616,0.1623,0.02,0.20
2016.04.12 20:58:52.882,0.1616,0.16232,0.02,0.17
2016.04.12 20:59:00.297,0.1616,0.16229,0.02,0.02
2016.04.12 20:59:00.406,0.1616,0.16231,0.02,0.11
2016.04.12 20:59:01.125,0.16159,0.16231,0.29,0.11
