2018.06.19 07:00:00.150,0.16373,0.16398,0.25,0.25
2018.06.19 07:00:00.280,0.16373,0.16396,0.07,0.04
2018.06.19 07:00:00.768,0.16371,0.16395,0.27,0.04
2018.06.19 07:00:01.310,0.16371,0.16395,0.18,0.03
2018.06.19 07:00:02.046,0.16371,0.16396,0.17,0.25
2018.06.19 07:00:02.388,0.1637,0.16387,0.02,0.01
2018.06.19 07:00:02.447,0.16369,0.16393,0.04,0.18
2018.06.19 07:00:02.776,0.1637,0.16386,0.02,0.01
2018.06.19 07:00:02.985,0.16369,0.16394,0.11,0.21
2018.06.19 07:00:07.251,0.16371,0.16396,0.16,0.12
2018.06.19 07:00:09.164,0.16367,0.16392,0.24,0.08
2018.06.19 07:00:10.467,0.16369,0.16392,0.01,0.13
2018.06.19 07:00:10.518,0.16367,0.16392,0.13,0.16
2018.06.19 07:00:11.126,0.16369,0.16392,0.01,0.16
2018.06.19 07:00:12.036,0.16369,0.16393,0.04,0.05
2018.06.19 07:00:14.134,0.1637,0.16386,0.02,0.01
2018.06.19 07:00:14.185,0.16369,0.16394,0.04,0.22
2018.06.19 07:00:14.696,0.16369,0.16394,0.04,0.22
2018.06.19 07:00:15.904,0.16369,0.16394,0.04,0.06
2018.06.19 07:00:15.954,0.16367,0.16392,0.02,0.04
2018.06.19 07:00:16.657,0.16369,0.16392,0.01,0.04
2018.06.19 07:00:19.497,0.16367,0.16391,0.11,0.01
2018.06.19 07:00:19.976,0.16369,0.16392,0.01,0.06
2018.06.19 07:00:20.504,0.16369,0.16392,0.04,0.02
2018.06.19 07:00:22.996,0.16366,0.16391,0.20,0.04
2018.06.19 07:00:23.219,0.16367,0.16392,0.22,0.01
2018.06.19 07:00:23.367,0.16368,0.16394,0.16,0.03
2018.06.19 07:00:25.268,0.16369,0.16396,0.16,0.04
2018.06.19 07:00:26.743,0.16369,0.16395,0.06,0.19
2018.06.19 07:00:27.123,0.16366,0.16391,0.15,0.04
2018.06.19 07:00:28.581,0.16365,0.16392,0.19,0.04
2018.06.19 07:00:32.079,0.16366,0.16392,0.19,0.11
2018.06.19 07:00:32.640,0.16366,0.16392,0.02,0.24
2018.06.19 07:00:33.773,0.16366,0.16392,0.02,0.24
2018.06.19 07:00:34.291,0.16366,0.16391,0.20,0.03
2018.06.19 07:00:40.798,0.16367,0.16392,0.21,0.06
2018.06.19 07:00:41.328,0.16366,0.16392,0.20,0.20
2018.06.19 07:00:46.055,0.16368,0.16391,0.01,0.02
2018.06.19 07:00:47.227,0.16366,0.16391,0.18,0.03
2018.06.19 07:00:48.050,0.16368,0.16391,0.01,0.02
2018.06.19 07:00:48.712,0.16366,0.16391,0.18,0.02
2018.06.19 07:00:55.364,0.16366,0.16391,0.17,0.18
2018.06.19 07:00:59.605,0.16368,0.16391,0.01,0.18
2018.06.19 07:01:00.178,0.16367,0.16391,0.18,0.16
2018.06.19 07:01:00.969,0.16367,0.16391,0.18,0.17
2018.06.19 07:01:04.582,0.16367,0.16391,0.18,0.16
2018.06.19 07:01:09.903,0.16367,0.16391,0.11,0.22
2018.06.19 07:01:11.863,0.16367,0.16391,0.11,0.22
2018.06.19 07:01:28.544,0.16369,0.16391,0.01,0.22
2018.06.19 07:01:29.247,0.16367,0.16391,0.11,0.22
2018.06.19 07:01:29.870,0.16367,0.16391,0.22,0.21
2018.06.19 07:01:40.348,0.16367,0.16391,0.22,0.22
2018.06.19 07:01:41.028,0.16369,0.16391,0.01,0.21
2018.06.19 07:01:41.818,0.16367,0.16391,0.22,0.22
2018.06.19 07:01:42.347,0.16367,0.16391,0.22,0.21
2018.06.19 07:01:53.614,0.16367,0.16391,0.20,0.18
2018.06.19 07:01:56.079,0.16372,0.16395,0.02,0.08
2018.06.19 07:01:56.180,0.16372,0.16395,0.02,0.08
2018.06.19 07:01:57.315,0.16372,0.16396,0.22,0.12
2018.06.19 07:01:57.884,0.16372,0.16396,0.22,0.12
2018.06.19 07:01:58.891,0.16374,0.16396,0.01,0.11
2018.06.19 07:02:00.173,0.16372,0.16396,0.22,0.15
2018.06.19 07:02:08.203,0.16374,0.16397,0.04,0.23
2018.06.19 07:02:08.828,0.16377,0.164,0.02,0.05
2018.06.19 07:02:09.196,0.16378,0.16401,0.01,0.21
2018.06.19 07:02:09.711,0.16379,0.16401,0.01,0.21
2018.06.19 07:02:20.410,0.16377,0.16401,0.16,0.18
2018.06.19 07:02:29.158,0.16377,0.16401,0.17,0.18
2018.06.19 07:02:29.665,0.16377,0.16401,0.17,0.18
2018.06.19 07:02:35.278,0.16379,0.16401,0.01,0.23
2018.06.19 07:03:00.177,0.16377,0.164,0.23,0.04
2018.06.19 07:03:02.916,0.16377,0.16401,0.23,0.15
2018.06.19 07:03:13.069,0.1638,0.16401,0.22,0.04
2018.06.19 07:03:13.120,0.1638,0.16405,0.22,0.18
2018.06.19 07:03:14.523,0.16381,0.16396,0.08,0.01
2018.06.19 07:03:14.604,0.16381,0.16404,0.08,0.02
2018.06.19 07:03:21.193,0.16382,0.16405,0.17,0.03
2018.06.19 07:03:21.743,0.16381,0.16405,0.18,0.10
2018.06.19 07:03:26.216,0.16382,0.16405,0.03,0.10
2018.06.19 07:03:28.331,0.16381,0.16405,0.18,0.10
2018.06.19 07:03:29.447,0.16382,0.16405,0.02,0.10
2018.06.19 07:03:29.961,0.16382,0.16405,0.03,0.10
2018.06.19 07:03:30.744,0.16382,0.16405,0.23,0.04
2018.06.19 07:03:31.814,0.16382,0.16405,0.23,0.04
2018.06.19 07:03:32.398,0.16382,0.16405,0.23,0.04
2018.06.19 07:03:34.809,0.16382,0.16406,0.23,0.28
2018.06.19 07:03:35.121,0.16384,0.16408,0.17,0.22
2018.06.19 07:03:36.327,0.16387,0.16411,0.18,0.14
2018.06.19 07:03:37.051,0.16387,0.16411,0.18,0.15
2018.06.19 07:03:37.707,0.16387,0.16411,0.18,0.14
2018.06.19 07:03:38.374,0.16387,0.16411,0.18,0.15
2018.06.19 07:03:41.339,0.16387,0.1641,0.08,0.03
2018.06.19 07:03:42.496,0.16387,0.1641,0.08,0.04
2018.06.19 07:03:43.056,0.16386,0.1641,0.08,0.23
2018.06.19 07:03:43.705,0.16386,0.1641,0.08,0.23
2018.06.19 07:03:44.365,0.16386,0.1641,0.03,0.19
2018.06.19 07:03:45.027,0.16386,0.1641,0.18,0.06
2018.06.19 07:03:50.448,0.16386,0.1641,0.23,0.04
2018.06.19 07:03:50.968,0.16386,0.1641,0.23,0.04
2018.06.19 07:03:55.362,0.16387,0.1641,0.03,0.04
2018.06.19 07:03:56.351,0.16387,0.16411,0.03,0.17
2018.06.19 07:03:57.807,0.16387,0.16411,0.18,0.03
2018.06.19 07:03:58.432,0.16386,0.16411,0.19,0.06
2018.06.19 07:03:59.549,0.16385,0.16402,0.06,0.01
2018.06.19 07:03:59.779,0.16387,0.16412,0.10,0.13
2018.06.19 07:04:00.218,0.16386,0.16409,0.09,0.04
2018.06.19 07:04:01.384,0.16386,0.16409,0.25,0.04
2018.06.19 07:04:01.534,0.16387,0.16409,0.08,0.04
2018.06.19 07:04:02.243,0.16387,0.16409,0.08,0.04
2018.06.19 07:04:02.780,0.16387,0.16409,0.08,0.04
2018.06.19 07:04:03.621,0.16387,0.16409,0.08,0.04
2018.06.19 07:04:04.129,0.16387,0.1641,0.22,0.04
2018.06.19 07:04:05.166,0.16389,0.16414,0.03,0.18
2018.06.19 07:04:05.683,0.16391,0.16415,0.17,0.03
2018.06.19 07:04:08.719,0.16391,0.16415,0.22,0.03
2018.06.19 07:04:09.185,0.16391,0.16415,0.22,0.04
2018.06.19 07:04:09.286,0.16392,0.16415,0.01,0.04
2018.06.19 07:04:10.224,0.16391,0.16415,0.19,0.04
2018.06.19 07:04:15.974,0.16391,0.16415,0.17,0.04
2018.06.19 07:04:26.279,0.16392,0.16415,0.19,0.03
2018.06.19 07:04:26.330,0.16395,0.1642,0.19,0.24
2018.06.19 07:04:26.578,0.16396,0.1642,0.21,0.04
2018.06.19 07:04:26.679,0.16397,0.16419,0.01,0.04
2018.06.19 07:04:26.997,0.16396,0.1642,0.02,0.04
2018.06.19 07:04:27.790,0.16397,0.1642,0.01,0.03
2018.06.19 07:04:28.312,0.16397,0.1642,0.03,0.04
2018.06.19 07:04:31.896,0.16397,0.16421,0.21,0.04
2018.06.19 07:04:32.505,0.16397,0.1642,0.09,0.04
2018.06.19 07:04:34.698,0.16397,0.16421,0.22,0.04
2018.06.19 07:04:35.421,0.16397,0.1642,0.11,0.04
2018.06.19 07:04:47.418,0.16399,0.1642,0.18,0.04
2018.06.19 07:04:48.214,0.16399,0.1642,0.18,0.04
2018.06.19 07:04:55.082,0.16399,0.1642,0.18,0.04
2018.06.19 07:05:00.149,0.16399,0.16419,0.18,0.04
2018.06.19 07:05:01.504,0.16399,0.16419,0.18,0.04
2018.06.19 07:05:02.112,0.16398,0.16419,0.22,0.04
2018.06.19 07:05:02.775,0.16399,0.16419,0.06,0.04
2018.06.19 07:05:12.773,0.16395,0.1641,0.10,0.01
2018.06.19 07:05:12.925,0.16394,0.16413,0.09,0.04
2018.06.19 07:05:13.525,0.16393,0.16413,0.21,0.04
2018.06.19 07:05:14.391,0.16392,0.16413,0.18,0.04
2018.06.19 07:05:15.169,0.16393,0.16413,0.14,0.04
2018.06.19 07:05:16.181,0.16392,0.16413,0.20,0.04
2018.06.19 07:05:16.712,0.16393,0.16413,0.15,0.04
2018.06.19 07:05:18.425,0.16392,0.16413,0.15,0.04
2018.06.19 07:05:19.155,0.16387,0.16414,0.04,0.04
2018.06.19 07:05:20.253,0.16391,0.16414,0.15,0.04
2018.06.19 07:05:22.877,0.16388,0.16408,0.04,0.04
2018.06.19 07:05:25.729,0.16383,0.16404,0.19,0.04
2018.06.19 07:05:26.461,0.16383,0.16404,0.19,0.04
2018.06.19 07:05:32.343,0.16383,0.16404,0.19,0.04
2018.06.19 07:05:33.251,0.16383,0.16404,0.19,0.04
2018.06.19 07:05:33.570,0.16383,0.16406,0.19,0.04
2018.06.19 07:05:34.956,0.16384,0.16406,0.01,0.04
2018.06.19 07:05:37.079,0.16383,0.16406,0.19,0.04
2018.06.19 07:05:37.759,0.16383,0.16406,0.19,0.04
2018.06.19 07:05:52.232,0.16383,0.16405,0.19,0.04
2018.06.19 07:05:59.049,0.16382,0.16405,0.17,0.04
2018.06.19 07:06:00.104,0.16383,0.16406,0.22,0.04
2018.06.19 07:06:03.107,0.16383,0.16407,0.22,0.04
2018.06.19 07:06:03.951,0.16383,0.16407,0.21,0.04
2018.06.19 07:06:05.340,0.1638,0.16406,0.04,0.04
2018.06.19 07:06:06.024,0.1638,0.16406,0.04,0.04
2018.06.19 07:06:06.925,0.16383,0.16406,0.22,0.03
2018.06.19 07:06:08.974,0.16383,0.16406,0.17,0.04
2018.06.19 07:06:11.797,0.16383,0.16404,0.20,0.01
2018.06.19 07:06:14.990,0.16386,0.16401,0.01,0.01
2018.06.19 07:06:15.141,0.16387,0.16411,0.10,0.04
2018.06.19 07:06:15.371,0.16383,0.16407,0.17,0.04
2018.06.19 07:06:16.016,0.16383,0.16406,0.17,0.04
2018.06.19 07:06:21.260,0.16384,0.16406,0.01,0.04
2018.06.19 07:06:21.781,0.16383,0.16406,0.17,0.04
2018.06.19 07:06:29.144,0.16383,0.16406,0.17,0.04
2018.06.19 07:06:29.717,0.16383,0.16404,0.16,0.04
2018.06.19 07:06:35.555,0.16383,0.16404,0.25,0.04
2018.06.19 07:06:37.682,0.16383,0.16404,0.18,0.04
2018.06.19 07:06:39.014,0.16383,0.16404,0.18,0.04
2018.06.19 07:06:40.320,0.16379,0.164,0.07,0.04
2018.06.19 07:06:40.541,0.1638,0.16404,0.19,0.04
2018.06.19 07:06:41.369,0.1638,0.16404,0.10,0.04
2018.06.19 07:06:42.966,0.16382,0.16404,0.10,0.04
2018.06.19 07:06:43.016,0.16384,0.16405,0.07,0.04
2018.06.19 07:06:44.270,0.16383,0.16409,0.24,0.25
2018.06.19 07:06:44.994,0.16383,0.16406,0.21,0.04
2018.06.19 07:06:46.595,0.16385,0.16406,0.02,0.04
2018.06.19 07:06:46.696,0.16384,0.16406,0.02,0.04
2018.06.19 07:06:47.209,0.16383,0.16406,0.17,0.04
2018.06.19 07:06:49.008,0.16383,0.16405,0.16,0.04
2018.06.19 07:06:49.770,0.16383,0.16405,0.17,0.04
2018.06.19 07:06:50.276,0.16383,0.16405,0.17,0.04
2018.06.19 07:06:50.938,0.16383,0.16405,0.17,0.04
2018.06.19 07:06:51.246,0.16382,0.16405,0.21,0.04
2018.06.19 07:06:51.818,0.16383,0.16405,0.02,0.04
2018.06.19 07:06:52.592,0.16382,0.16405,0.08,0.04
2018.06.19 07:06:53.707,0.16382,0.16405,0.08,0.04
2018.06.19 07:06:54.496,0.16382,0.16401,0.08,0.01
2018.06.19 07:06:56.108,0.16382,0.16405,0.08,0.04
2018.06.19 07:06:56.679,0.16382,0.16401,0.08,0.01
2018.06.19 07:06:57.224,0.16382,0.16404,0.08,0.04
2018.06.19 07:06:57.523,0.16378,0.16404,0.03,0.04
2018.06.19 07:07:00.811,0.16382,0.16404,0.19,0.04
2018.06.19 07:07:01.573,0.16382,0.16404,0.19,0.03
2018.06.19 07:07:04.191,0.16381,0.16404,0.22,0.03
2018.06.19 07:07:04.983,0.1638,0.16404,0.04,0.04
2018.06.19 07:07:07.381,0.16381,0.16404,0.20,0.03
2018.06.19 07:07:07.989,0.16378,0.16404,0.03,0.04
2018.06.19 07:07:10.894,0.16381,0.16404,0.20,0.03
2018.06.19 07:07:11.658,0.16378,0.16404,0.03,0.04
2018.06.19 07:07:12.375,0.16379,0.16401,0.19,0.04
2018.06.19 07:07:16.281,0.16379,0.164,0.22,0.04
2018.06.19 07:07:17.877,0.16379,0.164,0.22,0.04
2018.06.19 07:07:18.659,0.16379,0.164,0.22,0.04
2018.06.19 07:07:20.229,0.16379,0.164,0.22,0.04
2018.06.19 07:07:22.190,0.16379,0.164,0.22,0.04
2018.06.19 07:07:26.003,0.16375,0.16396,0.12,0.04
2018.06.19 07:07:26.054,0.16376,0.16397,0.01,0.15
2018.06.19 07:07:27.252,0.16375,0.16398,0.18,0.04
2018.06.19 07:07:27.303,0.16373,0.16396,0.18,0.04
2018.06.19 07:07:29.930,0.16372,0.16395,0.16,0.03
2018.06.19 07:07:30.032,0.16372,0.16395,0.16,0.04
2018.06.19 07:07:31.718,0.16373,0.16396,0.16,0.04
2018.06.19 07:07:33.082,0.16372,0.16396,0.18,0.06
2018.06.19 07:07:33.691,0.16373,0.16396,0.06,0.04
2018.06.19 07:07:35.277,0.16373,0.16396,0.06,0.04
2018.06.19 07:07:35.443,0.16372,0.16396,0.20,0.09
2018.06.19 07:07:36.293,0.16372,0.16396,0.20,0.09
2018.06.19 07:07:37.087,0.16372,0.16396,0.20,0.09
2018.06.19 07:07:40.111,0.16372,0.16395,0.13,0.04
2018.06.19 07:07:42.786,0.16369,0.16395,0.03,0.04
2018.06.19 07:07:44.989,0.16371,0.16395,0.07,0.28
2018.06.19 07:07:48.670,0.16371,0.16393,0.01,0.12
2018.06.19 07:07:50.512,0.16369,0.16393,0.22,0.04
2018.06.19 07:07:50.943,0.16368,0.16392,0.20,0.14
2018.06.19 07:07:51.713,0.16368,0.16392,0.09,0.25
2018.06.19 07:08:00.226,0.16366,0.16391,0.20,0.20
2018.06.19 07:08:01.001,0.16367,0.16392,0.09,0.21
2018.06.19 07:08:03.883,0.16368,0.16392,0.04,0.18
2018.06.19 07:08:05.638,0.16372,0.16392,0.04,0.22
2018.06.19 07:08:05.790,0.16372,0.16395,0.04,0.18
2018.06.19 07:08:06.322,0.16372,0.16396,0.04,0.17
2018.06.19 07:08:06.965,0.16372,0.16397,0.27,0.07
2018.06.19 07:08:13.800,0.16376,0.16399,0.04,0.18
2018.06.19 07:08:14.412,0.16372,0.16397,0.12,0.18
2018.06.19 07:08:14.505,0.16375,0.16397,0.04,0.18
2018.06.19 07:08:14.921,0.16376,0.16392,0.02,0.01
2018.06.19 07:08:15.494,0.16375,0.16399,0.04,0.16
2018.06.19 07:08:15.544,0.16376,0.16392,0.02,0.01
2018.06.19 07:08:16.034,0.16375,0.16399,0.04,0.16
2018.06.19 07:08:16.813,0.16375,0.16399,0.04,0.16
2018.06.19 07:08:19.791,0.16375,0.16401,0.20,0.23
2018.06.19 07:08:20.980,0.16375,0.16401,0.19,0.22
2018.06.19 07:08:21.864,0.16374,0.16399,0.04,0.14
2018.06.19 07:08:22.531,0.16374,0.16399,0.04,0.15
2018.06.19 07:08:23.630,0.16374,0.164,0.27,0.24
2018.06.19 07:08:23.934,0.16373,0.16398,0.04,0.20
2018.06.19 07:08:24.052,0.16373,0.16398,0.03,0.21
2018.06.19 07:08:26.236,0.16372,0.16397,0.09,0.04
2018.06.19 07:08:27.142,0.1637,0.16393,0.21,0.01
2018.06.19 07:08:27.556,0.1637,0.16396,0.21,0.17
2018.06.19 07:08:29.352,0.1637,0.16396,0.18,0.17
2018.06.19 07:08:29.704,0.16373,0.16396,0.01,0.16
2018.06.19 07:08:30.249,0.1637,0.16396,0.18,0.17
2018.06.19 07:08:31.072,0.16373,0.16396,0.01,0.16
2018.06.19 07:08:32.405,0.16371,0.16396,0.14,0.11
2018.06.19 07:08:33.201,0.16371,0.16396,0.14,0.11
2018.06.19 07:08:33.877,0.16371,0.16396,0.14,0.11
2018.06.19 07:08:34.450,0.16371,0.16396,0.13,0.12
2018.06.19 07:08:36.306,0.1637,0.16396,0.25,0.22
2018.06.19 07:08:36.912,0.1637,0.16396,0.25,0.22
2018.06.19 07:08:38.803,0.16373,0.16396,0.01,0.21
2018.06.19 07:08:39.042,0.16371,0.16396,0.18,0.21
2018.06.19 07:08:39.581,0.16374,0.16397,0.01,0.23
2018.06.19 07:08:40.183,0.16371,0.16397,0.19,0.23
2018.06.19 07:08:40.742,0.16371,0.16394,0.22,0.01
2018.06.19 07:08:41.502,0.16374,0.16396,0.01,0.02
2018.06.19 07:08:42.075,0.16371,0.16396,0.21,0.03
2018.06.19 07:08:42.890,0.16371,0.16396,0.21,0.03
2018.06.19 07:08:43.487,0.16371,0.16396,0.22,0.02
2018.06.19 07:08:43.802,0.16371,0.16396,0.21,0.03
2018.06.19 07:08:44.139,0.16371,0.16396,0.22,0.02
2018.06.19 07:08:44.259,0.16371,0.16396,0.21,0.03
2018.06.19 07:08:44.395,0.16371,0.16396,0.22,0.02
2018.06.19 07:08:47.032,0.16374,0.16397,0.01,0.21
2018.06.19 07:08:47.775,0.16372,0.16397,0.19,0.21
2018.06.19 07:08:55.414,0.16374,0.16397,0.01,0.03
2018.06.19 07:08:56.149,0.16373,0.16397,0.17,0.03
2018.06.19 07:08:56.200,0.16377,0.16402,0.21,0.27
2018.06.19 07:08:58.121,0.16377,0.16402,0.21,0.27
2018.06.19 07:08:58.666,0.16377,0.16402,0.21,0.27
2018.06.19 07:08:59.380,0.16377,0.16401,0.02,0.03
2018.06.19 07:08:59.493,0.16377,0.16401,0.02,0.03
2018.06.19 07:09:00.172,0.16377,0.16398,0.02,0.01
2018.06.19 07:09:02.546,0.16377,0.16401,0.02,0.06
2018.06.19 07:09:03.106,0.16377,0.16401,0.07,0.04
2018.06.19 07:09:08.655,0.16376,0.164,0.07,0.08
2018.06.19 07:09:09.096,0.16377,0.16398,0.20,0.01
2018.06.19 07:09:10.983,0.16377,0.16401,0.17,0.06
2018.06.19 07:09:11.502,0.16377,0.16401,0.16,0.06
2018.06.19 07:09:11.653,0.16378,0.16401,0.01,0.24
2018.06.19 07:09:12.567,0.16376,0.16401,0.22,0.25
2018.06.19 07:09:13.084,0.16376,0.16401,0.22,0.25
2018.06.19 07:09:13.431,0.16376,0.16401,0.22,0.25
2018.06.19 07:09:13.977,0.16376,0.16401,0.22,0.25
2018.06.19 07:09:14.612,0.16376,0.16401,0.22,0.25
2018.06.19 07:09:15.305,0.16376,0.16401,0.22,0.25
2018.06.19 07:09:15.750,0.16376,0.16392,0.01,0.01
2018.06.19 07:09:15.801,0.16375,0.164,0.25,0.20
2018.06.19 07:09:16.422,0.16376,0.164,0.22,0.03
2018.06.19 07:09:19.059,0.16377,0.16401,0.08,0.24
2018.06.19 07:09:19.227,0.16377,0.16401,0.07,0.25
2018.06.19 07:09:24.518,0.16377,0.16401,0.07,0.25
2018.06.19 07:09:25.377,0.16376,0.164,0.02,0.24
2018.06.19 07:09:28.529,0.16376,0.164,0.13,0.08
2018.06.19 07:09:29.284,0.16376,0.164,0.13,0.08
2018.06.19 07:09:29.947,0.16376,0.164,0.13,0.08
2018.06.19 07:09:30.604,0.16376,0.164,0.13,0.08
2018.06.19 07:09:31.384,0.16376,0.164,0.13,0.08
2018.06.19 07:09:32.166,0.16376,0.164,0.13,0.08
2018.06.19 07:09:32.994,0.16376,0.164,0.13,0.08
2018.06.19 07:09:33.576,0.16376,0.164,0.13,0.08
2018.06.19 07:09:42.670,0.16376,0.164,0.13,0.08
2018.06.19 07:09:43.368,0.16376,0.164,0.13,0.08
2018.06.19 07:09:44.139,0.16376,0.164,0.13,0.08
2018.06.19 07:09:44.871,0.16376,0.164,0.13,0.06
2018.06.19 07:09:46.974,0.16376,0.164,0.13,0.06
2018.06.19 07:09:49.097,0.16376,0.164,0.13,0.06
2018.06.19 07:10:00.145,0.16377,0.16401,0.18,0.15
2018.06.19 07:10:01.327,0.16378,0.16401,0.18,0.03
2018.06.19 07:10:02.260,0.16379,0.16401,0.20,0.03
2018.06.19 07:10:02.878,0.16378,0.16401,0.01,0.18
2018.06.19 07:10:03.570,0.16377,0.16401,0.03,0.18
2018.06.19 07:10:04.080,0.16378,0.16401,0.21,0.04
2018.06.19 07:10:04.743,0.16376,0.16401,0.20,0.21
2018.06.19 07:10:06.135,0.16379,0.16401,0.04,0.15
2018.06.19 07:10:06.675,0.16379,0.16401,0.03,0.16
2018.06.19 07:10:07.380,0.16379,0.16401,0.03,0.16
2018.06.19 07:10:08.084,0.16379,0.164,0.03,0.18
2018.06.19 07:10:09.584,0.16379,0.16403,0.20,0.10
2018.06.19 07:10:20.291,0.16381,0.16397,0.04,0.01
2018.06.19 07:10:21.325,0.16381,0.16398,0.01,0.01
2018.06.19 07:10:31.682,0.16383,0.16405,0.04,0.22
2018.06.19 07:10:48.659,0.16383,0.16407,0.03,0.23
2018.06.19 07:10:49.894,0.16384,0.16407,0.04,0.10
2018.06.19 07:10:51.123,0.16384,0.16408,0.04,0.23
2018.06.19 07:10:52.062,0.16384,0.16408,0.04,0.23
2018.06.19 07:10:52.801,0.16384,0.16408,0.04,0.23
2018.06.19 07:10:55.231,0.16384,0.16408,0.21,0.17
2018.06.19 07:10:55.802,0.16384,0.16408,0.18,0.17
2018.06.19 07:10:56.977,0.16384,0.16408,0.17,0.17
2018.06.19 07:10:57.332,0.16383,0.16408,0.22,0.23
2018.06.19 07:10:58.538,0.16382,0.16405,0.04,0.16
2018.06.19 07:10:59.378,0.16383,0.16407,0.04,0.19
2018.06.19 07:11:00.972,0.16382,0.16405,0.04,0.02
2018.06.19 07:11:01.498,0.16382,0.16404,0.03,0.16
2018.06.19 07:11:02.154,0.16382,0.16407,0.22,0.23
2018.06.19 07:11:03.129,0.16382,0.16407,0.22,0.23
2018.06.19 07:11:03.633,0.16382,0.16406,0.04,0.21
2018.06.19 07:11:04.135,0.16382,0.16406,0.03,0.17
2018.06.19 07:11:06.496,0.1638,0.16405,0.17,0.17
2018.06.19 07:11:06.547,0.1638,0.16397,0.07,0.01
2018.06.19 07:11:06.671,0.16379,0.16403,0.04,0.17
2018.06.19 07:11:06.841,0.16379,0.16403,0.04,0.17
2018.06.19 07:11:07.439,0.16378,0.16403,0.24,0.17
2018.06.19 07:11:10.789,0.16383,0.164,0.01,0.02
2018.06.19 07:11:11.408,0.16382,0.16407,0.03,0.26
2018.06.19 07:11:12.282,0.16382,0.16399,0.04,0.01
2018.06.19 07:11:13.013,0.16382,0.16398,0.04,0.01
2018.06.19 07:11:13.207,0.16378,0.16403,0.24,0.13
2018.06.19 07:11:14.477,0.16378,0.16403,0.23,0.13
2018.06.19 07:11:15.020,0.16378,0.16403,0.23,0.13
2018.06.19 07:11:15.529,0.16378,0.16403,0.23,0.13
2018.06.19 07:11:17.542,0.16377,0.16403,0.22,0.23
2018.06.19 07:11:17.998,0.16378,0.16403,0.21,0.03
2018.06.19 07:11:18.509,0.16378,0.16403,0.15,0.24
2018.06.19 07:11:19.129,0.16378,0.16403,0.16,0.18
2018.06.19 07:11:22.222,0.16378,0.16403,0.16,0.18
2018.06.19 07:11:22.964,0.16378,0.16403,0.16,0.18
2018.06.19 07:11:26.452,0.16377,0.16401,0.04,0.08
2018.06.19 07:11:26.996,0.16377,0.16394,0.03,0.01
2018.06.19 07:11:28.196,0.16377,0.16402,0.04,0.17
2018.06.19 07:11:30.832,0.16378,0.16403,0.19,0.04
2018.06.19 07:11:30.933,0.16378,0.16403,0.16,0.04
2018.06.19 07:11:31.228,0.16378,0.16403,0.16,0.03
2018.06.19 07:11:37.826,0.16379,0.16404,0.13,0.25
2018.06.19 07:11:37.877,0.16381,0.16406,0.05,0.19
2018.06.19 07:11:46.912,0.16383,0.16406,0.02,0.03
2018.06.19 07:12:05.036,0.16385,0.16408,0.04,0.23
2018.06.19 07:12:07.083,0.16384,0.16408,0.06,0.23
2018.06.19 07:12:08.005,0.16384,0.16405,0.03,0.02
2018.06.19 07:12:08.122,0.16384,0.16409,0.20,0.20
2018.06.19 07:12:08.712,0.16384,0.16409,0.16,0.23
2018.06.19 07:12:09.905,0.16383,0.16408,0.14,0.15
2018.06.19 07:12:10.671,0.16383,0.16408,0.14,0.15
2018.06.19 07:12:13.082,0.16383,0.16408,0.24,0.05
2018.06.19 07:12:15.398,0.16381,0.16405,0.04,0.10
2018.06.19 07:12:15.777,0.16382,0.16399,0.04,0.01
2018.06.19 07:12:17.287,0.16384,0.16402,0.01,0.02
2018.06.19 07:12:17.993,0.16381,0.16398,0.27,0.01
2018.06.19 07:12:18.409,0.16381,0.16406,0.27,0.20
2018.06.19 07:12:20.098,0.16381,0.16398,0.27,0.01
2018.06.19 07:12:21.949,0.16381,0.16397,0.14,0.01
2018.06.19 07:12:23.357,0.16381,0.16398,0.14,0.01
2018.06.19 07:12:23.408,0.16378,0.16403,0.27,0.16
2018.06.19 07:12:25.790,0.16378,0.16403,0.27,0.16
2018.06.19 07:12:34.774,0.16378,0.16403,0.24,0.16
2018.06.19 07:12:42.337,0.16377,0.16393,0.04,0.01
2018.06.19 07:12:42.493,0.16377,0.16401,0.04,0.18
2018.06.19 07:12:50.473,0.16381,0.16408,0.04,0.03
2018.06.19 07:12:51.199,0.16383,0.16408,0.14,0.23
2018.06.19 07:12:59.990,0.16382,0.16397,0.05,0.01
2018.06.19 07:13:00.094,0.16384,0.16408,0.02,0.21
2018.06.19 07:13:03.058,0.16384,0.16408,0.02,0.21
2018.06.19 07:13:17.241,0.16381,0.16405,0.20,0.10
2018.06.19 07:13:17.773,0.16381,0.16405,0.04,0.15
2018.06.19 07:13:22.926,0.16381,0.16405,0.04,0.17
2018.06.19 07:13:23.065,0.16381,0.16399,0.04,0.01
2018.06.19 07:13:23.494,0.16381,0.16398,0.04,0.01
2018.06.19 07:13:24.166,0.16381,0.16398,0.04,0.01
2018.06.19 07:13:24.216,0.16381,0.16399,0.22,0.01
2018.06.19 07:13:24.808,0.16383,0.16407,0.22,0.03
2018.06.19 07:13:24.895,0.16383,0.16399,0.22,0.01
2018.06.19 07:13:25.511,0.16383,0.16407,0.22,0.03
2018.06.19 07:13:30.208,0.16383,0.16398,0.22,0.01
2018.06.19 07:13:31.764,0.16382,0.16399,0.01,0.01
2018.06.19 07:13:31.815,0.1638,0.16406,0.04,0.03
2018.06.19 07:13:32.239,0.16381,0.16406,0.17,0.21
2018.06.19 07:13:32.771,0.16382,0.16399,0.10,0.01
2018.06.19 07:13:33.121,0.16383,0.16408,0.09,0.24
2018.06.19 07:13:33.406,0.16382,0.16399,0.06,0.01
2018.06.19 07:13:33.606,0.16383,0.16408,0.02,0.23
2018.06.19 07:13:46.612,0.16382,0.16399,0.04,0.01
2018.06.19 07:13:46.853,0.16382,0.16406,0.04,0.18
2018.06.19 07:14:04.936,0.16383,0.16409,0.28,0.22
2018.06.19 07:14:43.394,0.16384,0.16409,0.20,0.19
2018.06.19 07:14:50.752,0.16384,0.16409,0.16,0.21
2018.06.19 07:15:00.172,0.16384,0.16409,0.16,0.21
2018.06.19 07:15:06.474,0.16383,0.16408,0.23,0.18
2018.06.19 07:15:07.382,0.16384,0.16409,0.05,0.21
2018.06.19 07:15:27.939,0.16384,0.16408,0.16,0.03
2018.06.19 07:15:30.826,0.16383,0.16406,0.07,0.03
2018.06.19 07:15:31.586,0.16384,0.16406,0.21,0.03
2018.06.19 07:15:32.249,0.16383,0.16406,0.21,0.03
2018.06.19 07:15:32.910,0.16384,0.16406,0.20,0.03
2018.06.19 07:15:33.620,0.16382,0.16406,0.18,0.03
2018.06.19 07:15:35.107,0.16383,0.16407,0.02,0.20
2018.06.19 07:15:51.749,0.16384,0.16407,0.20,0.03
2018.06.19 07:15:54.238,0.16384,0.16408,0.20,0.08
2018.06.19 07:15:56.951,0.16384,0.16407,0.08,0.03
2018.06.19 07:16:07.720,0.16384,0.16407,0.20,0.03
2018.06.19 07:16:14.009,0.16383,0.16407,0.22,0.03
2018.06.19 07:16:14.755,0.16383,0.16407,0.22,0.03
2018.06.19 07:16:29.391,0.16386,0.1641,0.12,0.20
2018.06.19 07:16:35.102,0.16387,0.16402,0.16,0.01
2018.06.19 07:16:35.793,0.16388,0.16404,0.21,0.01
2018.06.19 07:16:36.176,0.16388,0.16412,0.21,0.15
2018.06.19 07:16:52.613,0.16387,0.16403,0.08,0.01
2018.06.19 07:16:53.114,0.16388,0.16404,0.01,0.01
2018.06.19 07:16:54.621,0.16388,0.16403,0.01,0.01
2018.06.19 07:16:56.112,0.16387,0.16411,0.06,0.16
2018.06.19 07:17:00.173,0.16388,0.16412,0.10,0.08
2018.06.19 07:17:00.710,0.16388,0.16412,0.10,0.08
2018.06.19 07:17:10.075,0.16388,0.16412,0.10,0.08
2018.06.19 07:17:12.288,0.16388,0.16413,0.18,0.20
2018.06.19 07:17:28.648,0.16388,0.16412,0.09,0.26
2018.06.19 07:17:34.097,0.16388,0.16412,0.09,0.20
2018.06.19 07:17:43.548,0.16388,0.16412,0.09,0.18
2018.06.19 07:17:44.274,0.16388,0.16412,0.09,0.21
2018.06.19 07:17:49.131,0.16388,0.16412,0.13,0.22
2018.06.19 07:17:54.712,0.16388,0.16412,0.19,0.02
2018.06.19 07:18:03.072,0.16388,0.16412,0.19,0.05
2018.06.19 07:18:03.533,0.16387,0.16402,0.03,0.01
2018.06.19 07:18:03.814,0.16388,0.16412,0.22,0.20
2018.06.19 07:18:10.743,0.16387,0.16402,0.19,0.01
2018.06.19 07:18:10.844,0.16387,0.16411,0.12,0.19
2018.06.19 07:18:19.095,0.16387,0.16402,0.24,0.01
2018.06.19 07:18:19.595,0.16388,0.16412,0.17,0.05
2018.06.19 07:18:29.865,0.16388,0.16412,0.17,0.02
2018.06.19 07:18:34.306,0.16388,0.16412,0.17,0.02
2018.06.19 07:18:34.918,0.16381,0.16407,0.04,0.04
2018.06.19 07:18:38.063,0.16388,0.16407,0.23,0.03
2018.06.19 07:18:40.008,0.16382,0.16408,0.04,0.04
2018.06.19 07:18:43.123,0.16383,0.16409,0.04,0.04
2018.06.19 07:18:43.493,0.16388,0.16403,0.02,0.01
2018.06.19 07:18:43.544,0.16387,0.16409,0.07,0.03
2018.06.19 07:18:44.137,0.16388,0.16409,0.05,0.03
2018.06.19 07:18:59.974,0.16387,0.1641,0.14,0.03
2018.06.19 07:19:05.317,0.16384,0.16405,0.10,0.03
2018.06.19 07:19:20.551,0.16383,0.16406,0.10,0.04
2018.06.19 07:19:28.536,0.16385,0.16406,0.16,0.03
2018.06.19 07:19:28.586,0.16386,0.1641,0.22,0.19
2018.06.19 07:19:29.125,0.16387,0.1641,0.02,0.03
2018.06.19 07:19:34.659,0.16387,0.16411,0.22,0.29
2018.06.19 07:19:44.062,0.16387,0.16402,0.22,0.01
2018.06.19 07:19:44.173,0.16387,0.16411,0.22,0.29
2018.06.19 07:19:50.330,0.16389,0.16411,0.02,0.03
2018.06.19 07:19:56.009,0.16387,0.16411,0.20,0.10
2018.06.19 07:20:02.795,0.16389,0.16411,0.14,0.03
2018.06.19 07:20:02.846,0.16387,0.16402,0.21,0.01
2018.06.19 07:20:02.987,0.16387,0.16411,0.21,0.21
2018.06.19 07:20:20.246,0.16387,0.16411,0.20,0.03
2018.06.19 07:20:31.355,0.16388,0.16411,0.19,0.03
2018.06.19 07:20:53.304,0.16388,0.16412,0.07,0.25
2018.06.19 07:21:39.472,0.16387,0.16402,0.12,0.01
2018.06.19 07:21:39.729,0.16387,0.16411,0.12,0.19
2018.06.19 07:22:09.515,0.16387,0.16411,0.24,0.20
2018.06.19 07:22:21.144,0.16386,0.1641,0.04,0.20
2018.06.19 07:22:43.920,0.16385,0.1641,0.04,0.24
2018.06.19 07:22:59.064,0.16395,0.16419,0.05,0.18
2018.06.19 07:22:59.493,0.16397,0.16412,0.01,0.01
2018.06.19 07:22:59.543,0.16395,0.16419,0.25,0.02
2018.06.19 07:23:00.094,0.16397,0.16419,0.21,0.03
2018.06.19 07:23:00.911,0.16393,0.16419,0.04,0.04
2018.06.19 07:23:07.937,0.16396,0.16419,0.17,0.03
2018.06.19 07:23:08.540,0.16397,0.16419,0.10,0.03
2018.06.19 07:23:11.099,0.16397,0.16419,0.10,0.03
2018.06.19 07:23:20.233,0.16397,0.1642,0.19,0.03
2018.06.19 07:23:20.958,0.164,0.16424,0.09,0.20
2018.06.19 07:23:22.669,0.16401,0.16425,0.14,0.11
2018.06.19 07:23:44.541,0.16402,0.16417,0.02,0.01
2018.06.19 07:23:44.625,0.164,0.16423,0.13,0.10
2018.06.19 07:23:46.993,0.16402,0.16426,0.18,0.17
2018.06.19 07:23:47.044,0.16404,0.16427,0.17,0.02
2018.06.19 07:23:47.583,0.16406,0.1643,0.20,0.14
2018.06.19 07:24:00.294,0.16406,0.1643,0.18,0.23
2018.06.19 07:24:13.294,0.16406,0.16429,0.02,0.13
2018.06.19 07:24:18.439,0.1641,0.16435,0.18,0.22
2018.06.19 07:24:19.175,0.16411,0.16435,0.02,0.13
2018.06.19 07:24:20.079,0.1641,0.16428,0.05,0.01
2018.06.19 07:24:20.216,0.16409,0.16434,0.22,0.21
2018.06.19 07:24:20.797,0.1641,0.16435,0.24,0.25
2018.06.19 07:24:21.292,0.16405,0.16431,0.04,0.04
2018.06.19 07:24:21.343,0.16406,0.16431,0.25,0.21
2018.06.19 07:24:27.710,0.16406,0.16431,0.21,0.21
2018.06.19 07:24:32.611,0.16407,0.16431,0.06,0.25
2018.06.19 07:24:34.532,0.16404,0.16427,0.09,0.04
2018.06.19 07:24:35.165,0.16402,0.16425,0.11,0.02
2018.06.19 07:24:35.397,0.16405,0.1643,0.22,0.20
2018.06.19 07:24:37.792,0.16409,0.16427,0.02,0.01
2018.06.19 07:24:37.906,0.16407,0.16431,0.11,0.20
2018.06.19 07:24:54.647,0.16406,0.16431,0.20,0.15
2018.06.19 07:24:59.937,0.16406,0.1643,0.10,0.08
2018.06.19 07:25:00.743,0.16406,0.1643,0.10,0.08
2018.06.19 07:25:02.864,0.16403,0.16428,0.17,0.26
2018.06.19 07:25:02.965,0.16405,0.16429,0.04,0.22
2018.06.19 07:25:03.265,0.16406,0.16422,0.03,0.01
2018.06.19 07:25:03.384,0.16405,0.16429,0.11,0.23
2018.06.19 07:25:16.170,0.16406,0.1643,0.12,0.18
2018.06.19 07:25:16.750,0.16406,0.1643,0.12,0.18
2018.06.19 07:25:18.627,0.16406,0.1643,0.12,0.18
2018.06.19 07:25:20.076,0.16406,0.1643,0.20,0.20
2018.06.19 07:25:20.161,0.1641,0.16432,0.04,0.14
2018.06.19 07:25:20.212,0.1641,0.16434,0.24,0.18
2018.06.19 07:25:28.786,0.1641,0.16427,0.06,0.01
2018.06.19 07:25:28.866,0.1641,0.16432,0.03,0.18
2018.06.19 07:25:29.436,0.1641,0.16434,0.20,0.16
2018.06.19 07:25:30.674,0.1641,0.16432,0.03,0.14
2018.06.19 07:25:30.725,0.16411,0.16428,0.01,0.01
2018.06.19 07:25:31.013,0.16408,0.16432,0.25,0.23
2018.06.19 07:25:32.996,0.16409,0.16432,0.10,0.02
2018.06.19 07:25:35.433,0.1641,0.16434,0.19,0.21
2018.06.19 07:26:00.693,0.16414,0.16431,0.02,0.01
2018.06.19 07:26:00.852,0.16411,0.16434,0.20,0.08
2018.06.19 07:26:14.650,0.16409,0.16427,0.26,0.01
2018.06.19 07:26:14.751,0.16409,0.16433,0.25,0.14
2018.06.19 07:26:28.436,0.16414,0.16431,0.02,0.01
2018.06.19 07:26:28.562,0.16411,0.16434,0.13,0.22
2018.06.19 07:26:44.498,0.16412,0.16435,0.02,0.23
2018.06.19 07:26:45.326,0.16412,0.16435,0.02,0.27
2018.06.19 07:27:05.351,0.16411,0.16434,0.19,0.16
2018.06.19 07:27:08.933,0.16411,0.16434,0.19,0.16
2018.06.19 07:27:16.173,0.16409,0.16435,0.26,0.03
2018.06.19 07:27:16.984,0.16409,0.16432,0.22,0.16
2018.06.19 07:27:17.675,0.16409,0.16431,0.11,0.23
2018.06.19 07:27:18.564,0.16407,0.16429,0.19,0.02
2018.06.19 07:27:19.173,0.16408,0.16434,0.02,0.03
2018.06.19 07:27:21.487,0.16409,0.16434,0.09,0.03
2018.06.19 07:27:24.488,0.16408,0.1643,0.21,0.05
2018.06.19 07:27:25.075,0.16408,0.16434,0.28,0.03
2018.06.19 07:27:27.821,0.16408,0.1643,0.22,0.11
2018.06.19 07:27:32.496,0.16409,0.16434,0.11,0.03
2018.06.19 07:27:37.340,0.16409,0.16431,0.11,0.22
2018.06.19 07:27:42.453,0.16408,0.16431,0.19,0.06
2018.06.19 07:27:43.385,0.16406,0.16428,0.15,0.09
2018.06.19 07:28:00.174,0.16405,0.16428,0.09,0.19
2018.06.19 07:28:09.899,0.16405,0.16428,0.16,0.17
2018.06.19 07:28:28.818,0.16406,0.16428,0.13,0.18
2018.06.19 07:28:34.844,0.16406,0.16429,0.24,0.19
2018.06.19 07:28:44.461,0.16406,0.16428,0.02,0.24
2018.06.19 07:28:46.761,0.16408,0.16431,0.21,0.08
2018.06.19 07:29:07.783,0.16408,0.16434,0.21,0.03
2018.06.19 07:29:08.515,0.16408,0.16435,0.22,0.04
2018.06.19 07:29:10.874,0.16413,0.16436,0.13,0.21
2018.06.19 07:29:11.200,0.16409,0.16433,0.20,0.19
2018.06.19 07:29:11.600,0.16411,0.16435,0.13,0.14
2018.06.19 07:29:11.650,0.16412,0.16436,0.24,0.18
2018.06.19 07:29:12.341,0.16413,0.16437,0.04,0.07
2018.06.19 07:29:13.166,0.16413,0.16437,0.04,0.07
2018.06.19 07:29:13.876,0.16414,0.1644,0.04,0.03
2018.06.19 07:29:14.776,0.16414,0.16436,0.03,0.15
2018.06.19 07:29:14.883,0.16412,0.16437,0.22,0.04
2018.06.19 07:29:14.933,0.16412,0.16436,0.22,0.18
2018.06.19 07:29:15.250,0.16416,0.1644,0.20,0.02
2018.06.19 07:29:16.387,0.16416,0.1644,0.15,0.21
2018.06.19 07:29:16.449,0.16416,0.1644,0.15,0.21
2018.06.19 07:29:16.607,0.16416,0.16441,0.18,0.21
2018.06.19 07:29:17.125,0.16417,0.16441,0.19,0.22
2018.06.19 07:29:17.452,0.16422,0.16447,0.20,0.17
2018.06.19 07:29:18.012,0.16421,0.16445,0.04,0.18
2018.06.19 07:29:18.063,0.16419,0.16443,0.18,0.03
2018.06.19 07:29:19.961,0.16422,0.16447,0.04,0.18
2018.06.19 07:29:20.506,0.16428,0.16446,0.02,0.01
2018.06.19 07:29:20.685,0.16421,0.16447,0.25,0.07
2018.06.19 07:29:26.576,0.16422,0.16447,0.04,0.12
2018.06.19 07:29:27.939,0.16423,0.16447,0.04,0.12
2018.06.19 07:29:36.220,0.16422,0.16448,0.04,0.20
2018.06.19 07:29:55.115,0.16422,0.16446,0.10,0.19
2018.06.19 07:29:58.595,0.16423,0.16446,0.08,0.02
2018.06.19 07:29:59.132,0.16423,0.16446,0.08,0.02
2018.06.19 07:30:00.176,0.16423,0.16446,0.08,0.02
2018.06.19 07:30:00.626,0.1642,0.16443,0.15,0.20
2018.06.19 07:30:01.194,0.16419,0.16442,0.15,0.17
2018.06.19 07:30:02.838,0.16418,0.16441,0.20,0.09
2018.06.19 07:30:04.881,0.16417,0.1644,0.02,0.21
2018.06.19 07:30:05.421,0.16417,0.16441,0.21,0.17
2018.06.19 07:30:10.927,0.16417,0.16439,0.03,0.20
2018.06.19 07:30:10.979,0.16415,0.16438,0.16,0.08
2018.06.19 07:30:14.372,0.16413,0.16437,0.20,0.18
2018.06.19 07:30:21.188,0.16414,0.16437,0.22,0.09
2018.06.19 07:30:22.479,0.16413,0.16437,0.15,0.09
2018.06.19 07:30:24.306,0.16413,0.16435,0.03,0.08
2018.06.19 07:30:27.856,0.16409,0.16433,0.25,0.12
2018.06.19 07:30:29.119,0.16412,0.16438,0.04,0.03
2018.06.19 07:30:31.102,0.16412,0.16436,0.04,0.15
2018.06.19 07:30:32.112,0.16413,0.16437,0.04,0.13
2018.06.19 07:30:34.208,0.16414,0.16438,0.04,0.24
2018.06.19 07:30:59.630,0.16413,0.16437,0.18,0.13
2018.06.19 07:31:00.172,0.16413,0.16436,0.15,0.05
2018.06.19 07:31:00.946,0.16413,0.16437,0.18,0.13
2018.06.19 07:31:03.478,0.16411,0.16437,0.04,0.03
2018.06.19 07:31:04.251,0.16411,0.16433,0.03,0.02
2018.06.19 07:31:06.501,0.1641,0.16433,0.18,0.02
2018.06.19 07:31:12.255,0.16412,0.16436,0.23,0.21
2018.06.19 07:31:13.142,0.16413,0.16439,0.04,0.03
2018.06.19 07:31:18.280,0.16414,0.16437,0.11,0.22
2018.06.19 07:31:21.758,0.16413,0.16435,0.03,0.02
2018.06.19 07:31:22.381,0.16413,0.1644,0.22,0.03
2018.06.19 07:31:23.012,0.16414,0.16437,0.23,0.02
2018.06.19 07:31:26.282,0.16419,0.16437,0.02,0.05
2018.06.19 07:31:27.082,0.16414,0.16437,0.23,0.02
2018.06.19 07:31:29.763,0.16419,0.16437,0.02,0.05
2018.06.19 07:31:31.079,0.16414,0.16437,0.21,0.02
2018.06.19 07:31:31.693,0.16413,0.16435,0.03,0.15
2018.06.19 07:31:32.356,0.16413,0.16437,0.22,0.20
2018.06.19 07:31:49.544,0.16413,0.16435,0.03,0.07
2018.06.19 07:31:50.355,0.16412,0.16438,0.10,0.03
2018.06.19 07:31:52.377,0.16413,0.16437,0.26,0.17
2018.06.19 07:32:02.833,0.16419,0.16437,0.02,0.08
2018.06.19 07:32:03.174,0.16413,0.16437,0.21,0.05
2018.06.19 07:32:14.539,0.16412,0.16436,0.04,0.20
2018.06.19 07:32:15.912,0.16412,0.16434,0.03,0.10
2018.06.19 07:32:15.963,0.16409,0.16433,0.04,0.21
2018.06.19 07:32:25.443,0.16408,0.16433,0.08,0.21
2018.06.19 07:32:28.509,0.16408,0.16432,0.04,0.19
2018.06.19 07:32:29.222,0.16407,0.16431,0.04,0.02
2018.06.19 07:32:31.112,0.16407,0.16431,0.04,0.02
2018.06.19 07:32:34.916,0.16407,0.16431,0.04,0.09
2018.06.19 07:32:35.524,0.16406,0.16431,0.22,0.22
2018.06.19 07:32:36.186,0.16407,0.16431,0.04,0.22
2018.06.19 07:32:38.631,0.16407,0.16431,0.04,0.22
2018.06.19 07:32:39.160,0.16407,0.16431,0.04,0.22
2018.06.19 07:32:50.050,0.16404,0.16428,0.06,0.18
2018.06.19 07:32:50.820,0.16404,0.16428,0.23,0.16
2018.06.19 07:33:00.170,0.16404,0.16428,0.23,0.18
2018.06.19 07:33:03.892,0.16405,0.16429,0.24,0.09
2018.06.19 07:33:04.498,0.16405,0.16431,0.04,0.03
2018.06.19 07:33:05.153,0.16404,0.16428,0.30,0.14
2018.06.19 07:33:11.229,0.16404,0.16428,0.22,0.16
2018.06.19 07:33:15.154,0.16418,0.16445,0.04,0.04
2018.06.19 07:33:15.204,0.16422,0.16452,0.04,0.04
2018.06.19 07:33:15.255,0.1642,0.16445,0.13,0.02
2018.06.19 07:33:15.355,0.16418,0.16448,0.19,0.18
2018.06.19 07:33:15.928,0.16418,0.16448,0.17,0.23
2018.06.19 07:33:17.588,0.16418,0.16448,0.02,0.22
2018.06.19 07:33:17.638,0.16416,0.16442,0.16,0.09
2018.06.19 07:33:18.279,0.16415,0.16445,0.20,0.17
2018.06.19 07:33:18.936,0.16416,0.16442,0.17,0.09
2018.06.19 07:33:19.598,0.16416,0.16446,0.21,0.19
2018.06.19 07:33:22.283,0.16416,0.16442,0.23,0.16
2018.06.19 07:33:27.258,0.16416,0.16445,0.19,0.03
2018.06.19 07:33:35.113,0.16417,0.16441,0.12,0.04
2018.06.19 07:33:36.451,0.16415,0.1644,0.09,0.13
2018.06.19 07:33:37.175,0.16414,0.16439,0.16,0.17
2018.06.19 07:33:39.496,0.16414,0.16442,0.16,0.03
2018.06.19 07:33:39.916,0.16416,0.16446,0.17,0.04
2018.06.19 07:33:41.695,0.16417,0.16446,0.23,0.03
2018.06.19 07:33:42.304,0.16417,0.16446,0.17,0.03
2018.06.19 07:33:48.658,0.16419,0.16444,0.11,0.16
2018.06.19 07:33:49.316,0.16419,0.16444,0.19,0.21
2018.06.19 07:33:50.107,0.16421,0.16446,0.23,0.20
2018.06.19 07:33:50.681,0.16422,0.16451,0.23,0.03
2018.06.19 07:33:56.537,0.16422,0.16447,0.27,0.20
2018.06.19 07:34:00.086,0.16423,0.16447,0.14,0.15
2018.06.19 07:34:04.251,0.16428,0.16454,0.04,0.04
2018.06.19 07:34:04.860,0.1643,0.16458,0.04,0.04
2018.06.19 07:34:06.277,0.16429,0.16457,0.04,0.04
2018.06.19 07:34:06.675,0.16431,0.16456,0.02,0.03
2018.06.19 07:34:06.937,0.16432,0.1646,0.20,0.03
2018.06.19 07:34:06.987,0.16433,0.16457,0.03,0.20
2018.06.19 07:34:07.475,0.16434,0.16451,0.06,0.01
2018.06.19 07:34:07.576,0.16434,0.16457,0.03,0.20
2018.06.19 07:34:08.206,0.16433,0.16461,0.04,0.03
2018.06.19 07:34:09.248,0.16429,0.16454,0.19,0.14
2018.06.19 07:34:10.278,0.16429,0.16455,0.20,0.19
2018.06.19 07:34:13.295,0.16429,0.16454,0.10,0.21
2018.06.19 07:34:20.172,0.16434,0.16457,0.04,0.16
2018.06.19 07:34:20.222,0.16432,0.16458,0.20,0.13
2018.06.19 07:34:26.197,0.16433,0.16458,0.04,0.16
2018.06.19 07:34:29.735,0.16432,0.16457,0.13,0.10
2018.06.19 07:34:31.662,0.16432,0.16458,0.20,0.23
2018.06.19 07:34:45.233,0.16432,0.16454,0.03,0.11
2018.06.19 07:34:45.849,0.16432,0.16456,0.04,0.06
2018.06.19 07:34:47.554,0.16432,0.16454,0.03,0.06
2018.06.19 07:34:51.034,0.16432,0.16459,0.04,0.03
2018.06.19 07:34:52.270,0.16432,0.16454,0.03,0.05
2018.06.19 07:34:52.884,0.16432,0.16459,0.04,0.03
2018.06.19 07:34:54.880,0.16432,0.16454,0.03,0.13
2018.06.19 07:34:56.116,0.16432,0.16459,0.04,0.03
2018.06.19 07:34:56.875,0.16432,0.16454,0.03,0.16
2018.06.19 07:34:57.379,0.16432,0.16459,0.04,0.03
2018.06.19 07:34:58.338,0.16429,0.16452,0.09,0.02
2018.06.19 07:34:59.639,0.16428,0.16452,0.25,0.05
2018.06.19 07:35:00.179,0.16428,0.16452,0.07,0.13
2018.06.19 07:35:03.901,0.16428,0.16451,0.06,0.07
2018.06.19 07:35:04.470,0.16435,0.16461,0.04,0.04
2018.06.19 07:35:05.133,0.16435,0.16456,0.03,0.19
2018.06.19 07:35:07.416,0.16434,0.16455,0.03,0.16
2018.06.19 07:35:08.104,0.16433,0.16456,0.04,0.05
2018.06.19 07:35:10.322,0.16433,0.1646,0.04,0.03
2018.06.19 07:35:12.622,0.16433,0.16455,0.03,0.02
2018.06.19 07:35:13.227,0.16433,0.16457,0.04,0.06
2018.06.19 07:35:13.973,0.16433,0.16455,0.03,0.02
2018.06.19 07:35:14.752,0.16433,0.16459,0.04,0.04
2018.06.19 07:35:15.231,0.1643,0.16454,0.08,0.16
2018.06.19 07:35:15.736,0.16429,0.16453,0.07,0.17
2018.06.19 07:35:16.328,0.16432,0.16448,0.02,0.01
2018.06.19 07:35:16.667,0.16427,0.16451,0.04,0.20
2018.06.19 07:35:17.446,0.16427,0.16451,0.04,0.14
2018.06.19 07:35:17.534,0.16431,0.16447,0.02,0.01
2018.06.19 07:35:17.587,0.16427,0.16451,0.04,0.20
2018.06.19 07:35:17.939,0.16431,0.16447,0.02,0.01
2018.06.19 07:35:17.989,0.16427,0.16451,0.04,0.16
2018.06.19 07:35:19.347,0.16428,0.16453,0.17,0.02
2018.06.19 07:35:21.852,0.16428,0.16453,0.21,0.02
2018.06.19 07:35:22.450,0.16429,0.16454,0.06,0.20
2018.06.19 07:35:24.556,0.16429,0.16454,0.06,0.16
2018.06.19 07:35:24.755,0.16431,0.16456,0.04,0.02
2018.06.19 07:35:24.806,0.1643,0.16454,0.04,0.02
2018.06.19 07:35:25.327,0.16432,0.16456,0.04,0.22
2018.06.19 07:35:26.852,0.16432,0.16457,0.04,0.10
2018.06.19 07:35:33.807,0.16428,0.16454,0.24,0.25
2018.06.19 07:35:34.613,0.16428,0.16454,0.24,0.25
2018.06.19 07:35:39.235,0.16428,0.16454,0.26,0.08
2018.06.19 07:35:39.371,0.16432,0.16456,0.04,0.18
2018.06.19 07:35:49.033,0.16432,0.16457,0.27,0.06
2018.06.19 07:35:53.152,0.16437,0.16461,0.04,0.12
2018.06.19 07:35:53.868,0.16437,0.1646,0.04,0.08
2018.06.19 07:35:54.547,0.16436,0.16459,0.04,0.15
2018.06.19 07:35:55.208,0.16436,0.16461,0.06,0.19
2018.06.19 07:35:57.154,0.16436,0.16461,0.06,0.19
2018.06.19 07:36:07.187,0.16434,0.16458,0.13,0.19
2018.06.19 07:36:07.915,0.16433,0.16457,0.14,0.19
2018.06.19 07:36:33.828,0.16431,0.16458,0.04,0.03
2018.06.19 07:36:34.206,0.16429,0.16453,0.12,0.20
2018.06.19 07:36:40.832,0.1643,0.16454,0.04,0.07
2018.06.19 07:36:41.290,0.16429,0.16454,0.14,0.07
2018.06.19 07:36:41.340,0.16429,0.16453,0.14,0.09
2018.06.19 07:36:45.069,0.16428,0.16452,0.20,0.20
2018.06.19 07:36:54.042,0.16431,0.16453,0.03,0.16
2018.06.19 07:36:54.662,0.16431,0.16455,0.25,0.20
2018.06.19 07:36:55.407,0.16432,0.16455,0.04,0.20
2018.06.19 07:37:00.174,0.16433,0.16456,0.04,0.12
2018.06.19 07:37:12.040,0.16432,0.16454,0.03,0.09
2018.06.19 07:37:12.574,0.16432,0.16458,0.04,0.03
2018.06.19 07:37:21.802,0.16434,0.16457,0.19,0.15
2018.06.19 07:37:26.367,0.16435,0.16458,0.15,0.18
2018.06.19 07:37:26.897,0.16437,0.1646,0.02,0.19
2018.06.19 07:37:30.953,0.16438,0.16461,0.11,0.21
2018.06.19 07:37:35.460,0.16436,0.16459,0.21,0.08
2018.06.19 07:37:37.299,0.16436,0.16459,0.15,0.07
2018.06.19 07:37:37.780,0.16435,0.16458,0.07,0.20
2018.06.19 07:37:42.165,0.16433,0.16456,0.07,0.04
2018.06.19 07:37:58.417,0.16433,0.16456,0.08,0.28
2018.06.19 07:38:06.611,0.16433,0.16455,0.15,0.03
2018.06.19 07:38:06.998,0.16433,0.16456,0.25,0.08
2018.06.19 07:38:08.307,0.16433,0.16456,0.22,0.08
2018.06.19 07:38:10.310,0.16434,0.16457,0.17,0.19
2018.06.19 07:38:14.309,0.16433,0.16456,0.16,0.08
2018.06.19 07:38:19.481,0.1643,0.16453,0.07,0.29
2018.06.19 07:38:20.954,0.1643,0.16453,0.07,0.26
2018.06.19 07:38:21.365,0.1643,0.16454,0.26,0.19
2018.06.19 07:38:21.918,0.16433,0.16456,0.25,0.19
2018.06.19 07:38:22.685,0.16433,0.16456,0.23,0.02
2018.06.19 07:38:30.486,0.16434,0.16457,0.02,0.25
2018.06.19 07:38:31.071,0.16434,0.16457,0.17,0.12
2018.06.19 07:38:32.316,0.16432,0.16454,0.03,0.07
2018.06.19 07:38:33.106,0.16432,0.16456,0.21,0.18
2018.06.19 07:38:36.649,0.16432,0.16456,0.17,0.18
2018.06.19 07:38:37.135,0.16429,0.16453,0.06,0.19
2018.06.19 07:38:39.657,0.16429,0.16453,0.20,0.21
2018.06.19 07:38:40.930,0.16428,0.16452,0.02,0.18
2018.06.19 07:38:42.695,0.16428,0.16452,0.06,0.18
2018.06.19 07:38:43.307,0.16429,0.16455,0.04,0.03
2018.06.19 07:38:50.372,0.16429,0.16451,0.03,0.18
2018.06.19 07:38:52.572,0.16429,0.1645,0.03,0.14
2018.06.19 07:38:52.622,0.16424,0.16448,0.22,0.20
2018.06.19 07:38:57.453,0.16424,0.16446,0.03,0.23
2018.06.19 07:38:58.048,0.16424,0.16448,0.04,0.11
2018.06.19 07:39:00.275,0.16425,0.16451,0.04,0.03
2018.06.19 07:39:20.443,0.16425,0.16447,0.03,0.17
2018.06.19 07:39:30.330,0.16424,0.16446,0.03,0.10
2018.06.19 07:39:34.312,0.16424,0.1645,0.10,0.03
2018.06.19 07:39:34.888,0.16424,0.16446,0.03,0.10
2018.06.19 07:39:36.066,0.16424,0.1645,0.11,0.03
2018.06.19 07:39:39.716,0.16424,0.16446,0.03,0.12
2018.06.19 07:39:43.250,0.16424,0.16447,0.04,0.08
2018.06.19 07:39:47.518,0.16424,0.16445,0.03,0.20
2018.06.19 07:39:56.028,0.16423,0.16444,0.03,0.18
2018.06.19 07:39:56.307,0.1642,0.16443,0.04,0.06
2018.06.19 07:39:58.048,0.16419,0.16443,0.23,0.06
2018.06.19 07:40:00.210,0.1642,0.16443,0.04,0.06
2018.06.19 07:40:07.520,0.1642,0.16436,0.03,0.01
2018.06.19 07:40:07.637,0.16419,0.1644,0.03,0.15
2018.06.19 07:40:07.688,0.16419,0.16445,0.19,0.03
2018.06.19 07:40:10.374,0.16419,0.16441,0.03,0.17
2018.06.19 07:40:13.071,0.16419,0.16445,0.04,0.03
2018.06.19 07:40:14.982,0.16419,0.16441,0.03,0.22
2018.06.19 07:40:15.661,0.16419,0.16445,0.04,0.04
2018.06.19 07:40:26.546,0.16419,0.16436,0.08,0.01
2018.06.19 07:40:26.647,0.16419,0.1644,0.03,0.17
2018.06.19 07:40:28.607,0.16418,0.1644,0.04,0.11
2018.06.19 07:40:28.661,0.16415,0.16438,0.04,0.13
2018.06.19 07:40:38.546,0.16415,0.16436,0.03,0.11
2018.06.19 07:40:38.597,0.16415,0.16432,0.04,0.01
2018.06.19 07:40:38.678,0.16415,0.16436,0.03,0.18
2018.06.19 07:40:41.604,0.16415,0.16438,0.06,0.21
2018.06.19 07:40:48.085,0.16414,0.16438,0.23,0.09
2018.06.19 07:40:53.525,0.16415,0.16441,0.04,0.03
2018.06.19 07:40:53.961,0.1642,0.1644,0.03,0.18
2018.06.19 07:40:54.064,0.16419,0.16446,0.12,0.03
2018.06.19 07:40:54.606,0.16419,0.16441,0.03,0.02
2018.06.19 07:40:56.135,0.16419,0.16443,0.22,0.12
2018.06.19 07:41:48.977,0.1642,0.16443,0.16,0.14
2018.06.19 07:42:02.383,0.1642,0.16443,0.02,0.05
2018.06.19 07:42:05.464,0.16424,0.16444,0.03,0.23
2018.06.19 07:42:05.565,0.1642,0.16442,0.20,0.02
2018.06.19 07:42:19.259,0.16419,0.16441,0.18,0.02
2018.06.19 07:42:19.880,0.16419,0.16441,0.03,0.15
2018.06.19 07:42:21.914,0.1642,0.16443,0.02,0.03
2018.06.19 07:42:22.634,0.16419,0.16441,0.14,0.02
2018.06.19 07:42:23.284,0.1642,0.16443,0.02,0.10
2018.06.19 07:42:24.060,0.1642,0.16443,0.02,0.10
2018.06.19 07:42:39.597,0.16419,0.16441,0.11,0.02
2018.06.19 07:42:40.186,0.16419,0.16441,0.03,0.07
2018.06.19 07:42:40.847,0.16419,0.16443,0.17,0.05
2018.06.19 07:42:43.045,0.16419,0.16443,0.17,0.05
2018.06.19 07:43:05.939,0.16421,0.16443,0.04,0.04
2018.06.19 07:43:19.689,0.16421,0.16443,0.04,0.11
2018.06.19 07:43:20.059,0.16424,0.16441,0.06,0.01
2018.06.19 07:43:20.166,0.16424,0.16443,0.03,0.08
2018.06.19 07:43:20.894,0.16424,0.16444,0.03,0.20
2018.06.19 07:43:26.959,0.16424,0.16445,0.04,0.20
2018.06.19 07:43:29.250,0.16424,0.16443,0.03,0.02
2018.06.19 07:43:29.879,0.16424,0.16444,0.03,0.15
2018.06.19 07:43:32.952,0.16424,0.16445,0.03,0.20
2018.06.19 07:43:39.565,0.16424,0.16447,0.16,0.20
2018.06.19 07:43:40.928,0.16424,0.16445,0.03,0.20
2018.06.19 07:43:41.607,0.16423,0.16444,0.03,0.02
2018.06.19 07:43:44.400,0.16424,0.16445,0.04,0.17
2018.06.19 07:43:49.143,0.16424,0.16447,0.23,0.22
2018.06.19 07:43:50.469,0.16424,0.16445,0.03,0.14
2018.06.19 07:43:50.749,0.16425,0.16441,0.03,0.01
2018.06.19 07:43:50.887,0.16424,0.16445,0.03,0.19
2018.06.19 07:43:51.550,0.16424,0.16447,0.04,0.20
2018.06.19 07:43:53.428,0.16424,0.16448,0.22,0.21
2018.06.19 07:43:55.963,0.16424,0.16448,0.22,0.21
2018.06.19 07:44:13.440,0.16426,0.16448,0.03,0.24
2018.06.19 07:44:14.117,0.16425,0.16448,0.04,0.23
2018.06.19 07:44:25.099,0.16425,0.16451,0.04,0.03
2018.06.19 07:44:25.857,0.16425,0.16448,0.02,0.22
2018.06.19 07:44:35.825,0.16424,0.16446,0.03,0.22
2018.06.19 07:44:35.876,0.16425,0.16442,0.01,0.01
2018.06.19 07:44:35.977,0.16424,0.16445,0.03,0.20
2018.06.19 07:44:36.763,0.16424,0.16446,0.03,0.13
2018.06.19 07:44:46.092,0.16424,0.16445,0.03,0.21
2018.06.19 07:44:46.142,0.16424,0.16441,0.03,0.01
2018.06.19 07:44:46.236,0.16423,0.1645,0.04,0.04
2018.06.19 07:44:47.262,0.16423,0.1645,0.26,0.03
2018.06.19 07:44:47.866,0.16423,0.16445,0.14,0.08
2018.06.19 07:44:51.726,0.16423,0.16447,0.25,0.09
2018.06.19 07:44:52.453,0.16423,0.16445,0.12,0.04
2018.06.19 07:44:53.114,0.16424,0.16447,0.02,0.19
2018.06.19 07:44:58.784,0.16423,0.16445,0.05,0.02
2018.06.19 07:45:00.102,0.16423,0.16447,0.26,0.16
2018.06.19 07:45:23.389,0.16423,0.16444,0.03,0.11
2018.06.19 07:45:23.668,0.16423,0.1645,0.04,0.03
2018.06.19 07:45:24.327,0.16423,0.16444,0.03,0.11
2018.06.19 07:45:25.342,0.16423,0.1645,0.04,0.03
2018.06.19 07:45:26.163,0.16423,0.16444,0.03,0.06
2018.06.19 07:45:26.336,0.16423,0.16447,0.04,0.04
2018.06.19 07:45:28.438,0.16423,0.16445,0.03,0.22
2018.06.19 07:45:30.280,0.16423,0.16447,0.04,0.02
2018.06.19 07:45:30.993,0.16423,0.16445,0.03,0.16
2018.06.19 07:45:31.266,0.1642,0.16445,0.20,0.16
2018.06.19 07:45:33.322,0.16423,0.16449,0.04,0.03
2018.06.19 07:45:33.872,0.16424,0.16448,0.04,0.20
2018.06.19 07:46:10.550,0.16427,0.16448,0.04,0.05
2018.06.19 07:46:13.751,0.16427,0.16449,0.03,0.19
2018.06.19 07:46:18.881,0.16427,0.16448,0.03,0.08
2018.06.19 07:46:19.596,0.16427,0.16449,0.03,0.18
2018.06.19 07:46:19.816,0.16431,0.16457,0.04,0.04
2018.06.19 07:46:20.755,0.16432,0.16458,0.04,0.04
2018.06.19 07:46:25.408,0.16432,0.16451,0.03,0.02
2018.06.19 07:46:25.459,0.16432,0.16448,0.04,0.01
2018.06.19 07:46:26.354,0.16432,0.16452,0.03,0.22
2018.06.19 07:46:29.523,0.16432,0.16451,0.03,0.13
2018.06.19 07:46:29.574,0.16432,0.16448,0.04,0.01
2018.06.19 07:46:32.020,0.16432,0.16451,0.03,0.13
2018.06.19 07:46:32.070,0.16432,0.16448,0.04,0.01
2018.06.19 07:46:32.529,0.16432,0.16451,0.03,0.13
2018.06.19 07:46:37.964,0.16432,0.16452,0.03,0.23
2018.06.19 07:46:39.285,0.16432,0.16451,0.03,0.22
2018.06.19 07:46:39.892,0.16431,0.16448,0.04,0.01
2018.06.19 07:46:41.943,0.16431,0.16447,0.04,0.01
2018.06.19 07:46:42.655,0.16431,0.16448,0.04,0.01
2018.06.19 07:46:43.570,0.16431,0.16451,0.03,0.18
2018.06.19 07:46:43.800,0.16431,0.16448,0.04,0.01
2018.06.19 07:46:44.491,0.16431,0.16451,0.03,0.18
2018.06.19 07:46:44.605,0.16431,0.16448,0.04,0.01
2018.06.19 07:46:44.885,0.16431,0.16451,0.03,0.18
2018.06.19 07:46:45.559,0.16431,0.16448,0.04,0.01
2018.06.19 07:46:45.661,0.16431,0.1645,0.03,0.06
2018.06.19 07:46:48.159,0.16431,0.16451,0.03,0.15
2018.06.19 07:46:48.210,0.16433,0.16453,0.04,0.16
2018.06.19 07:46:48.395,0.16431,0.16453,0.04,0.07
2018.06.19 07:46:48.998,0.16432,0.16452,0.03,0.02
2018.06.19 07:46:50.761,0.16435,0.16454,0.03,0.16
2018.06.19 07:46:51.027,0.16431,0.16454,0.04,0.05
2018.06.19 07:46:51.617,0.16431,0.16454,0.02,0.23
2018.06.19 07:46:52.681,0.1643,0.16453,0.02,0.26
2018.06.19 07:46:53.266,0.16429,0.16452,0.19,0.06
2018.06.19 07:46:53.949,0.16429,0.16452,0.19,0.06
2018.06.19 07:46:57.301,0.16429,0.16452,0.19,0.06
2018.06.19 07:47:00.799,0.16428,0.16452,0.25,0.25
2018.06.19 07:47:02.266,0.16427,0.16453,0.04,0.03
2018.06.19 07:47:04.601,0.16426,0.16448,0.03,0.19
2018.06.19 07:47:04.946,0.16425,0.16449,0.14,0.15
2018.06.19 07:47:04.996,0.16424,0.16448,0.24,0.21
2018.06.19 07:47:05.497,0.16424,0.16448,0.21,0.18
2018.06.19 07:47:06.023,0.16424,0.16447,0.06,0.11
2018.06.19 07:47:07.186,0.16424,0.16447,0.06,0.11
2018.06.19 07:47:07.827,0.16422,0.16446,0.06,0.09
2018.06.19 07:47:11.382,0.16418,0.16442,0.19,0.16
2018.06.19 07:47:21.101,0.16419,0.16443,0.02,0.21
2018.06.19 07:47:24.445,0.16419,0.16443,0.02,0.21
2018.06.19 07:47:24.662,0.16422,0.16448,0.04,0.04
2018.06.19 07:47:26.397,0.16425,0.16446,0.04,0.16
2018.06.19 07:47:26.898,0.16425,0.16452,0.04,0.04
2018.06.19 07:47:27.574,0.16425,0.16447,0.03,0.23
2018.06.19 07:47:29.426,0.16425,0.16451,0.04,0.04
2018.06.19 07:47:30.983,0.16425,0.16451,0.04,0.03
2018.06.19 07:47:31.728,0.16425,0.16449,0.11,0.18
2018.06.19 07:47:31.827,0.16428,0.16455,0.04,0.04
2018.06.19 07:47:31.878,0.16428,0.16455,0.04,0.03
2018.06.19 07:47:33.348,0.16428,0.16449,0.03,0.22
2018.06.19 07:47:33.398,0.16425,0.16449,0.06,0.22
2018.06.19 07:47:34.108,0.16425,0.16448,0.04,0.10
2018.06.19 07:47:47.430,0.16424,0.16448,0.23,0.02
2018.06.19 07:47:52.667,0.16425,0.16448,0.04,0.10
2018.06.19 07:47:53.319,0.16428,0.16454,0.04,0.03
2018.06.19 07:47:53.777,0.16425,0.16449,0.21,0.15
2018.06.19 07:47:54.467,0.16427,0.16449,0.03,0.04
2018.06.19 07:47:55.809,0.16427,0.16454,0.04,0.03
2018.06.19 07:48:01.846,0.16428,0.16452,0.12,0.19
2018.06.19 07:48:03.129,0.16432,0.16454,0.19,0.03
2018.06.19 07:48:03.256,0.16434,0.16458,0.02,0.16
2018.06.19 07:48:03.971,0.16434,0.16458,0.02,0.16
2018.06.19 07:48:04.783,0.16431,0.16455,0.20,0.05
2018.06.19 07:48:05.301,0.16431,0.16455,0.22,0.03
2018.06.19 07:48:05.510,0.16432,0.16456,0.04,0.19
2018.06.19 07:48:05.611,0.16432,0.16457,0.11,0.11
2018.06.19 07:48:06.159,0.16431,0.16455,0.16,0.02
2018.06.19 07:48:06.939,0.16429,0.16453,0.20,0.02
2018.06.19 07:48:12.220,0.16431,0.16455,0.06,0.15
2018.06.19 07:48:12.726,0.1643,0.16455,0.22,0.22
2018.06.19 07:48:16.620,0.16429,0.16454,0.11,0.19
2018.06.19 07:48:24.619,0.16433,0.16459,0.04,0.03
2018.06.19 07:48:25.129,0.16433,0.16458,0.06,0.19
2018.06.19 07:48:25.788,0.16433,0.16458,0.06,0.19
2018.06.19 07:48:40.011,0.16431,0.16455,0.21,0.03
2018.06.19 07:48:40.516,0.1643,0.16455,0.17,0.20
2018.06.19 07:48:48.893,0.16429,0.16446,0.04,0.01
2018.06.19 07:48:48.995,0.16429,0.16453,0.04,0.14
2018.06.19 07:48:49.886,0.16431,0.16455,0.18,0.05
2018.06.19 07:48:50.450,0.16431,0.16455,0.18,0.02
2018.06.19 07:48:51.413,0.16431,0.16456,0.25,0.18
2018.06.19 07:48:51.463,0.16433,0.16456,0.04,0.18
2018.06.19 07:48:55.360,0.16431,0.16456,0.22,0.16
2018.06.19 07:48:55.790,0.16431,0.16455,0.18,0.03
2018.06.19 07:48:56.347,0.16431,0.16455,0.14,0.25
2018.06.19 07:49:00.086,0.16429,0.16454,0.20,0.25
2018.06.19 07:49:07.282,0.16432,0.16456,0.17,0.19
2018.06.19 07:49:08.582,0.16431,0.16455,0.02,0.22
2018.06.19 07:49:09.149,0.16431,0.16455,0.29,0.07
2018.06.19 07:49:09.512,0.16432,0.16456,0.06,0.13
2018.06.19 07:49:10.780,0.16433,0.16457,0.04,0.20
2018.06.19 07:49:14.547,0.16431,0.16455,0.13,0.05
2018.06.19 07:49:15.329,0.16431,0.16455,0.13,0.05
2018.06.19 07:49:15.913,0.16431,0.16455,0.13,0.02
2018.06.19 07:49:16.576,0.1643,0.16455,0.21,0.23
2018.06.19 07:49:16.907,0.16431,0.16455,0.23,0.02
2018.06.19 07:49:20.306,0.16431,0.16455,0.20,0.02
2018.06.19 07:49:20.887,0.16431,0.16455,0.20,0.05
2018.06.19 07:49:21.812,0.16431,0.16455,0.20,0.05
2018.06.19 07:49:26.145,0.16432,0.16456,0.04,0.20
2018.06.19 07:49:26.500,0.1643,0.16455,0.16,0.21
2018.06.19 07:49:27.157,0.1643,0.16455,0.18,0.18
2018.06.19 07:49:27.819,0.1643,0.16455,0.18,0.18
2018.06.19 07:49:28.454,0.16429,0.16454,0.25,0.16
2018.06.19 07:49:40.604,0.16428,0.16452,0.04,0.06
2018.06.19 07:49:41.211,0.16428,0.16452,0.24,0.02
2018.06.19 07:49:43.784,0.16428,0.16452,0.20,0.02
2018.06.19 07:49:48.601,0.16427,0.16451,0.06,0.18
2018.06.19 07:49:49.352,0.16428,0.16452,0.21,0.02
2018.06.19 07:49:52.027,0.16427,0.16451,0.06,0.22
2018.06.19 07:49:52.793,0.16428,0.16453,0.22,0.22
2018.06.19 07:49:54.514,0.16428,0.16453,0.22,0.22
2018.06.19 07:49:57.021,0.16427,0.1645,0.20,0.03
2018.06.19 07:49:59.018,0.16428,0.1645,0.06,0.03
2018.06.19 07:49:59.069,0.16428,0.16453,0.19,0.22
2018.06.19 07:50:05.767,0.16427,0.16451,0.22,0.03
2018.06.19 07:50:06.330,0.16427,0.1645,0.23,0.03
2018.06.19 07:50:06.666,0.16428,0.16452,0.10,0.20
2018.06.19 07:50:07.764,0.16428,0.16453,0.19,0.20
2018.06.19 07:50:08.068,0.16426,0.16451,0.18,0.25
2018.06.19 07:50:08.770,0.16426,0.1645,0.18,0.03
2018.06.19 07:50:13.998,0.16427,0.16451,0.02,0.27
2018.06.19 07:50:17.509,0.16427,0.1645,0.02,0.03
2018.06.19 07:50:29.015,0.16425,0.16449,0.21,0.09
2018.06.19 07:51:12.984,0.16423,0.16447,0.16,0.15
2018.06.19 07:51:13.841,0.16423,0.16448,0.27,0.18
2018.06.19 07:51:14.458,0.16425,0.16449,0.20,0.03
2018.06.19 07:51:23.245,0.16423,0.16449,0.10,0.05
2018.06.19 07:52:08.822,0.16423,0.16447,0.19,0.20
2018.06.19 07:53:09.586,0.16424,0.16448,0.19,0.17
2018.06.19 07:53:10.241,0.16424,0.16448,0.19,0.20
2018.06.19 07:53:14.277,0.16423,0.16447,0.19,0.20
2018.06.19 07:53:25.703,0.16424,0.16448,0.13,0.28
2018.06.19 07:53:48.697,0.16424,0.16449,0.17,0.25
2018.06.19 07:53:49.882,0.16424,0.16449,0.17,0.25
2018.06.19 07:54:45.669,0.16424,0.16448,0.20,0.03
2018.06.19 07:54:46.152,0.1642,0.16445,0.02,0.21
2018.06.19 07:54:47.311,0.16422,0.16445,0.02,0.16
2018.06.19 07:54:54.322,0.16421,0.16444,0.15,0.03
2018.06.19 07:54:56.767,0.16422,0.16444,0.07,0.03
2018.06.19 07:55:03.344,0.16421,0.16444,0.12,0.03
2018.06.19 07:55:04.291,0.16422,0.16444,0.19,0.03
2018.06.19 07:55:05.058,0.16421,0.16444,0.25,0.03
2018.06.19 07:55:15.529,0.1642,0.16444,0.02,0.10
2018.06.19 07:56:10.530,0.16421,0.16444,0.16,0.03
2018.06.19 07:56:20.677,0.1642,0.16443,0.21,0.03
2018.06.19 07:56:38.078,0.16421,0.16443,0.13,0.03
2018.06.19 07:56:38.889,0.1642,0.16443,0.21,0.03
2018.06.19 07:56:41.873,0.16418,0.16441,0.16,0.02
2018.06.19 07:56:42.404,0.1642,0.16443,0.17,0.03
2018.06.19 07:56:46.217,0.16421,0.16443,0.02,0.05
2018.06.19 07:56:54.232,0.16423,0.16441,0.02,0.02
2018.06.19 07:56:54.317,0.16418,0.16442,0.24,0.16
2018.06.19 07:57:00.014,0.16418,0.16443,0.19,0.27
2018.06.19 07:57:00.247,0.16418,0.16444,0.19,0.14
2018.06.19 07:57:07.457,0.16418,0.16442,0.04,0.18
2018.06.19 07:57:20.066,0.16418,0.16443,0.04,0.21
2018.06.19 07:57:45.099,0.1642,0.16443,0.02,0.08
2018.06.19 07:57:45.426,0.16423,0.16447,0.23,0.15
2018.06.19 07:58:00.173,0.16423,0.16446,0.22,0.10
2018.06.19 07:58:09.795,0.16424,0.16447,0.05,0.22
2018.06.19 07:58:18.937,0.16426,0.16449,0.18,0.03
2018.06.19 07:58:20.269,0.16426,0.1645,0.18,0.19
2018.06.19 07:58:31.424,0.16425,0.16447,0.02,0.02
2018.06.19 07:59:10.067,0.16424,0.16447,0.18,0.16
2018.06.19 07:59:29.708,0.16426,0.16449,0.20,0.10
2018.06.19 07:59:37.471,0.16424,0.16447,0.14,0.02
2018.06.19 07:59:38.256,0.16424,0.16447,0.17,0.14
2018.06.19 07:59:41.076,0.16424,0.16447,0.17,0.14
2018.06.19 07:59:46.237,0.16422,0.16444,0.03,0.18
2018.06.19 07:59:46.332,0.16421,0.16444,0.07,0.18
2018.06.19 07:59:51.133,0.16421,0.16444,0.22,0.08
2018.06.19 07:59:51.739,0.16421,0.16444,0.22,0.14
2018.06.19 07:59:52.454,0.16421,0.16444,0.22,0.14
