2012.01.17 10:00:04.017,0.30449,0.30483,0.03,0.03
2012.01.17 10:00:04.679,0.30449,0.30483,0.03,0.03
2012.01.17 10:00:05.529,0.30463,0.30499,0.03,0.03
2012.01.17 10:00:05.632,0.30465,0.30501,0.03,0.03
2012.01.17 10:00:07.171,0.30463,0.30497,0.03,0.03
2012.01.17 10:00:07.771,0.30465,0.30499,0.03,0.03
2012.01.17 10:00:11.395,0.30466,0.30502,0.03,0.03
2012.01.17 10:00:14.368,0.30466,0.30502,0.03,0.03
2012.01.17 10:00:14.963,0.30469,0.30503,0.03,0.03
2012.01.17 10:00:15.120,0.30471,0.30507,0.03,0.03
2012.01.17 10:00:16.819,0.30473,0.30509,0.03,0.03
2012.01.17 10:00:17.371,0.30476,0.30512,0.03,0.03
2012.01.17 10:00:17.816,0.30473,0.30509,0.03,0.03
2012.01.17 10:00:22.248,0.30472,0.30506,0.03,0.03
2012.01.17 10:00:23.787,0.30474,0.30508,0.03,0.03
2012.01.17 10:00:24.068,0.30484,0.30518,0.03,0.03
2012.01.17 10:00:24.647,0.30483,0.30517,0.03,0.03
2012.01.17 10:00:29.037,0.30485,0.30519,0.03,0.03
2012.01.17 10:00:30.927,0.30482,0.30518,0.03,0.03
2012.01.17 10:00:33.166,0.30485,0.30519,0.03,0.03
2012.01.17 10:00:34.210,0.30488,0.30537,0.03,0.02
2012.01.17 10:00:37.858,0.30493,0.30527,0.03,0.04
2012.01.17 10:00:38.220,0.30484,0.30516,0.02,0.03
2012.01.17 10:00:38.529,0.30494,0.30526,0.03,0.04
2012.01.17 10:00:39.266,0.3049,0.3052,0.02,0.03
2012.01.17 10:00:39.327,0.30494,0.30526,0.02,0.02
2012.01.17 10:00:40.909,0.30493,0.30527,0.03,0.02
2012.01.17 10:00:42.039,0.30494,0.30529,0.03,0.03
2012.01.17 10:00:43.070,0.30493,0.30532,0.03,0.03
2012.01.17 10:00:43.365,0.30493,0.30524,0.02,0.03
2012.01.17 10:00:44.078,0.30494,0.30525,0.02,0.03
2012.01.17 10:00:44.150,0.30493,0.3053,0.03,0.03
2012.01.17 10:00:44.279,0.30493,0.30525,0.03,0.03
2012.01.17 10:00:44.405,0.30487,0.30518,0.03,0.03
2012.01.17 10:00:48.309,0.30484,0.30524,0.05,0.03
2012.01.17 10:00:48.632,0.30484,0.30522,0.03,0.03
2012.01.17 10:00:48.714,0.30482,0.30512,0.02,0.03
2012.01.17 10:00:48.846,0.30483,0.30515,0.02,0.03
2012.01.17 10:00:51.137,0.30482,0.30512,0.02,0.03
2012.01.17 10:00:54.768,0.30479,0.3051,0.03,0.03
2012.01.17 10:00:54.825,0.30484,0.3052,0.03,0.03
2012.01.17 10:00:55.402,0.30483,0.30519,0.03,0.03
2012.01.17 10:00:56.733,0.30482,0.30513,0.03,0.03
2012.01.17 10:00:58.000,0.3048,0.3051,0.02,0.03
2012.01.17 10:01:04.461,0.30481,0.30512,0.03,0.03
2012.01.17 10:01:04.588,0.30484,0.30521,0.03,0.03
2012.01.17 10:01:05.198,0.30479,0.3051,0.03,0.03
2012.01.17 10:01:05.258,0.30484,0.30519,0.03,0.02
2012.01.17 10:01:05.918,0.30483,0.30519,0.03,0.03
2012.01.17 10:01:07.340,0.30484,0.30514,0.02,0.03
2012.01.17 10:01:07.696,0.30484,0.30523,0.03,0.03
2012.01.17 10:01:08.548,0.30484,0.30521,0.03,0.03
2012.01.17 10:01:09.173,0.30484,0.30522,0.03,0.03
2012.01.17 10:01:11.309,0.30483,0.30524,0.04,0.03
2012.01.17 10:01:11.968,0.30484,0.30523,0.03,0.03
2012.01.17 10:01:13.027,0.30484,0.30524,0.03,0.03
2012.01.17 10:01:14.413,0.30484,0.30517,0.02,0.03
2012.01.17 10:01:14.872,0.30493,0.30526,0.03,0.03
2012.01.17 10:01:14.962,0.30493,0.30527,0.03,0.02
2012.01.17 10:01:15.030,0.30488,0.30528,0.03,0.03
2012.01.17 10:01:15.160,0.30492,0.30526,0.03,0.03
2012.01.17 10:01:15.230,0.30492,0.30532,0.05,0.03
2012.01.17 10:01:16.279,0.30492,0.30522,0.02,0.03
2012.01.17 10:01:17.172,0.30504,0.30541,0.03,0.03
2012.01.17 10:01:17.638,0.30506,0.30537,0.02,0.03
2012.01.17 10:01:18.568,0.30514,0.30549,0.03,0.04
2012.01.17 10:01:18.905,0.30513,0.30549,0.05,0.03
2012.01.17 10:01:19.664,0.30519,0.30554,0.02,0.03
2012.01.17 10:01:20.962,0.30519,0.30555,0.05,0.03
2012.01.17 10:01:21.464,0.30522,0.30562,0.02,0.02
2012.01.17 10:01:21.794,0.30522,0.30553,0.02,0.03
2012.01.17 10:01:23.356,0.30523,0.30553,0.02,0.03
2012.01.17 10:01:24.032,0.30523,0.30559,0.03,0.03
2012.01.17 10:01:24.689,0.30524,0.30554,0.02,0.03
2012.01.17 10:01:25.595,0.30521,0.30552,0.03,0.03
2012.01.17 10:01:25.984,0.3052,0.30554,0.02,0.03
2012.01.17 10:01:26.041,0.30519,0.30559,0.03,0.03
2012.01.17 10:01:26.751,0.30522,0.30562,0.02,0.02
2012.01.17 10:01:27.055,0.30521,0.30553,0.03,0.03
2012.01.17 10:01:27.737,0.30522,0.30562,0.02,0.03
2012.01.17 10:01:28.242,0.30523,0.30563,0.02,0.03
2012.01.17 10:01:28.940,0.30525,0.30565,0.03,0.03
2012.01.17 10:01:29.180,0.30525,0.30557,0.02,0.03
2012.01.17 10:01:29.393,0.30525,0.30555,0.02,0.03
2012.01.17 10:01:29.597,0.30527,0.30557,0.02,0.03
2012.01.17 10:01:29.956,0.30533,0.30567,0.03,0.02
2012.01.17 10:01:30.317,0.3053,0.30566,0.03,0.02
2012.01.17 10:01:31.297,0.30529,0.30566,0.05,0.02
2012.01.17 10:01:32.029,0.30528,0.30567,0.03,0.02
2012.01.17 10:01:32.335,0.30527,0.30557,0.02,0.03
2012.01.17 10:01:32.588,0.30527,0.30559,0.03,0.03
2012.01.17 10:01:36.510,0.30534,0.30571,0.03,0.03
2012.01.17 10:01:36.907,0.30531,0.30561,0.02,0.03
2012.01.17 10:01:37.614,0.30532,0.30564,0.02,0.03
2012.01.17 10:01:37.726,0.30533,0.30575,0.02,0.03
2012.01.17 10:01:37.986,0.30533,0.30574,0.02,0.03
2012.01.17 10:01:38.634,0.30533,0.30573,0.02,0.03
2012.01.17 10:01:39.527,0.30543,0.30579,0.03,0.03
2012.01.17 10:01:39.590,0.30544,0.30574,0.02,0.03
2012.01.17 10:01:40.385,0.30542,0.30573,0.03,0.03
2012.01.17 10:01:43.183,0.30537,0.30573,0.03,0.03
2012.01.17 10:01:43.575,0.30537,0.30573,0.03,0.03
2012.01.17 10:01:43.870,0.30529,0.30559,0.02,0.03
2012.01.17 10:01:44.398,0.30531,0.30571,0.02,0.03
2012.01.17 10:01:44.460,0.30533,0.30575,0.02,0.03
2012.01.17 10:01:44.597,0.30531,0.30562,0.03,0.03
2012.01.17 10:01:44.899,0.30534,0.30576,0.02,0.02
2012.01.17 10:01:44.960,0.30534,0.30571,0.03,0.03
2012.01.17 10:01:45.626,0.30529,0.30559,0.02,0.03
2012.01.17 10:01:45.787,0.30528,0.30569,0.05,0.03
2012.01.17 10:01:45.967,0.3053,0.3057,0.02,0.03
2012.01.17 10:01:46.517,0.30529,0.30569,0.03,0.03
2012.01.17 10:01:46.596,0.30528,0.30564,0.05,0.03
2012.01.17 10:01:47.239,0.30529,0.30567,0.03,0.03
2012.01.17 10:01:48.178,0.30534,0.30568,0.03,0.03
2012.01.17 10:01:48.313,0.30525,0.30555,0.02,0.03
2012.01.17 10:01:48.438,0.30527,0.30559,0.02,0.03
2012.01.17 10:01:49.691,0.30525,0.30556,0.03,0.03
2012.01.17 10:01:49.800,0.30526,0.30558,0.02,0.03
2012.01.17 10:01:50.237,0.30527,0.30561,0.03,0.03
2012.01.17 10:01:50.357,0.30529,0.30569,0.05,0.02
2012.01.17 10:01:51.139,0.30525,0.30565,0.03,0.03
2012.01.17 10:01:51.257,0.30526,0.30567,0.03,0.03
2012.01.17 10:01:51.653,0.30533,0.30563,0.03,0.03
2012.01.17 10:01:51.717,0.30523,0.30554,0.02,0.03
2012.01.17 10:01:52.499,0.30524,0.30557,0.02,0.03
2012.01.17 10:01:52.858,0.30523,0.30555,0.02,0.03
2012.01.17 10:01:53.155,0.30522,0.30552,0.02,0.03
2012.01.17 10:01:53.458,0.30519,0.3055,0.03,0.03
2012.01.17 10:01:54.226,0.30521,0.30561,0.02,0.03
2012.01.17 10:01:54.886,0.3052,0.3056,0.02,0.03
2012.01.17 10:01:56.397,0.30523,0.30561,0.03,0.03
2012.01.17 10:01:56.458,0.30523,0.30553,0.02,0.03
2012.01.17 10:01:57.787,0.30524,0.30563,0.03,0.02
2012.01.17 10:01:58.315,0.30523,0.30563,0.04,0.03
2012.01.17 10:01:59.197,0.30523,0.30561,0.03,0.03
2012.01.17 10:02:01.387,0.30523,0.30555,0.02,0.03
2012.01.17 10:02:01.565,0.3052,0.30551,0.03,0.03
2012.01.17 10:02:01.627,0.30529,0.30564,0.02,0.03
2012.01.17 10:02:01.687,0.30529,0.30566,0.03,0.02
2012.01.17 10:02:02.509,0.30533,0.30567,0.03,0.02
2012.01.17 10:02:02.699,0.30524,0.30564,0.04,0.03
2012.01.17 10:02:03.229,0.30525,0.30567,0.03,0.02
2012.01.17 10:02:03.313,0.3052,0.30551,0.03,0.03
2012.01.17 10:02:05.453,0.30519,0.30549,0.02,0.03
2012.01.17 10:02:05.508,0.30523,0.3056,0.03,0.03
2012.01.17 10:02:06.058,0.3052,0.30558,0.03,0.03
2012.01.17 10:02:07.055,0.30518,0.30549,0.03,0.03
2012.01.17 10:02:08.392,0.30521,0.30562,0.02,0.03
2012.01.17 10:02:08.666,0.30519,0.3056,0.05,0.03
2012.01.17 10:02:08.786,0.30519,0.30552,0.02,0.03
2012.01.17 10:02:09.401,0.30519,0.30559,0.05,0.02
2012.01.17 10:02:10.184,0.30521,0.30561,0.02,0.03
2012.01.17 10:02:10.310,0.30522,0.30562,0.02,0.03
2012.01.17 10:02:11.118,0.30524,0.30556,0.02,0.03
2012.01.17 10:02:11.299,0.30524,0.30564,0.04,0.03
2012.01.17 10:02:11.589,0.30524,0.30562,0.03,0.03
2012.01.17 10:02:11.839,0.30524,0.30564,0.03,0.03
2012.01.17 10:02:12.385,0.30523,0.30563,0.04,0.03
2012.01.17 10:02:12.791,0.30523,0.30565,0.02,0.03
2012.01.17 10:02:13.158,0.30529,0.30566,0.03,0.02
2012.01.17 10:02:13.900,0.30524,0.30564,0.03,0.03
2012.01.17 10:02:14.396,0.30524,0.30554,0.02,0.03
2012.01.17 10:02:16.906,0.30523,0.30562,0.03,0.03
2012.01.17 10:02:17.399,0.30524,0.30569,0.02,0.03
2012.01.17 10:02:18.035,0.30525,0.30557,0.03,0.03
2012.01.17 10:02:18.638,0.30529,0.30564,0.02,0.03
2012.01.17 10:02:21.145,0.30533,0.30566,0.03,0.03
2012.01.17 10:02:21.205,0.30524,0.30555,0.03,0.03
2012.01.17 10:02:21.464,0.30527,0.30557,0.02,0.03
2012.01.17 10:02:21.530,0.30534,0.30566,0.02,0.02
2012.01.17 10:02:22.099,0.30533,0.30564,0.02,0.03
2012.01.17 10:02:23.818,0.30533,0.30565,0.03,0.03
2012.01.17 10:02:24.227,0.30529,0.30564,0.04,0.03
2012.01.17 10:02:24.803,0.3053,0.3057,0.02,0.03
2012.01.17 10:02:25.635,0.30527,0.30558,0.03,0.03
2012.01.17 10:02:25.899,0.3053,0.30561,0.02,0.03
2012.01.17 10:02:27.830,0.30528,0.30559,0.03,0.03
2012.01.17 10:02:36.099,0.30533,0.30566,0.03,0.03
2012.01.17 10:02:36.159,0.30523,0.30553,0.02,0.03
2012.01.17 10:02:36.493,0.30527,0.30558,0.02,0.03
2012.01.17 10:02:36.561,0.3053,0.3057,0.02,0.03
2012.01.17 10:02:39.607,0.30533,0.30568,0.03,0.03
2012.01.17 10:02:39.959,0.30516,0.30546,0.02,0.03
2012.01.17 10:02:40.026,0.30514,0.30544,0.02,0.03
2012.01.17 10:02:40.258,0.30524,0.30556,0.03,0.04
2012.01.17 10:02:40.444,0.30524,0.30554,0.03,0.03
2012.01.17 10:02:41.309,0.30513,0.30553,0.05,0.03
2012.01.17 10:02:41.426,0.30511,0.30541,0.04,0.03
2012.01.17 10:02:42.477,0.30507,0.30545,0.03,0.03
2012.01.17 10:02:42.907,0.30507,0.30543,0.03,0.03
2012.01.17 10:02:43.454,0.30504,0.30542,0.05,0.03
2012.01.17 10:02:43.864,0.30504,0.30542,0.05,0.03
2012.01.17 10:02:44.985,0.30504,0.30542,0.05,0.03
2012.01.17 10:02:51.387,0.30504,0.3054,0.03,0.03
2012.01.17 10:02:53.220,0.30504,0.30536,0.03,0.05
2012.01.17 10:02:53.557,0.30496,0.30532,0.03,0.03
2012.01.17 10:02:53.867,0.30495,0.30531,0.03,0.03
2012.01.17 10:02:54.762,0.30495,0.30535,0.05,0.03
2012.01.17 10:03:03.848,0.30499,0.30533,0.03,0.03
2012.01.17 10:03:04.177,0.30494,0.30533,0.03,0.03
2012.01.17 10:03:04.842,0.30494,0.30531,0.03,0.03
2012.01.17 10:03:05.443,0.30496,0.3053,0.03,0.03
2012.01.17 10:03:06.015,0.30494,0.30531,0.05,0.03
2012.01.17 10:03:06.909,0.30497,0.30533,0.03,0.03
2012.01.17 10:03:14.136,0.30497,0.30533,0.03,0.03
2012.01.17 10:03:14.704,0.30494,0.30529,0.03,0.02
2012.01.17 10:03:15.558,0.30494,0.3053,0.05,0.03
2012.01.17 10:03:21.266,0.30497,0.30537,0.03,0.02
2012.01.17 10:03:21.841,0.30494,0.30531,0.05,0.02
2012.01.17 10:03:23.175,0.30494,0.3053,0.05,0.03
2012.01.17 10:03:24.207,0.30494,0.30532,0.03,0.03
2012.01.17 10:03:24.488,0.30494,0.30529,0.03,0.02
2012.01.17 10:03:25.477,0.30494,0.30531,0.05,0.02
2012.01.17 10:03:26.174,0.30494,0.30531,0.05,0.02
2012.01.17 10:03:26.510,0.30494,0.3053,0.05,0.03
2012.01.17 10:03:26.731,0.30493,0.30527,0.03,0.05
2012.01.17 10:03:28.117,0.30493,0.30531,0.03,0.05
2012.01.17 10:03:32.036,0.30494,0.30529,0.03,0.03
2012.01.17 10:03:32.536,0.30494,0.3053,0.03,0.03
2012.01.17 10:03:34.499,0.30493,0.30529,0.05,0.05
2012.01.17 10:03:36.438,0.30493,0.30529,0.05,0.05
2012.01.17 10:03:37.009,0.30495,0.30532,0.03,0.03
2012.01.17 10:03:37.130,0.30497,0.30533,0.03,0.03
2012.01.17 10:03:37.647,0.30496,0.30534,0.03,0.03
2012.01.17 10:03:38.216,0.30496,0.30534,0.03,0.03
2012.01.17 10:03:38.876,0.30493,0.30533,0.05,0.03
2012.01.17 10:03:39.068,0.30493,0.30531,0.05,0.03
2012.01.17 10:03:39.608,0.30493,0.30529,0.05,0.03
2012.01.17 10:03:40.277,0.30493,0.3053,0.03,0.02
2012.01.17 10:03:40.869,0.30494,0.30529,0.03,0.03
2012.01.17 10:03:41.026,0.30493,0.30532,0.05,0.03
2012.01.17 10:03:41.269,0.30494,0.30529,0.03,0.03
2012.01.17 10:03:41.975,0.30494,0.3053,0.03,0.05
2012.01.17 10:03:42.277,0.30494,0.30528,0.03,0.03
2012.01.17 10:03:45.097,0.30493,0.30528,0.03,0.03
2012.01.17 10:03:45.277,0.30497,0.30537,0.03,0.03
2012.01.17 10:03:45.761,0.30495,0.30527,0.02,0.02
2012.01.17 10:03:45.928,0.30497,0.30537,0.03,0.03
2012.01.17 10:03:46.137,0.30493,0.3053,0.03,0.02
2012.01.17 10:03:46.483,0.30493,0.30527,0.03,0.02
2012.01.17 10:03:47.008,0.30493,0.30526,0.03,0.03
2012.01.17 10:03:48.256,0.30493,0.30529,0.03,0.03
2012.01.17 10:03:48.595,0.30489,0.30525,0.03,0.03
2012.01.17 10:03:49.098,0.30483,0.30517,0.03,0.02
2012.01.17 10:03:49.216,0.30476,0.3051,0.03,0.03
2012.01.17 10:03:49.335,0.30476,0.30514,0.03,0.03
2012.01.17 10:03:50.516,0.30476,0.30514,0.03,0.03
2012.01.17 10:03:50.910,0.30476,0.30514,0.03,0.03
2012.01.17 10:03:52.683,0.30493,0.30524,0.03,0.03
2012.01.17 10:03:52.806,0.30504,0.30536,0.03,0.03
2012.01.17 10:03:52.927,0.30504,0.3054,0.03,0.02
2012.01.17 10:03:55.069,0.30504,0.30538,0.03,0.02
2012.01.17 10:03:59.046,0.305,0.30531,0.03,0.03
2012.01.17 10:03:59.602,0.30504,0.30538,0.03,0.03
2012.01.17 10:04:01.117,0.30504,0.30538,0.03,0.03
2012.01.17 10:04:01.420,0.30497,0.30528,0.03,0.03
2012.01.17 10:04:04.350,0.30501,0.30531,0.02,0.03
2012.01.17 10:04:04.852,0.30498,0.30529,0.03,0.03
2012.01.17 10:04:05.392,0.30503,0.30536,0.03,0.03
2012.01.17 10:04:06.477,0.30503,0.30537,0.03,0.02
2012.01.17 10:04:06.970,0.30503,0.30537,0.02,0.02
2012.01.17 10:04:07.417,0.30499,0.30529,0.02,0.03
2012.01.17 10:04:07.665,0.30503,0.30536,0.03,0.03
2012.01.17 10:04:08.232,0.30504,0.30536,0.02,0.02
2012.01.17 10:04:08.903,0.305,0.3053,0.02,0.03
2012.01.17 10:04:11.349,0.30504,0.30534,0.02,0.03
2012.01.17 10:04:11.596,0.30503,0.30542,0.03,0.03
2012.01.17 10:04:15.097,0.30504,0.30544,0.03,0.03
2012.01.17 10:04:15.156,0.30504,0.30547,0.03,0.04
2012.01.17 10:04:17.658,0.30503,0.30547,0.04,0.04
2012.01.17 10:04:17.839,0.30501,0.30532,0.04,0.03
2012.01.17 10:04:17.898,0.30503,0.30539,0.03,0.03
2012.01.17 10:04:18.518,0.30504,0.3054,0.03,0.03
2012.01.17 10:04:18.959,0.30504,0.30538,0.03,0.03
2012.01.17 10:04:25.890,0.305,0.30531,0.03,0.03
2012.01.17 10:04:26.479,0.30495,0.30535,0.03,0.03
2012.01.17 10:04:27.067,0.30495,0.30533,0.03,0.03
2012.01.17 10:04:27.286,0.30495,0.30533,0.03,0.03
2012.01.17 10:04:27.859,0.30503,0.30537,0.03,0.02
2012.01.17 10:04:27.917,0.30503,0.30537,0.03,0.02
2012.01.17 10:04:28.575,0.30504,0.30539,0.03,0.03
2012.01.17 10:04:31.327,0.30496,0.30526,0.03,0.02
2012.01.17 10:04:31.406,0.30496,0.30534,0.03,0.03
2012.01.17 10:04:31.470,0.30491,0.30522,0.03,0.03
2012.01.17 10:04:36.150,0.30496,0.30527,0.03,0.02
2012.01.17 10:04:36.437,0.30503,0.30539,0.03,0.02
2012.01.17 10:04:38.128,0.30503,0.30541,0.03,0.03
2012.01.17 10:04:38.187,0.30503,0.30535,0.02,0.03
2012.01.17 10:04:38.782,0.30501,0.30532,0.02,0.03
2012.01.17 10:04:41.056,0.30496,0.30532,0.03,0.05
2012.01.17 10:04:41.176,0.30494,0.30526,0.05,0.02
2012.01.17 10:04:41.586,0.30494,0.30528,0.05,0.03
2012.01.17 10:04:42.941,0.30492,0.30526,0.03,0.05
2012.01.17 10:04:48.725,0.30489,0.30525,0.03,0.03
2012.01.17 10:04:49.475,0.30488,0.30524,0.03,0.03
2012.01.17 10:04:50.416,0.30488,0.3052,0.03,0.02
2012.01.17 10:04:50.688,0.30486,0.30517,0.03,0.02
2012.01.17 10:04:51.284,0.30488,0.30521,0.03,0.02
2012.01.17 10:04:55.947,0.30484,0.30517,0.03,0.02
2012.01.17 10:04:56.754,0.30484,0.3052,0.03,0.02
2012.01.17 10:04:57.177,0.30484,0.30523,0.03,0.03
2012.01.17 10:04:57.266,0.30488,0.30522,0.03,0.03
2012.01.17 10:04:57.997,0.30486,0.30522,0.03,0.03
2012.01.17 10:05:01.654,0.30487,0.30523,0.03,0.03
2012.01.17 10:05:02.232,0.30487,0.30523,0.03,0.03
2012.01.17 10:05:03.944,0.30487,0.30525,0.03,0.03
2012.01.17 10:05:04.297,0.30489,0.30525,0.03,0.03
2012.01.17 10:05:13.909,0.3049,0.30526,0.03,0.03
2012.01.17 10:05:14.580,0.3049,0.30524,0.03,0.03
2012.01.17 10:05:16.947,0.30492,0.30526,0.03,0.05
2012.01.17 10:05:17.563,0.30493,0.30527,0.03,0.02
2012.01.17 10:05:18.586,0.30494,0.30528,0.05,0.02
2012.01.17 10:05:22.490,0.30494,0.30532,0.03,0.03
2012.01.17 10:05:23.008,0.30499,0.30533,0.03,0.03
2012.01.17 10:05:23.960,0.30499,0.30533,0.03,0.03
2012.01.17 10:05:28.105,0.30499,0.30533,0.03,0.03
2012.01.17 10:05:28.621,0.30496,0.30532,0.03,0.03
2012.01.17 10:05:29.306,0.30494,0.30525,0.02,0.03
2012.01.17 10:05:29.726,0.30493,0.30528,0.03,0.03
2012.01.17 10:05:31.904,0.30494,0.30529,0.03,0.02
2012.01.17 10:05:32.234,0.30496,0.30536,0.03,0.02
2012.01.17 10:05:34.507,0.30504,0.30538,0.03,0.03
2012.01.17 10:05:34.865,0.30504,0.30537,0.03,0.03
2012.01.17 10:05:34.986,0.30504,0.30539,0.03,0.02
2012.01.17 10:05:37.046,0.30503,0.30536,0.02,0.03
2012.01.17 10:05:37.586,0.30503,0.30533,0.02,0.03
2012.01.17 10:05:37.646,0.30503,0.30542,0.03,0.03
2012.01.17 10:05:39.426,0.30503,0.30543,0.04,0.03
2012.01.17 10:05:39.486,0.30503,0.30535,0.04,0.03
2012.01.17 10:05:39.676,0.30504,0.30547,0.03,0.02
2012.01.17 10:05:39.857,0.30513,0.30548,0.03,0.03
2012.01.17 10:05:40.242,0.30514,0.30554,0.02,0.03
2012.01.17 10:05:40.586,0.30514,0.30545,0.02,0.03
2012.01.17 10:05:41.038,0.30513,0.30553,0.05,0.03
2012.01.17 10:05:41.328,0.30519,0.30556,0.03,0.02
2012.01.17 10:05:41.480,0.30519,0.30556,0.03,0.02
2012.01.17 10:05:41.727,0.30519,0.30553,0.03,0.03
2012.01.17 10:05:42.237,0.30519,0.30558,0.06,0.03
2012.01.17 10:05:44.314,0.30524,0.30558,0.03,0.03
2012.01.17 10:05:44.497,0.30524,0.30564,0.03,0.03
2012.01.17 10:05:46.497,0.30527,0.30567,0.03,0.02
2012.01.17 10:05:46.557,0.30527,0.30561,0.02,0.03
2012.01.17 10:05:47.157,0.30529,0.30568,0.03,0.03
2012.01.17 10:05:47.218,0.30528,0.30563,0.02,0.03
2012.01.17 10:05:50.028,0.30526,0.30556,0.02,0.03
2012.01.17 10:05:50.238,0.30527,0.30559,0.03,0.03
2012.01.17 10:05:50.566,0.30529,0.30569,0.05,0.02
2012.01.17 10:05:53.806,0.30527,0.30558,0.03,0.03
2012.01.17 10:05:53.866,0.30529,0.30566,0.03,0.04
2012.01.17 10:05:53.959,0.30523,0.30553,0.02,0.03
2012.01.17 10:05:54.076,0.30523,0.3056,0.03,0.03
2012.01.17 10:05:54.135,0.30515,0.30545,0.02,0.03
2012.01.17 10:05:54.257,0.30519,0.30555,0.03,0.03
2012.01.17 10:05:57.426,0.30512,0.30543,0.03,0.03
2012.01.17 10:05:58.439,0.30515,0.30545,0.02,0.03
2012.01.17 10:05:58.717,0.30523,0.30557,0.03,0.02
2012.01.17 10:05:59.079,0.30524,0.30554,0.02,0.03
2012.01.17 10:06:00.807,0.30516,0.30547,0.03,0.03
2012.01.17 10:06:01.663,0.30523,0.3056,0.03,0.02
2012.01.17 10:06:01.968,0.3052,0.3055,0.02,0.03
2012.01.17 10:06:02.415,0.30515,0.30545,0.02,0.03
2012.01.17 10:06:02.476,0.30524,0.30556,0.03,0.02
2012.01.17 10:06:04.020,0.30512,0.30542,0.02,0.03
2012.01.17 10:06:04.275,0.30514,0.30554,0.04,0.03
2012.01.17 10:06:04.828,0.30514,0.30544,0.04,0.03
2012.01.17 10:06:05.108,0.30514,0.30547,0.02,0.03
2012.01.17 10:06:05.354,0.30519,0.30556,0.03,0.04
2012.01.17 10:06:08.600,0.30519,0.30559,0.05,0.04
2012.01.17 10:06:09.097,0.30523,0.30562,0.03,0.03
2012.01.17 10:06:09.170,0.30522,0.30552,0.02,0.03
2012.01.17 10:06:09.237,0.30524,0.30554,0.02,0.03
2012.01.17 10:06:09.794,0.30524,0.30561,0.03,0.03
2012.01.17 10:06:12.536,0.30523,0.30553,0.02,0.03
2012.01.17 10:06:16.197,0.30523,0.30563,0.03,0.02
2012.01.17 10:06:17.208,0.30521,0.30552,0.02,0.03
2012.01.17 10:06:17.398,0.30519,0.30559,0.02,0.03
2012.01.17 10:06:17.992,0.30519,0.3055,0.03,0.03
2012.01.17 10:06:19.637,0.30523,0.30559,0.03,0.03
2012.01.17 10:06:21.788,0.30523,0.30556,0.03,0.03
2012.01.17 10:06:24.217,0.30518,0.30549,0.03,0.03
2012.01.17 10:06:24.765,0.30519,0.30555,0.03,0.03
2012.01.17 10:06:26.528,0.30523,0.30556,0.03,0.03
2012.01.17 10:06:30.300,0.30523,0.30555,0.03,0.03
2012.01.17 10:06:30.789,0.30523,0.30559,0.03,0.03
2012.01.17 10:06:30.910,0.30521,0.30551,0.02,0.03
2012.01.17 10:06:30.978,0.3052,0.3056,0.02,0.03
2012.01.17 10:06:31.562,0.30529,0.30564,0.02,0.03
2012.01.17 10:06:31.809,0.30529,0.3056,0.02,0.03
2012.01.17 10:06:32.787,0.30528,0.30567,0.03,0.02
2012.01.17 10:06:33.607,0.30527,0.30558,0.03,0.03
2012.01.17 10:06:33.988,0.30523,0.30554,0.02,0.03
2012.01.17 10:06:34.047,0.30526,0.30556,0.02,0.03
2012.01.17 10:06:34.413,0.30528,0.30558,0.02,0.03
2012.01.17 10:06:35.318,0.30533,0.30569,0.03,0.03
2012.01.17 10:06:36.022,0.30529,0.3056,0.03,0.03
2012.01.17 10:06:37.439,0.3053,0.3057,0.02,0.02
2012.01.17 10:06:37.493,0.3053,0.30563,0.03,0.03
2012.01.17 10:06:37.788,0.30536,0.30582,0.02,0.03
2012.01.17 10:06:37.851,0.30541,0.30579,0.02,0.03
2012.01.17 10:06:37.916,0.30541,0.30577,0.02,0.03
2012.01.17 10:06:38.059,0.30544,0.3059,0.02,0.03
2012.01.17 10:06:38.788,0.30552,0.30587,0.03,0.02
2012.01.17 10:06:39.433,0.30553,0.30587,0.03,0.02
2012.01.17 10:06:40.095,0.30554,0.30586,0.02,0.02
2012.01.17 10:06:40.218,0.30554,0.30586,0.03,0.03
2012.01.17 10:06:40.558,0.30543,0.30573,0.02,0.03
2012.01.17 10:06:41.095,0.30544,0.30574,0.02,0.03
2012.01.17 10:06:41.798,0.30544,0.30584,0.04,0.03
2012.01.17 10:06:42.481,0.30544,0.30581,0.03,0.03
2012.01.17 10:06:43.007,0.30541,0.30572,0.03,0.03
2012.01.17 10:06:44.367,0.30543,0.30579,0.03,0.03
2012.01.17 10:06:45.436,0.30537,0.30568,0.03,0.03
2012.01.17 10:06:45.826,0.30544,0.30576,0.03,0.02
2012.01.17 10:06:46.339,0.30535,0.30566,0.03,0.03
2012.01.17 10:06:46.410,0.30535,0.30575,0.02,0.03
2012.01.17 10:06:47.332,0.30534,0.30564,0.02,0.03
2012.01.17 10:06:47.721,0.30534,0.30567,0.02,0.03
2012.01.17 10:06:48.334,0.30534,0.30574,0.05,0.03
2012.01.17 10:06:48.409,0.30534,0.30564,0.04,0.03
2012.01.17 10:06:48.887,0.3053,0.30561,0.03,0.03
2012.01.17 10:06:49.036,0.30534,0.30569,0.03,0.03
2012.01.17 10:06:49.157,0.30532,0.30563,0.03,0.03
2012.01.17 10:06:49.275,0.30533,0.30572,0.03,0.03
2012.01.17 10:06:49.916,0.30543,0.30577,0.03,0.02
2012.01.17 10:06:50.488,0.30535,0.30566,0.03,0.03
2012.01.17 10:06:51.495,0.30543,0.30576,0.03,0.03
2012.01.17 10:06:51.627,0.30537,0.30568,0.03,0.03
2012.01.17 10:06:52.855,0.3054,0.3057,0.02,0.03
2012.01.17 10:06:52.917,0.30543,0.3058,0.03,0.02
2012.01.17 10:06:53.539,0.30537,0.30567,0.02,0.03
2012.01.17 10:06:53.675,0.30543,0.30579,0.03,0.03
2012.01.17 10:06:54.219,0.30544,0.30576,0.02,0.02
2012.01.17 10:06:54.286,0.30544,0.30575,0.02,0.03
2012.01.17 10:06:54.351,0.30544,0.30579,0.03,0.02
2012.01.17 10:06:56.128,0.30537,0.30568,0.03,0.03
2012.01.17 10:06:56.187,0.30544,0.30574,0.03,0.03
2012.01.17 10:06:57.126,0.30532,0.30562,0.02,0.03
2012.01.17 10:06:57.355,0.30534,0.30572,0.03,0.03
2012.01.17 10:06:58.447,0.30535,0.30575,0.03,0.03
2012.01.17 10:06:58.509,0.30534,0.30564,0.02,0.03
2012.01.17 10:06:59.992,0.30534,0.30573,0.03,0.03
2012.01.17 10:07:00.069,0.30534,0.30571,0.02,0.03
2012.01.17 10:07:00.661,0.30534,0.30572,0.03,0.03
2012.01.17 10:07:02.499,0.30535,0.30575,0.03,0.03
2012.01.17 10:07:05.637,0.30534,0.30574,0.03,0.03
2012.01.17 10:07:08.040,0.30536,0.30576,0.03,0.03
2012.01.17 10:07:08.116,0.30536,0.30566,0.02,0.03
2012.01.17 10:07:10.179,0.30534,0.30574,0.04,0.03
2012.01.17 10:07:12.016,0.30543,0.30576,0.03,0.03
2012.01.17 10:07:15.035,0.30534,0.30574,0.04,0.03
2012.01.17 10:07:15.269,0.30536,0.30576,0.02,0.04
2012.01.17 10:07:15.696,0.30543,0.30574,0.03,0.03
2012.01.17 10:07:16.676,0.30544,0.30576,0.03,0.04
2012.01.17 10:07:17.216,0.30544,0.30574,0.02,0.03
2012.01.17 10:07:17.996,0.30543,0.30577,0.03,0.04
2012.01.17 10:07:25.161,0.30534,0.30574,0.05,0.03
2012.01.17 10:07:25.447,0.30533,0.30564,0.04,0.03
2012.01.17 10:07:32.026,0.30534,0.30569,0.03,0.03
2012.01.17 10:07:32.087,0.30527,0.30558,0.03,0.03
2012.01.17 10:07:32.554,0.30533,0.30567,0.03,0.02
2012.01.17 10:07:33.189,0.30526,0.30556,0.02,0.03
2012.01.17 10:07:33.825,0.30534,0.30566,0.03,0.02
2012.01.17 10:07:35.327,0.30534,0.30566,0.03,0.02
2012.01.17 10:07:35.629,0.30534,0.30572,0.03,0.03
2012.01.17 10:07:36.163,0.30543,0.30573,0.03,0.03
2012.01.17 10:07:36.685,0.30543,0.30575,0.03,0.03
2012.01.17 10:07:38.246,0.30535,0.30567,0.02,0.03
2012.01.17 10:07:38.517,0.30538,0.30569,0.03,0.03
2012.01.17 10:07:38.576,0.30544,0.30579,0.03,0.05
2012.01.17 10:07:39.194,0.30544,0.30579,0.03,0.04
2012.01.17 10:07:39.576,0.30543,0.30581,0.03,0.03
2012.01.17 10:07:41.396,0.30537,0.30567,0.02,0.03
2012.01.17 10:07:41.826,0.30544,0.30579,0.03,0.03
2012.01.17 10:07:44.349,0.30544,0.30576,0.03,0.02
2012.01.17 10:07:44.899,0.30543,0.30577,0.03,0.02
2012.01.17 10:07:45.076,0.30543,0.30574,0.03,0.03
2012.01.17 10:07:45.139,0.30534,0.30564,0.02,0.03
2012.01.17 10:07:46.089,0.30531,0.30562,0.03,0.03
2012.01.17 10:07:47.480,0.30533,0.30573,0.04,0.03
2012.01.17 10:07:48.458,0.30534,0.30573,0.03,0.03
2012.01.17 10:07:49.876,0.30534,0.30571,0.03,0.03
2012.01.17 10:07:50.220,0.30529,0.30559,0.02,0.03
2012.01.17 10:07:50.387,0.30531,0.30561,0.02,0.03
2012.01.17 10:07:51.617,0.30533,0.3057,0.03,0.03
2012.01.17 10:07:52.276,0.30533,0.30569,0.03,0.03
2012.01.17 10:07:53.127,0.30533,0.30567,0.03,0.02
2012.01.17 10:07:53.401,0.30528,0.30558,0.02,0.03
2012.01.17 10:07:55.196,0.30534,0.30566,0.03,0.02
2012.01.17 10:07:55.957,0.30534,0.30569,0.03,0.03
2012.01.17 10:07:56.477,0.30534,0.30565,0.03,0.03
2012.01.17 10:07:57.109,0.30525,0.30556,0.02,0.03
2012.01.17 10:07:57.346,0.30534,0.30564,0.03,0.03
2012.01.17 10:07:57.548,0.30534,0.30568,0.03,0.03
2012.01.17 10:08:00.044,0.30534,0.30569,0.03,0.02
2012.01.17 10:08:02.309,0.30525,0.30555,0.02,0.03
2012.01.17 10:08:02.798,0.30524,0.30563,0.03,0.03
2012.01.17 10:08:03.527,0.30524,0.30563,0.03,0.03
2012.01.17 10:08:05.917,0.30526,0.30566,0.02,0.02
2012.01.17 10:08:05.976,0.30526,0.30557,0.02,0.03
2012.01.17 10:08:06.147,0.30533,0.30567,0.03,0.04
2012.01.17 10:08:06.675,0.30523,0.30564,0.05,0.03
2012.01.17 10:08:06.797,0.30523,0.30566,0.03,0.02
2012.01.17 10:08:07.665,0.30523,0.30562,0.03,0.03
2012.01.17 10:08:08.202,0.30523,0.30553,0.02,0.03
2012.01.17 10:08:08.387,0.30523,0.30556,0.02,0.03
2012.01.17 10:08:09.467,0.30524,0.30566,0.03,0.04
2012.01.17 10:08:10.006,0.30523,0.30566,0.04,0.02
2012.01.17 10:08:11.390,0.30524,0.30564,0.02,0.03
2012.01.17 10:08:11.899,0.30524,0.30557,0.02,0.03
2012.01.17 10:08:13.028,0.30533,0.30566,0.03,0.03
2012.01.17 10:08:13.651,0.30529,0.3056,0.03,0.03
2012.01.17 10:08:13.907,0.30533,0.3057,0.03,0.03
2012.01.17 10:08:22.470,0.30533,0.30564,0.03,0.03
2012.01.17 10:08:22.903,0.30524,0.30567,0.03,0.02
2012.01.17 10:08:23.531,0.30525,0.30567,0.03,0.02
2012.01.17 10:08:32.618,0.30523,0.30563,0.03,0.02
2012.01.17 10:08:35.248,0.30519,0.30549,0.02,0.03
2012.01.17 10:08:35.975,0.30524,0.30559,0.03,0.02
2012.01.17 10:08:39.058,0.3052,0.3055,0.02,0.03
2012.01.17 10:08:39.390,0.30517,0.30547,0.02,0.03
2012.01.17 10:08:39.466,0.30524,0.30556,0.03,0.02
2012.01.17 10:08:39.967,0.30524,0.30558,0.03,0.03
2012.01.17 10:08:41.589,0.30523,0.30559,0.03,0.03
2012.01.17 10:08:41.840,0.30519,0.3055,0.03,0.03
2012.01.17 10:08:44.826,0.30523,0.30556,0.03,0.03
2012.01.17 10:08:44.890,0.30517,0.30548,0.03,0.03
2012.01.17 10:08:46.811,0.30518,0.30549,0.03,0.03
2012.01.17 10:08:56.340,0.30523,0.30558,0.03,0.03
2012.01.17 10:08:56.397,0.30523,0.30553,0.02,0.03
2012.01.17 10:08:56.938,0.30533,0.30563,0.02,0.03
2012.01.17 10:08:56.998,0.30533,0.30563,0.03,0.03
2012.01.17 10:08:57.059,0.30523,0.30559,0.05,0.03
2012.01.17 10:08:57.247,0.30533,0.30569,0.03,0.03
2012.01.17 10:08:58.034,0.30533,0.3057,0.03,0.03
2012.01.17 10:09:02.906,0.30531,0.30561,0.02,0.03
2012.01.17 10:09:04.699,0.30527,0.30557,0.02,0.03
2012.01.17 10:09:04.943,0.30525,0.30565,0.03,0.03
2012.01.17 10:09:08.225,0.30534,0.30564,0.03,0.03
2012.01.17 10:09:09.126,0.30534,0.30566,0.03,0.02
2012.01.17 10:09:09.328,0.30524,0.30564,0.05,0.03
2012.01.17 10:09:10.033,0.30524,0.30556,0.02,0.03
2012.01.17 10:09:12.346,0.30524,0.30562,0.03,0.03
2012.01.17 10:09:13.409,0.30524,0.3056,0.03,0.03
2012.01.17 10:09:13.467,0.3052,0.30551,0.03,0.03
2012.01.17 10:09:13.869,0.30523,0.30561,0.03,0.03
2012.01.17 10:09:14.279,0.30523,0.30553,0.02,0.03
2012.01.17 10:09:15.449,0.30524,0.30556,0.02,0.02
2012.01.17 10:09:15.500,0.30523,0.30561,0.03,0.03
2012.01.17 10:09:27.980,0.30523,0.30566,0.03,0.02
2012.01.17 10:09:28.244,0.30524,0.30563,0.03,0.03
2012.01.17 10:09:37.660,0.30524,0.30564,0.03,0.03
2012.01.17 10:09:39.339,0.30525,0.30565,0.03,0.03
2012.01.17 10:09:40.176,0.30524,0.30564,0.04,0.03
2012.01.17 10:09:43.514,0.30525,0.30565,0.03,0.03
2012.01.17 10:09:51.073,0.30534,0.30564,0.03,0.03
2012.01.17 10:09:53.698,0.30524,0.30564,0.03,0.03
2012.01.17 10:09:54.378,0.30524,0.30564,0.04,0.03
2012.01.17 10:09:57.474,0.30524,0.30563,0.03,0.03
2012.01.17 10:09:57.821,0.30524,0.30554,0.04,0.03
2012.01.17 10:09:57.946,0.30524,0.3056,0.03,0.03
2012.01.17 10:09:58.227,0.30524,0.30562,0.03,0.03
2012.01.17 10:09:59.058,0.30524,0.30563,0.03,0.02
2012.01.17 10:09:59.737,0.30523,0.30557,0.02,0.02
2012.01.17 10:10:00.178,0.30523,0.30559,0.03,0.03
2012.01.17 10:10:02.267,0.30523,0.30561,0.03,0.02
2012.01.17 10:10:02.458,0.30524,0.30559,0.03,0.03
2012.01.17 10:10:02.828,0.30519,0.30549,0.02,0.03
2012.01.17 10:10:03.015,0.30524,0.30558,0.03,0.03
2012.01.17 10:10:03.197,0.30517,0.30547,0.02,0.03
2012.01.17 10:10:03.256,0.30524,0.30556,0.03,0.03
2012.01.17 10:10:03.316,0.30513,0.30543,0.02,0.03
2012.01.17 10:10:03.663,0.30513,0.30552,0.03,0.03
2012.01.17 10:10:03.788,0.30511,0.30541,0.02,0.03
2012.01.17 10:10:04.128,0.30514,0.30549,0.03,0.02
2012.01.17 10:10:04.330,0.30513,0.30552,0.03,0.03
2012.01.17 10:10:04.816,0.30513,0.30552,0.03,0.03
2012.01.17 10:10:05.945,0.30524,0.30554,0.02,0.03
2012.01.17 10:10:06.009,0.30515,0.30545,0.02,0.03
2012.01.17 10:10:06.348,0.30518,0.30549,0.03,0.03
2012.01.17 10:10:06.772,0.30523,0.3056,0.03,0.03
2012.01.17 10:10:12.535,0.30523,0.30557,0.03,0.02
2012.01.17 10:10:12.738,0.30516,0.30546,0.02,0.03
2012.01.17 10:10:12.798,0.30523,0.30555,0.03,0.03
2012.01.17 10:10:13.329,0.30524,0.30556,0.03,0.02
2012.01.17 10:10:14.957,0.30524,0.30555,0.03,0.03
2012.01.17 10:10:15.268,0.30524,0.30558,0.03,0.03
2012.01.17 10:10:17.609,0.30524,0.30554,0.03,0.03
2012.01.17 10:10:17.846,0.30514,0.30544,0.04,0.03
2012.01.17 10:10:18.755,0.30514,0.30553,0.03,0.03
2012.01.17 10:10:19.388,0.30513,0.30543,0.02,0.03
2012.01.17 10:10:20.092,0.30514,0.30552,0.03,0.03
2012.01.17 10:10:20.601,0.30514,0.3055,0.03,0.03
2012.01.17 10:10:20.693,0.30507,0.30537,0.02,0.03
2012.01.17 10:10:20.770,0.30514,0.30548,0.03,0.03
2012.01.17 10:10:23.337,0.30505,0.30536,0.03,0.03
2012.01.17 10:10:23.526,0.30514,0.30545,0.03,0.03
2012.01.17 10:10:24.049,0.30503,0.30533,0.02,0.03
2012.01.17 10:10:26.025,0.30504,0.30545,0.02,0.03
2012.01.17 10:10:27.722,0.305,0.30531,0.05,0.03
2012.01.17 10:10:28.863,0.30503,0.30542,0.03,0.03
2012.01.17 10:10:30.157,0.30503,0.30543,0.04,0.03
2012.01.17 10:10:30.280,0.30503,0.30533,0.02,0.03
2012.01.17 10:10:30.347,0.305,0.3053,0.02,0.03
2012.01.17 10:10:30.950,0.30506,0.30546,0.02,0.04
2012.01.17 10:10:31.066,0.30506,0.30536,0.02,0.03
2012.01.17 10:10:31.610,0.30513,0.30547,0.03,0.04
2012.01.17 10:10:31.668,0.30509,0.30539,0.02,0.03
2012.01.17 10:10:37.324,0.30513,0.30547,0.03,0.04
2012.01.17 10:10:37.556,0.30505,0.30535,0.02,0.03
2012.01.17 10:10:37.764,0.30503,0.30535,0.03,0.03
2012.01.17 10:10:37.826,0.30494,0.30527,0.02,0.03
2012.01.17 10:10:39.022,0.30489,0.3052,0.03,0.03
2012.01.17 10:10:39.571,0.30491,0.30521,0.02,0.03
2012.01.17 10:10:41.644,0.30489,0.30519,0.02,0.03
2012.01.17 10:10:41.828,0.30493,0.3053,0.03,0.03
2012.01.17 10:10:47.146,0.30494,0.30532,0.03,0.02
2012.01.17 10:10:47.209,0.30492,0.30523,0.02,0.03
2012.01.17 10:10:47.520,0.30494,0.30535,0.03,0.02
2012.01.17 10:10:47.837,0.30494,0.30528,0.02,0.03
2012.01.17 10:10:48.048,0.30494,0.30535,0.03,0.02
2012.01.17 10:10:49.136,0.30493,0.30535,0.03,0.02
2012.01.17 10:10:49.196,0.30492,0.30522,0.02,0.03
2012.01.17 10:10:49.536,0.3049,0.3052,0.02,0.03
2012.01.17 10:10:50.095,0.30494,0.30526,0.02,0.02
2012.01.17 10:10:51.837,0.30494,0.30532,0.03,0.03
2012.01.17 10:10:52.455,0.30493,0.30533,0.04,0.03
2012.01.17 10:10:52.705,0.30492,0.30522,0.02,0.03
2012.01.17 10:10:53.386,0.30493,0.30533,0.04,0.03
2012.01.17 10:10:53.767,0.30489,0.30519,0.02,0.03
2012.01.17 10:10:53.828,0.30494,0.30529,0.03,0.03
2012.01.17 10:10:53.886,0.30492,0.30522,0.02,0.03
2012.01.17 10:10:54.004,0.30494,0.3053,0.03,0.03
2012.01.17 10:10:54.656,0.30494,0.30524,0.02,0.03
2012.01.17 10:10:55.385,0.30494,0.30524,0.02,0.03
2012.01.17 10:10:57.146,0.30494,0.30524,0.02,0.03
2012.01.17 10:10:57.763,0.30494,0.3053,0.03,0.03
2012.01.17 10:11:00.096,0.30494,0.30529,0.03,0.03
2012.01.17 10:11:00.575,0.30491,0.30522,0.03,0.03
2012.01.17 10:11:00.934,0.30493,0.30528,0.03,0.03
2012.01.17 10:11:02.138,0.30494,0.30524,0.02,0.03
2012.01.17 10:11:09.120,0.30493,0.30529,0.04,0.03
2012.01.17 10:11:09.203,0.30499,0.30529,0.02,0.03
2012.01.17 10:11:09.740,0.30503,0.30539,0.03,0.03
2012.01.17 10:11:10.099,0.30504,0.30536,0.02,0.02
2012.01.17 10:11:10.378,0.30503,0.30542,0.03,0.03
2012.01.17 10:11:11.195,0.30504,0.30543,0.03,0.03
2012.01.17 10:11:11.660,0.30504,0.30543,0.03,0.03
2012.01.17 10:11:12.059,0.30504,0.30536,0.02,0.03
2012.01.17 10:11:12.118,0.30514,0.30546,0.03,0.02
2012.01.17 10:11:12.936,0.30504,0.30544,0.05,0.03
2012.01.17 10:11:13.918,0.30505,0.30546,0.03,0.03
2012.01.17 10:11:14.960,0.30514,0.30549,0.03,0.03
2012.01.17 10:11:15.027,0.30514,0.30548,0.03,0.03
2012.01.17 10:11:21.908,0.30508,0.30549,0.02,0.05
2012.01.17 10:11:22.487,0.30513,0.30551,0.03,0.03
2012.01.17 10:11:22.887,0.30514,0.30545,0.02,0.03
2012.01.17 10:11:23.454,0.30514,0.30552,0.03,0.03
2012.01.17 10:11:24.528,0.30514,0.30549,0.03,0.03
2012.01.17 10:11:24.706,0.30513,0.30552,0.03,0.03
2012.01.17 10:11:25.808,0.30515,0.30555,0.02,0.03
2012.01.17 10:11:25.866,0.30513,0.30543,0.02,0.03
2012.01.17 10:11:26.196,0.30516,0.30546,0.02,0.03
2012.01.17 10:11:27.177,0.30523,0.30557,0.03,0.04
2012.01.17 10:11:27.715,0.30524,0.30555,0.02,0.03
2012.01.17 10:11:32.359,0.30511,0.30541,0.02,0.03
2012.01.17 10:11:32.422,0.3052,0.30551,0.03,0.03
2012.01.17 10:11:32.711,0.30514,0.30551,0.03,0.03
2012.01.17 10:11:32.834,0.30508,0.30538,0.02,0.03
2012.01.17 10:11:33.195,0.30513,0.30547,0.03,0.04
2012.01.17 10:11:33.529,0.30498,0.30528,0.03,0.03
2012.01.17 10:11:33.788,0.30502,0.30532,0.02,0.03
2012.01.17 10:11:33.928,0.30505,0.30537,0.02,0.03
2012.01.17 10:11:33.989,0.30513,0.3055,0.03,0.05
2012.01.17 10:11:34.486,0.30509,0.30539,0.02,0.03
2012.01.17 10:11:34.550,0.30514,0.30546,0.02,0.03
2012.01.17 10:11:37.257,0.30506,0.30537,0.03,0.03
2012.01.17 10:11:37.438,0.30504,0.3054,0.03,0.03
2012.01.17 10:11:37.788,0.30503,0.30534,0.02,0.03
2012.01.17 10:11:37.850,0.30503,0.30537,0.03,0.04
2012.01.17 10:11:42.427,0.30504,0.30536,0.03,0.04
2012.01.17 10:11:42.669,0.30493,0.30524,0.03,0.03
2012.01.17 10:11:43.504,0.30494,0.30533,0.03,0.03
2012.01.17 10:11:48.143,0.30493,0.30523,0.02,0.03
2012.01.17 10:11:48.485,0.30494,0.30531,0.03,0.03
2012.01.17 10:11:48.547,0.30493,0.30527,0.02,0.02
2012.01.17 10:11:48.816,0.30493,0.30531,0.03,0.03
2012.01.17 10:11:49.366,0.30494,0.30526,0.02,0.02
2012.01.17 10:11:52.979,0.3049,0.30521,0.03,0.03
2012.01.17 10:11:53.137,0.30494,0.30529,0.03,0.03
2012.01.17 10:11:54.887,0.30494,0.30528,0.03,0.03
2012.01.17 10:11:55.118,0.30487,0.30517,0.02,0.03
2012.01.17 10:11:55.378,0.3049,0.3052,0.02,0.03
2012.01.17 10:11:59.612,0.30487,0.30517,0.02,0.03
2012.01.17 10:11:59.976,0.30493,0.30525,0.03,0.03
2012.01.17 10:12:00.496,0.30485,0.30515,0.02,0.03
2012.01.17 10:12:00.810,0.30484,0.30523,0.03,0.03
2012.01.17 10:12:01.361,0.30485,0.30525,0.03,0.03
2012.01.17 10:12:01.607,0.30484,0.30523,0.03,0.03
2012.01.17 10:12:01.857,0.30485,0.30525,0.02,0.03
2012.01.17 10:12:03.421,0.30484,0.30524,0.03,0.03
2012.01.17 10:12:03.666,0.30484,0.30521,0.03,0.03
2012.01.17 10:12:03.786,0.30484,0.30526,0.03,0.06
2012.01.17 10:12:03.906,0.30485,0.30525,0.02,0.03
2012.01.17 10:12:04.563,0.30494,0.30526,0.03,0.04
2012.01.17 10:12:05.160,0.30488,0.30518,0.02,0.03
2012.01.17 10:12:05.785,0.30494,0.30526,0.02,0.02
2012.01.17 10:12:05.848,0.30494,0.30525,0.03,0.03
2012.01.17 10:12:06.454,0.30494,0.30524,0.03,0.03
2012.01.17 10:12:08.278,0.30484,0.30517,0.02,0.03
2012.01.17 10:12:09.057,0.30494,0.30526,0.03,0.02
2012.01.17 10:12:09.236,0.30494,0.30529,0.03,0.03
2012.01.17 10:12:13.087,0.30486,0.30516,0.02,0.03
2012.01.17 10:12:13.147,0.30493,0.30526,0.03,0.03
2012.01.17 10:12:14.537,0.30482,0.30513,0.03,0.03
2012.01.17 10:12:14.934,0.30483,0.30523,0.04,0.03
2012.01.17 10:12:15.237,0.30493,0.30531,0.03,0.03
2012.01.17 10:12:15.298,0.30491,0.30522,0.03,0.03
2012.01.17 10:12:15.419,0.30493,0.30533,0.04,0.03
2012.01.17 10:12:16.986,0.30493,0.30526,0.04,0.03
2012.01.17 10:12:17.047,0.30504,0.30535,0.03,0.03
2012.01.17 10:12:18.486,0.30493,0.30524,0.03,0.03
2012.01.17 10:12:20.182,0.30494,0.30534,0.03,0.03
2012.01.17 10:12:21.276,0.30494,0.30534,0.03,0.03
2012.01.17 10:12:21.928,0.30494,0.30532,0.03,0.03
2012.01.17 10:12:24.186,0.30494,0.30526,0.03,0.03
2012.01.17 10:12:24.441,0.3048,0.30511,0.03,0.03
2012.01.17 10:12:25.049,0.30484,0.30514,0.02,0.03
2012.01.17 10:12:25.107,0.30483,0.30521,0.03,0.03
2012.01.17 10:12:25.574,0.30481,0.30512,0.02,0.03
2012.01.17 10:12:26.791,0.30483,0.30514,0.03,0.03
2012.01.17 10:12:33.519,0.30484,0.30522,0.03,0.03
2012.01.17 10:12:41.237,0.30484,0.30522,0.03,0.03
2012.01.17 10:12:41.476,0.30484,0.30522,0.03,0.03
2012.01.17 10:12:42.201,0.30484,0.3052,0.03,0.03
2012.01.17 10:12:45.339,0.30484,0.30523,0.05,0.03
2012.01.17 10:12:45.547,0.30488,0.30524,0.03,0.03
2012.01.17 10:12:45.764,0.30488,0.30524,0.03,0.03
2012.01.17 10:12:46.218,0.30493,0.30526,0.03,0.03
2012.01.17 10:12:47.174,0.30493,0.30526,0.03,0.03
2012.01.17 10:12:47.710,0.30492,0.30526,0.03,0.05
2012.01.17 10:12:48.307,0.30489,0.30525,0.03,0.03
2012.01.17 10:12:48.903,0.30486,0.30522,0.03,0.03
2012.01.17 10:12:49.445,0.30486,0.30524,0.03,0.03
2012.01.17 10:12:50.154,0.30486,0.30522,0.03,0.03
2012.01.17 10:12:50.667,0.30486,0.30524,0.03,0.03
2012.01.17 10:12:51.433,0.30486,0.30522,0.03,0.03
2012.01.17 10:12:52.966,0.30485,0.30523,0.03,0.03
2012.01.17 10:12:53.515,0.30486,0.30522,0.03,0.03
2012.01.17 10:12:53.738,0.30486,0.30522,0.03,0.03
2012.01.17 10:12:57.000,0.30486,0.30522,0.03,0.03
2012.01.17 10:12:58.307,0.30486,0.30521,0.03,0.03
2012.01.17 10:12:58.657,0.30484,0.3052,0.03,0.03
2012.01.17 10:12:59.179,0.30483,0.30517,0.02,0.02
2012.01.17 10:13:04.509,0.30487,0.3052,0.03,0.02
2012.01.17 10:13:05.139,0.30487,0.30523,0.03,0.03
2012.01.17 10:13:06.676,0.30487,0.30521,0.03,0.03
2012.01.17 10:13:10.636,0.30504,0.30536,0.02,0.02
2012.01.17 10:13:10.709,0.30498,0.30529,0.03,0.03
2012.01.17 10:13:10.771,0.30503,0.3054,0.03,0.03
2012.01.17 10:13:12.091,0.30504,0.30541,0.03,0.03
2012.01.17 10:13:12.399,0.30501,0.30531,0.02,0.03
2012.01.17 10:13:12.943,0.30504,0.30542,0.03,0.03
2012.01.17 10:13:14.148,0.30503,0.30533,0.02,0.03
2012.01.17 10:13:16.408,0.30503,0.30536,0.02,0.03
2012.01.17 10:13:16.466,0.30505,0.30546,0.02,0.03
2012.01.17 10:13:16.995,0.30514,0.30544,0.03,0.03
2012.01.17 10:13:17.550,0.30505,0.30535,0.02,0.03
2012.01.17 10:13:18.286,0.30504,0.30544,0.03,0.03
2012.01.17 10:13:18.626,0.305,0.3053,0.02,0.03
2012.01.17 10:13:18.698,0.30487,0.30523,0.03,0.05
2012.01.17 10:13:20.337,0.30486,0.30517,0.03,0.02
2012.01.17 10:13:20.396,0.30486,0.30517,0.03,0.02
2012.01.17 10:13:20.686,0.30488,0.30524,0.03,0.03
2012.01.17 10:13:20.747,0.30485,0.30516,0.03,0.02
2012.01.17 10:13:21.122,0.30489,0.3052,0.03,0.03
2012.01.17 10:13:23.497,0.30484,0.30518,0.03,0.03
2012.01.17 10:13:24.253,0.30484,0.30516,0.05,0.02
2012.01.17 10:13:37.418,0.30494,0.30525,0.02,0.03
2012.01.17 10:13:37.585,0.30494,0.30524,0.03,0.03
2012.01.17 10:13:42.263,0.30483,0.30521,0.03,0.05
2012.01.17 10:13:45.373,0.30483,0.30521,0.03,0.05
2012.01.17 10:13:46.064,0.30484,0.3052,0.03,0.03
2012.01.17 10:13:51.696,0.30484,0.3052,0.03,0.03
2012.01.17 10:13:57.198,0.30484,0.30521,0.03,0.03
2012.01.17 10:13:57.712,0.30484,0.30519,0.03,0.02
2012.01.17 10:14:01.658,0.30484,0.30516,0.02,0.02
2012.01.17 10:14:10.468,0.30484,0.30516,0.04,0.02
2012.01.17 10:14:12.521,0.30484,0.3052,0.03,0.03
2012.01.17 10:14:16.382,0.30484,0.3052,0.05,0.03
2012.01.17 10:14:16.660,0.30485,0.30525,0.02,0.03
2012.01.17 10:14:16.867,0.30488,0.30526,0.03,0.03
2012.01.17 10:14:16.947,0.30488,0.30526,0.03,0.03
2012.01.17 10:14:17.417,0.30494,0.30524,0.03,0.03
2012.01.17 10:14:17.701,0.30494,0.30526,0.03,0.03
2012.01.17 10:14:18.029,0.30487,0.30525,0.03,0.03
2012.01.17 10:14:18.596,0.30487,0.30525,0.03,0.03
2012.01.17 10:14:21.654,0.30487,0.30525,0.03,0.03
2012.01.17 10:14:24.917,0.30487,0.30525,0.03,0.03
2012.01.17 10:14:32.087,0.30487,0.30525,0.03,0.03
2012.01.17 10:14:35.566,0.30487,0.30523,0.03,0.03
2012.01.17 10:14:36.875,0.30487,0.30525,0.03,0.03
2012.01.17 10:14:39.548,0.30487,0.30525,0.03,0.03
2012.01.17 10:14:40.179,0.30487,0.30523,0.03,0.03
2012.01.17 10:14:42.016,0.30484,0.30522,0.03,0.03
2012.01.17 10:14:42.471,0.30486,0.30524,0.03,0.03
2012.01.17 10:14:43.735,0.30486,0.30524,0.03,0.03
2012.01.17 10:14:46.554,0.30486,0.30524,0.03,0.03
2012.01.17 10:14:51.596,0.30486,0.30524,0.03,0.03
2012.01.17 10:14:52.448,0.30486,0.30524,0.03,0.03
2012.01.17 10:14:53.604,0.30486,0.30526,0.03,0.03
2012.01.17 10:14:53.847,0.30494,0.3053,0.03,0.03
2012.01.17 10:14:54.035,0.30494,0.30533,0.03,0.03
2012.01.17 10:14:54.476,0.30494,0.30531,0.03,0.03
2012.01.17 10:14:55.077,0.30493,0.30531,0.05,0.03
2012.01.17 10:14:55.407,0.30494,0.30533,0.03,0.03
2012.01.17 10:14:57.048,0.30494,0.30531,0.03,0.03
2012.01.17 10:14:58.923,0.30493,0.30529,0.05,0.05
2012.01.17 10:15:00.061,0.30493,0.30531,0.05,0.05
2012.01.17 10:15:02.527,0.30494,0.30525,0.02,0.03
2012.01.17 10:15:03.155,0.30493,0.30531,0.03,0.03
2012.01.17 10:15:05.903,0.30493,0.30531,0.03,0.03
2012.01.17 10:15:06.573,0.30493,0.30527,0.02,0.05
2012.01.17 10:15:07.027,0.30493,0.30527,0.03,0.02
2012.01.17 10:15:10.045,0.30493,0.30529,0.03,0.05
2012.01.17 10:15:10.738,0.30493,0.30531,0.03,0.05
2012.01.17 10:15:11.423,0.30494,0.30529,0.03,0.02
2012.01.17 10:15:11.801,0.30494,0.30531,0.03,0.03
2012.01.17 10:15:13.208,0.30494,0.30532,0.05,0.03
2012.01.17 10:15:14.829,0.30494,0.30534,0.07,0.03
2012.01.17 10:15:15.163,0.30504,0.30536,0.03,0.02
2012.01.17 10:15:16.237,0.30504,0.30534,0.03,0.03
2012.01.17 10:15:17.833,0.30495,0.30533,0.03,0.03
2012.01.17 10:15:18.694,0.30495,0.30533,0.03,0.03
2012.01.17 10:15:20.335,0.30498,0.30532,0.03,0.03
2012.01.17 10:15:21.852,0.30498,0.30534,0.03,0.03
2012.01.17 10:15:23.154,0.30498,0.30534,0.03,0.03
2012.01.17 10:15:23.394,0.30498,0.30532,0.03,0.03
2012.01.17 10:15:27.965,0.30494,0.30529,0.05,0.03
2012.01.17 10:15:28.155,0.30493,0.30528,0.03,0.03
2012.01.17 10:15:28.912,0.30493,0.3053,0.03,0.03
2012.01.17 10:15:29.246,0.30494,0.30528,0.03,0.03
2012.01.17 10:15:29.924,0.30494,0.30528,0.03,0.03
2012.01.17 10:15:38.590,0.30494,0.30528,0.03,0.03
2012.01.17 10:15:39.466,0.30494,0.30532,0.03,0.03
2012.01.17 10:15:42.407,0.30493,0.30525,0.02,0.03
2012.01.17 10:15:42.525,0.30493,0.30535,0.03,0.02
2012.01.17 10:15:44.802,0.30494,0.30533,0.03,0.03
2012.01.17 10:15:45.382,0.30493,0.30531,0.03,0.03
2012.01.17 10:15:45.913,0.30493,0.30528,0.02,0.03
2012.01.17 10:15:46.240,0.30493,0.30534,0.04,0.03
2012.01.17 10:15:48.515,0.30493,0.30532,0.03,0.03
2012.01.17 10:15:48.721,0.30494,0.30534,0.03,0.03
2012.01.17 10:15:49.486,0.30494,0.30532,0.03,0.03
2012.01.17 10:15:53.059,0.30494,0.30534,0.03,0.03
2012.01.17 10:15:56.000,0.30494,0.30532,0.03,0.03
2012.01.17 10:15:56.650,0.30493,0.30532,0.03,0.03
2012.01.17 10:15:57.168,0.30485,0.30523,0.03,0.03
2012.01.17 10:15:58.620,0.30487,0.30525,0.03,0.03
2012.01.17 10:15:58.950,0.30487,0.30523,0.03,0.03
2012.01.17 10:16:00.164,0.30484,0.30522,0.03,0.03
2012.01.17 10:16:00.435,0.30486,0.30522,0.03,0.03
2012.01.17 10:16:01.048,0.30486,0.30526,0.05,0.02
2012.01.17 10:16:01.391,0.30493,0.30527,0.04,0.02
2012.01.17 10:16:01.916,0.30493,0.30526,0.03,0.03
2012.01.17 10:16:04.078,0.30494,0.3053,0.03,0.05
2012.01.17 10:16:04.158,0.30494,0.30528,0.03,0.05
2012.01.17 10:16:10.542,0.3049,0.30526,0.03,0.06
2012.01.17 10:16:10.708,0.30484,0.30514,0.02,0.03
2012.01.17 10:16:13.225,0.30484,0.30522,0.03,0.03
2012.01.17 10:16:13.284,0.30483,0.30518,0.02,0.03
2012.01.17 10:16:13.407,0.30483,0.3052,0.03,0.03
2012.01.17 10:16:15.468,0.30484,0.30519,0.03,0.02
2012.01.17 10:16:16.441,0.30483,0.3052,0.03,0.03
2012.01.17 10:16:16.764,0.30483,0.30522,0.03,0.03
2012.01.17 10:16:17.291,0.30484,0.30524,0.05,0.03
2012.01.17 10:16:17.961,0.30487,0.30521,0.03,0.03
2012.01.17 10:16:18.482,0.30487,0.30523,0.03,0.03
2012.01.17 10:16:19.036,0.30487,0.30525,0.03,0.03
2012.01.17 10:16:26.605,0.30473,0.30508,0.03,0.02
2012.01.17 10:16:26.729,0.30481,0.30512,0.03,0.03
2012.01.17 10:16:27.104,0.30467,0.30501,0.03,0.03
2012.01.17 10:16:30.289,0.30465,0.30503,0.03,0.03
2012.01.17 10:16:30.546,0.30465,0.30503,0.03,0.03
2012.01.17 10:16:31.053,0.30465,0.30501,0.03,0.03
2012.01.17 10:16:31.277,0.30464,0.30499,0.03,0.02
2012.01.17 10:16:31.682,0.30464,0.30502,0.03,0.02
2012.01.17 10:16:34.455,0.30464,0.30504,0.03,0.03
2012.01.17 10:16:35.105,0.30465,0.30506,0.03,0.03
2012.01.17 10:16:35.546,0.3047,0.30509,0.03,0.03
2012.01.17 10:16:35.775,0.30474,0.30508,0.03,0.05
2012.01.17 10:16:37.455,0.30473,0.3051,0.03,0.02
2012.01.17 10:16:37.949,0.30474,0.3051,0.05,0.03
2012.01.17 10:16:38.014,0.30474,0.30512,0.05,0.03
2012.01.17 10:16:41.695,0.30474,0.30512,0.03,0.03
2012.01.17 10:16:42.194,0.30472,0.30502,0.02,0.03
2012.01.17 10:16:42.316,0.30474,0.30506,0.03,0.03
2012.01.17 10:16:42.731,0.30474,0.30507,0.03,0.03
2012.01.17 10:16:44.040,0.30473,0.30507,0.03,0.02
2012.01.17 10:16:44.854,0.30474,0.30506,0.03,0.02
2012.01.17 10:16:45.139,0.30474,0.30506,0.03,0.02
2012.01.17 10:16:45.926,0.30466,0.305,0.03,0.03
2012.01.17 10:16:46.669,0.30466,0.30504,0.03,0.03
2012.01.17 10:16:47.155,0.30463,0.30502,0.03,0.03
2012.01.17 10:16:47.660,0.30464,0.30502,0.03,0.03
2012.01.17 10:16:47.925,0.30466,0.30502,0.03,0.03
2012.01.17 10:16:49.545,0.30467,0.30505,0.03,0.03
2012.01.17 10:16:50.155,0.30463,0.30507,0.03,0.06
2012.01.17 10:16:50.362,0.30464,0.30501,0.03,0.03
2012.01.17 10:16:50.865,0.30464,0.30503,0.03,0.03
2012.01.17 10:16:52.347,0.30463,0.30501,0.05,0.03
2012.01.17 10:16:53.569,0.30463,0.30503,0.03,0.03
2012.01.17 10:16:53.865,0.30466,0.30504,0.03,0.03
2012.01.17 10:16:58.434,0.30466,0.30504,0.03,0.03
2012.01.17 10:16:59.869,0.30467,0.30506,0.03,0.02
2012.01.17 10:17:00.497,0.30467,0.30506,0.03,0.02
2012.01.17 10:17:01.688,0.30474,0.30506,0.03,0.02
2012.01.17 10:17:02.226,0.30474,0.30506,0.03,0.02
2012.01.17 10:17:02.543,0.30473,0.30503,0.02,0.03
2012.01.17 10:17:03.006,0.30474,0.30506,0.03,0.02
2012.01.17 10:17:03.656,0.30473,0.30507,0.03,0.02
2012.01.17 10:17:11.067,0.30474,0.30505,0.03,0.03
2012.01.17 10:17:17.418,0.30465,0.30496,0.02,0.03
2012.01.17 10:17:17.502,0.30464,0.305,0.03,0.03
2012.01.17 10:17:17.566,0.30464,0.30498,0.02,0.03
2012.01.17 10:17:17.903,0.30464,0.305,0.03,0.03
2012.01.17 10:17:18.406,0.30464,0.30506,0.03,0.04
2012.01.17 10:17:19.616,0.30463,0.30495,0.02,0.03
2012.01.17 10:17:20.161,0.30463,0.30502,0.03,0.03
2012.01.17 10:17:20.775,0.30464,0.30502,0.03,0.03
2012.01.17 10:17:21.620,0.30464,0.30502,0.03,0.03
2012.01.17 10:17:22.935,0.30464,0.30495,0.02,0.03
2012.01.17 10:17:26.086,0.30464,0.30505,0.03,0.02
2012.01.17 10:17:26.799,0.30463,0.30501,0.03,0.03
2012.01.17 10:17:27.240,0.30464,0.30506,0.03,0.02
2012.01.17 10:17:27.576,0.30463,0.30503,0.05,0.03
2012.01.17 10:17:27.916,0.30463,0.30507,0.05,0.06
2012.01.17 10:17:28.530,0.30463,0.30501,0.05,0.03
2012.01.17 10:17:29.108,0.30464,0.30499,0.03,0.03
2012.01.17 10:17:29.457,0.30464,0.30501,0.03,0.03
2012.01.17 10:17:30.013,0.30463,0.30497,0.02,0.02
2012.01.17 10:17:30.344,0.30464,0.30503,0.03,0.03
2012.01.17 10:17:31.015,0.30464,0.30501,0.03,0.03
2012.01.17 10:17:31.577,0.30464,0.30505,0.03,0.02
2012.01.17 10:17:31.897,0.30463,0.30501,0.05,0.05
2012.01.17 10:17:32.348,0.30465,0.30501,0.03,0.03
2012.01.17 10:17:32.537,0.30465,0.30503,0.03,0.03
2012.01.17 10:17:32.995,0.30465,0.30501,0.03,0.03
2012.01.17 10:17:34.840,0.30464,0.30502,0.03,0.03
2012.01.17 10:17:35.086,0.30466,0.30506,0.03,0.03
2012.01.17 10:17:35.325,0.30466,0.30504,0.03,0.03
2012.01.17 10:17:36.816,0.30473,0.30506,0.03,0.03
2012.01.17 10:17:37.244,0.30466,0.30504,0.03,0.03
2012.01.17 10:17:38.090,0.30466,0.30506,0.03,0.03
2012.01.17 10:17:38.458,0.30466,0.30504,0.03,0.03
2012.01.17 10:17:39.268,0.30466,0.30506,0.05,0.03
2012.01.17 10:17:39.508,0.30463,0.30503,0.07,0.03
2012.01.17 10:17:40.103,0.30473,0.30506,0.03,0.03
2012.01.17 10:17:41.381,0.30473,0.30504,0.03,0.03
2012.01.17 10:17:42.317,0.30465,0.30503,0.03,0.03
2012.01.17 10:17:42.377,0.30465,0.30505,0.05,0.03
2012.01.17 10:17:43.404,0.30466,0.30506,0.02,0.02
2012.01.17 10:17:43.719,0.30473,0.3051,0.03,0.03
2012.01.17 10:17:44.126,0.30473,0.30505,0.02,0.03
2012.01.17 10:17:44.763,0.30474,0.30506,0.02,0.02
2012.01.17 10:17:50.956,0.30474,0.30507,0.03,0.03
2012.01.17 10:17:51.286,0.30474,0.30505,0.03,0.03
2012.01.17 10:17:51.476,0.30473,0.30507,0.03,0.02
2012.01.17 10:17:52.000,0.30473,0.30507,0.03,0.03
2012.01.17 10:17:52.512,0.30474,0.30505,0.03,0.03
2012.01.17 10:17:53.296,0.30474,0.30505,0.03,0.03
2012.01.17 10:17:53.622,0.30467,0.30505,0.03,0.03
2012.01.17 10:17:54.380,0.30467,0.30505,0.03,0.03
2012.01.17 10:17:54.973,0.30467,0.30505,0.03,0.03
2012.01.17 10:17:57.709,0.30474,0.30505,0.02,0.03
2012.01.17 10:18:11.429,0.30474,0.30505,0.02,0.03
2012.01.17 10:18:11.968,0.30474,0.30512,0.05,0.03
2012.01.17 10:18:12.243,0.30474,0.30512,0.03,0.03
2012.01.17 10:18:13.760,0.30474,0.30514,0.06,0.03
2012.01.17 10:18:14.505,0.30475,0.30513,0.03,0.03
2012.01.17 10:18:17.246,0.30475,0.30511,0.03,0.03
2012.01.17 10:18:17.566,0.30475,0.30513,0.03,0.03
2012.01.17 10:18:18.786,0.30474,0.30507,0.02,0.03
2012.01.17 10:18:18.953,0.30474,0.30511,0.03,0.03
2012.01.17 10:18:19.848,0.30473,0.30511,0.05,0.05
2012.01.17 10:18:20.176,0.30475,0.30513,0.03,0.03
2012.01.17 10:18:20.647,0.30476,0.30514,0.03,0.03
2012.01.17 10:18:22.857,0.30484,0.30516,0.03,0.02
2012.01.17 10:18:23.617,0.30484,0.30515,0.03,0.03
2012.01.17 10:18:24.166,0.30477,0.30515,0.03,0.03
2012.01.17 10:18:28.870,0.30484,0.30516,0.03,0.02
2012.01.17 10:18:29.539,0.30483,0.30516,0.02,0.03
2012.01.17 10:18:30.353,0.30483,0.30519,0.03,0.03
2012.01.17 10:18:31.002,0.30483,0.3052,0.03,0.03
2012.01.17 10:18:31.544,0.30483,0.3052,0.03,0.03
2012.01.17 10:18:32.666,0.30484,0.30516,0.02,0.02
2012.01.17 10:18:33.194,0.30483,0.30519,0.03,0.02
2012.01.17 10:18:33.523,0.30483,0.30519,0.03,0.03
2012.01.17 10:18:34.175,0.30483,0.30519,0.03,0.02
2012.01.17 10:18:34.713,0.30483,0.30519,0.03,0.03
2012.01.17 10:18:35.395,0.30483,0.30519,0.03,0.03
2012.01.17 10:18:38.006,0.30483,0.30517,0.03,0.02
2012.01.17 10:18:38.657,0.30476,0.30514,0.03,0.03
2012.01.17 10:18:41.539,0.30476,0.30517,0.03,0.02
2012.01.17 10:18:42.199,0.30476,0.30514,0.03,0.03
2012.01.17 10:18:52.061,0.30476,0.30514,0.03,0.03
2012.01.17 10:18:52.882,0.30474,0.30513,0.03,0.03
2012.01.17 10:18:53.408,0.30473,0.30511,0.05,0.03
2012.01.17 10:18:59.108,0.30473,0.30509,0.03,0.03
2012.01.17 10:19:01.144,0.30474,0.30508,0.03,0.03
2012.01.17 10:19:01.427,0.30473,0.30505,0.03,0.03
2012.01.17 10:19:04.530,0.30466,0.30504,0.03,0.03
2012.01.17 10:19:04.991,0.30466,0.30506,0.03,0.03
2012.01.17 10:19:07.877,0.30474,0.30507,0.03,0.03
2012.01.17 10:19:09.119,0.30474,0.30505,0.03,0.03
2012.01.17 10:19:11.997,0.30473,0.30506,0.03,0.03
2012.01.17 10:19:12.062,0.30474,0.30506,0.02,0.02
2012.01.17 10:19:12.355,0.30474,0.30509,0.03,0.03
2012.01.17 10:19:13.858,0.30474,0.30506,0.03,0.03
2012.01.17 10:19:16.093,0.30472,0.30504,0.03,0.03
2012.01.17 10:19:16.622,0.30466,0.30504,0.03,0.03
2012.01.17 10:19:18.150,0.30465,0.30503,0.03,0.03
2012.01.17 10:19:18.801,0.30466,0.30506,0.03,0.02
2012.01.17 10:19:19.356,0.30466,0.30506,0.03,0.03
2012.01.17 10:19:19.463,0.30466,0.30502,0.03,0.03
2012.01.17 10:19:19.696,0.30464,0.30504,0.05,0.03
2012.01.17 10:19:23.020,0.30464,0.30502,0.03,0.03
2012.01.17 10:19:23.518,0.30466,0.30504,0.03,0.03
2012.01.17 10:19:23.789,0.30466,0.30506,0.03,0.03
2012.01.17 10:19:24.614,0.30473,0.30506,0.03,0.03
2012.01.17 10:19:25.297,0.30474,0.30507,0.03,0.03
2012.01.17 10:19:26.892,0.30473,0.30506,0.03,0.03
2012.01.17 10:19:28.408,0.30474,0.30506,0.03,0.03
2012.01.17 10:19:29.426,0.30474,0.30506,0.03,0.03
2012.01.17 10:19:30.359,0.30468,0.30504,0.03,0.03
2012.01.17 10:19:32.666,0.30466,0.30506,0.03,0.03
2012.01.17 10:19:35.049,0.30466,0.30504,0.03,0.03
2012.01.17 10:19:36.028,0.30464,0.30504,0.03,0.03
2012.01.17 10:19:36.726,0.30464,0.30504,0.05,0.03
2012.01.17 10:19:40.767,0.30464,0.30503,0.03,0.03
2012.01.17 10:19:45.815,0.30464,0.30505,0.04,0.03
2012.01.17 10:19:46.146,0.30471,0.30509,0.03,0.02
2012.01.17 10:19:46.353,0.30471,0.30511,0.05,0.03
2012.01.17 10:19:46.714,0.30474,0.30514,0.05,0.03
2012.01.17 10:19:46.835,0.30474,0.30512,0.05,0.03
2012.01.17 10:19:47.998,0.30474,0.30514,0.07,0.03
2012.01.17 10:19:48.812,0.30474,0.30514,0.07,0.03
2012.01.17 10:19:54.549,0.30476,0.30514,0.03,0.03
2012.01.17 10:19:55.419,0.30476,0.30514,0.03,0.03
2012.01.17 10:19:56.146,0.30474,0.3051,0.03,0.03
2012.01.17 10:19:56.665,0.30474,0.30512,0.03,0.03
2012.01.17 10:19:56.856,0.30484,0.30514,0.02,0.03
2012.01.17 10:19:56.963,0.30484,0.30517,0.03,0.03
2012.01.17 10:19:57.337,0.30484,0.30514,0.03,0.03
2012.01.17 10:19:57.517,0.30483,0.3052,0.03,0.03
2012.01.17 10:19:58.088,0.30483,0.30517,0.02,0.03
2012.01.17 10:19:58.436,0.30484,0.30526,0.03,0.02
2012.01.17 10:19:58.817,0.30484,0.30514,0.02,0.03
2012.01.17 10:19:59.700,0.30484,0.30526,0.03,0.02
2012.01.17 10:20:02.050,0.30482,0.30512,0.02,0.03
2012.01.17 10:20:02.175,0.30482,0.30523,0.03,0.05
2012.01.17 10:20:02.305,0.30476,0.30507,0.03,0.04
2012.01.17 10:20:02.394,0.3045,0.30495,0.03,0.02
2012.01.17 10:20:02.515,0.30448,0.30479,0.03,0.03
2012.01.17 10:20:02.635,0.30443,0.3048,0.05,0.02
2012.01.17 10:20:03.185,0.30443,0.30477,0.03,0.05
2012.01.17 10:20:03.783,0.30434,0.30472,0.03,0.03
2012.01.17 10:20:04.266,0.30434,0.3047,0.05,0.03
2012.01.17 10:20:05.596,0.30439,0.30475,0.03,0.03
2012.01.17 10:20:05.786,0.30445,0.30486,0.02,0.03
2012.01.17 10:20:06.026,0.3045,0.30486,0.03,0.02
2012.01.17 10:20:06.487,0.30453,0.30494,0.03,0.02
2012.01.17 10:20:07.411,0.30463,0.30494,0.02,0.03
2012.01.17 10:20:07.597,0.30463,0.30497,0.03,0.03
2012.01.17 10:20:07.837,0.30464,0.30498,0.05,0.03
2012.01.17 10:20:08.366,0.30468,0.30502,0.03,0.03
2012.01.17 10:20:08.546,0.30468,0.30502,0.03,0.03
2012.01.17 10:20:09.054,0.30468,0.30504,0.03,0.03
2012.01.17 10:20:10.305,0.30474,0.30504,0.02,0.03
2012.01.17 10:20:10.366,0.30474,0.30504,0.02,0.03
2012.01.17 10:20:11.199,0.30473,0.30509,0.03,0.03
2012.01.17 10:20:11.612,0.30474,0.30506,0.03,0.02
2012.01.17 10:20:15.495,0.30474,0.30509,0.03,0.03
2012.01.17 10:20:15.973,0.30474,0.30511,0.03,0.03
2012.01.17 10:20:16.037,0.30473,0.30507,0.03,0.03
2012.01.17 10:20:16.712,0.30474,0.30506,0.03,0.02
2012.01.17 10:20:16.970,0.30474,0.30509,0.03,0.02
2012.01.17 10:20:17.036,0.30474,0.30505,0.02,0.03
2012.01.17 10:20:17.597,0.30474,0.30506,0.02,0.05
2012.01.17 10:20:17.857,0.30474,0.30508,0.03,0.03
2012.01.17 10:20:18.402,0.30474,0.30509,0.03,0.02
2012.01.17 10:20:20.040,0.30474,0.3051,0.03,0.05
2012.01.17 10:20:20.529,0.30474,0.30506,0.02,0.02
2012.01.17 10:20:21.256,0.30474,0.30508,0.03,0.03
2012.01.17 10:20:22.708,0.30453,0.30483,0.02,0.03
2012.01.17 10:20:22.827,0.30453,0.30487,0.02,0.02
2012.01.17 10:20:23.016,0.30453,0.30487,0.03,0.03
2012.01.17 10:20:23.077,0.30453,0.30488,0.03,0.03
2012.01.17 10:20:23.238,0.30453,0.30492,0.03,0.03
2012.01.17 10:20:23.476,0.30453,0.3049,0.03,0.03
2012.01.17 10:20:23.537,0.30453,0.30486,0.02,0.03
2012.01.17 10:20:25.266,0.30453,0.30489,0.03,0.03
2012.01.17 10:20:25.882,0.30453,0.30487,0.03,0.02
2012.01.17 10:20:28.373,0.30453,0.30487,0.03,0.03
2012.01.17 10:20:29.207,0.30445,0.30483,0.03,0.03
2012.01.17 10:20:29.476,0.30445,0.30481,0.03,0.03
2012.01.17 10:20:31.090,0.30443,0.3048,0.03,0.03
2012.01.17 10:20:34.246,0.30444,0.3048,0.03,0.03
2012.01.17 10:20:36.740,0.30444,0.30482,0.03,0.03
2012.01.17 10:20:37.818,0.30443,0.30482,0.03,0.03
2012.01.17 10:20:38.426,0.30444,0.30482,0.03,0.03
2012.01.17 10:20:41.067,0.30443,0.30484,0.05,0.03
2012.01.17 10:20:46.279,0.30447,0.30483,0.03,0.03
2012.01.17 10:20:46.969,0.30447,0.30486,0.03,0.02
2012.01.17 10:20:52.626,0.30447,0.30485,0.03,0.03
2012.01.17 10:21:00.591,0.30447,0.30483,0.03,0.03
2012.01.17 10:21:01.076,0.30444,0.30486,0.06,0.02
2012.01.17 10:21:03.881,0.30454,0.30488,0.03,0.03
2012.01.17 10:21:04.529,0.30454,0.30485,0.03,0.03
2012.01.17 10:21:05.736,0.30454,0.30488,0.03,0.03
2012.01.17 10:21:06.275,0.30454,0.30485,0.03,0.03
2012.01.17 10:21:07.250,0.30454,0.30486,0.03,0.02
2012.01.17 10:21:07.594,0.30454,0.30485,0.03,0.03
2012.01.17 10:21:09.211,0.30454,0.30486,0.03,0.02
2012.01.17 10:21:09.599,0.30454,0.30486,0.02,0.02
2012.01.17 10:21:10.246,0.30454,0.30489,0.03,0.02
2012.01.17 10:21:13.447,0.30454,0.30486,0.02,0.02
2012.01.17 10:21:15.030,0.30454,0.30488,0.03,0.03
2012.01.17 10:21:15.280,0.30453,0.30485,0.03,0.03
2012.01.17 10:21:17.686,0.30445,0.30485,0.03,0.03
2012.01.17 10:21:18.393,0.30454,0.30485,0.03,0.03
2012.01.17 10:21:23.170,0.30451,0.30483,0.03,0.03
2012.01.17 10:21:23.356,0.30443,0.30479,0.05,0.03
2012.01.17 10:21:30.740,0.30443,0.30481,0.03,0.03
2012.01.17 10:21:31.856,0.30444,0.30482,0.05,0.03
2012.01.17 10:21:32.415,0.30444,0.30482,0.03,0.03
2012.01.17 10:21:32.689,0.30446,0.30486,0.03,0.03
2012.01.17 10:21:32.913,0.30453,0.30486,0.03,0.03
2012.01.17 10:21:33.509,0.30454,0.30486,0.03,0.05
2012.01.17 10:21:34.039,0.30453,0.30487,0.03,0.02
2012.01.17 10:21:34.977,0.30454,0.30488,0.03,0.05
2012.01.17 10:21:35.306,0.30454,0.3049,0.03,0.05
2012.01.17 10:21:41.806,0.30453,0.3049,0.03,0.02
2012.01.17 10:21:42.013,0.30453,0.30489,0.03,0.03
2012.01.17 10:21:42.234,0.30454,0.3049,0.03,0.05
2012.01.17 10:21:44.095,0.30453,0.30489,0.03,0.03
2012.01.17 10:21:45.637,0.30453,0.30487,0.03,0.02
2012.01.17 10:21:45.824,0.30454,0.3049,0.03,0.03
2012.01.17 10:21:47.065,0.30453,0.3049,0.03,0.02
2012.01.17 10:21:47.258,0.30453,0.30486,0.03,0.03
2012.01.17 10:21:47.475,0.30453,0.30486,0.03,0.03
2012.01.17 10:21:47.979,0.30453,0.30487,0.03,0.02
2012.01.17 10:21:50.290,0.30453,0.30487,0.03,0.03
2012.01.17 10:21:53.289,0.30451,0.30483,0.03,0.03
2012.01.17 10:21:53.526,0.30443,0.30487,0.05,0.04
2012.01.17 10:21:54.093,0.30445,0.30479,0.04,0.03
2012.01.17 10:21:55.328,0.30446,0.30487,0.03,0.02
2012.01.17 10:21:57.920,0.30454,0.30488,0.03,0.03
2012.01.17 10:21:58.421,0.30451,0.30481,0.02,0.03
2012.01.17 10:21:59.367,0.30447,0.30485,0.03,0.03
2012.01.17 10:22:00.085,0.30454,0.30486,0.03,0.02
2012.01.17 10:22:01.389,0.30444,0.30484,0.05,0.03
2012.01.17 10:22:01.943,0.30445,0.30487,0.02,0.02
2012.01.17 10:22:09.601,0.30448,0.30478,0.02,0.03
2012.01.17 10:22:10.012,0.30444,0.30482,0.03,0.03
2012.01.17 10:22:13.048,0.30446,0.30484,0.03,0.03
2012.01.17 10:22:13.685,0.30448,0.30486,0.03,0.02
2012.01.17 10:22:15.358,0.30453,0.30486,0.03,0.03
2012.01.17 10:22:16.478,0.30453,0.30486,0.03,0.03
2012.01.17 10:22:20.821,0.30454,0.30486,0.03,0.02
2012.01.17 10:22:21.585,0.30454,0.30487,0.03,0.03
2012.01.17 10:22:21.648,0.30454,0.30486,0.02,0.02
2012.01.17 10:22:25.767,0.30454,0.3049,0.03,0.03
2012.01.17 10:22:26.299,0.30453,0.30487,0.02,0.02
2012.01.17 10:22:29.756,0.30453,0.30491,0.05,0.03
2012.01.17 10:22:30.362,0.30454,0.30496,0.03,0.04
2012.01.17 10:22:37.838,0.30454,0.30487,0.03,0.03
2012.01.17 10:22:38.325,0.30454,0.3049,0.03,0.03
2012.01.17 10:22:44.291,0.30454,0.30486,0.02,0.03
2012.01.17 10:22:44.820,0.30452,0.30483,0.03,0.03
2012.01.17 10:22:45.152,0.30454,0.30495,0.03,0.02
2012.01.17 10:22:45.470,0.30452,0.30482,0.02,0.03
2012.01.17 10:22:45.539,0.30454,0.30489,0.03,0.03
2012.01.17 10:22:45.959,0.30454,0.3049,0.03,0.03
2012.01.17 10:22:46.417,0.3045,0.30483,0.03,0.03
2012.01.17 10:22:46.537,0.30443,0.30477,0.02,0.02
2012.01.17 10:22:46.658,0.30443,0.30479,0.03,0.03
2012.01.17 10:22:46.857,0.30443,0.30477,0.03,0.02
2012.01.17 10:22:47.507,0.30444,0.30482,0.03,0.03
2012.01.17 10:22:48.100,0.30444,0.30482,0.03,0.03
2012.01.17 10:22:50.949,0.30443,0.30478,0.03,0.03
2012.01.17 10:22:51.187,0.30445,0.30479,0.03,0.03
2012.01.17 10:22:52.926,0.30445,0.30485,0.05,0.03
2012.01.17 10:22:54.519,0.30441,0.30477,0.03,0.02
2012.01.17 10:22:54.575,0.30441,0.30471,0.02,0.03
2012.01.17 10:22:55.273,0.30435,0.30475,0.03,0.03
2012.01.17 10:22:56.972,0.30435,0.30473,0.03,0.03
2012.01.17 10:23:04.370,0.30435,0.30473,0.03,0.03
2012.01.17 10:23:04.576,0.3044,0.3048,0.03,0.02
2012.01.17 10:23:04.688,0.3044,0.30479,0.03,0.03
2012.01.17 10:23:05.228,0.30441,0.30482,0.03,0.03
2012.01.17 10:23:08.787,0.30443,0.30483,0.05,0.03
2012.01.17 10:23:09.845,0.30443,0.30481,0.05,0.03
2012.01.17 10:23:10.599,0.30444,0.30483,0.03,0.03
2012.01.17 10:23:10.824,0.30444,0.30481,0.03,0.03
2012.01.17 10:23:14.367,0.30444,0.30481,0.03,0.03
2012.01.17 10:23:15.002,0.30444,0.30481,0.03,0.03
2012.01.17 10:23:15.548,0.30444,0.3048,0.03,0.05
2012.01.17 10:23:16.442,0.3044,0.30471,0.03,0.03
2012.01.17 10:23:16.511,0.30444,0.30476,0.02,0.02
2012.01.17 10:23:16.578,0.30434,0.30464,0.02,0.03
2012.01.17 10:23:16.961,0.30435,0.30475,0.03,0.03
2012.01.17 10:23:17.029,0.30434,0.30474,0.03,0.03
2012.01.17 10:23:17.157,0.30435,0.30471,0.03,0.03
2012.01.17 10:23:17.467,0.30443,0.30476,0.03,0.03
2012.01.17 10:23:26.155,0.30445,0.30485,0.03,0.03
2012.01.17 10:23:26.287,0.30445,0.30476,0.02,0.05
2012.01.17 10:23:32.799,0.30444,0.30482,0.03,0.03
2012.01.17 10:23:34.768,0.30443,0.3048,0.03,0.03
2012.01.17 10:23:35.087,0.30443,0.30482,0.03,0.03
2012.01.17 10:23:35.149,0.30442,0.30473,0.03,0.03
2012.01.17 10:23:35.305,0.30444,0.30478,0.03,0.03
2012.01.17 10:23:35.763,0.30444,0.30482,0.03,0.03
2012.01.17 10:23:37.677,0.30438,0.30468,0.02,0.03
2012.01.17 10:23:37.978,0.30434,0.30466,0.03,0.05
2012.01.17 10:23:38.176,0.30434,0.30468,0.03,0.05
2012.01.17 10:23:38.783,0.30433,0.3047,0.03,0.03
2012.01.17 10:23:41.274,0.30435,0.30473,0.03,0.03
2012.01.17 10:23:48.537,0.30435,0.30477,0.03,0.02
2012.01.17 10:23:48.720,0.30443,0.30476,0.03,0.03
2012.01.17 10:23:49.125,0.30443,0.30475,0.02,0.03
2012.01.17 10:23:52.587,0.30444,0.30481,0.03,0.03
2012.01.17 10:23:55.285,0.30443,0.30481,0.05,0.03
2012.01.17 10:23:55.678,0.30444,0.30483,0.03,0.03
2012.01.17 10:23:57.430,0.30444,0.30483,0.03,0.03
2012.01.17 10:24:04.341,0.30446,0.30484,0.03,0.03
2012.01.17 10:24:06.229,0.30444,0.30482,0.03,0.03
2012.01.17 10:24:07.262,0.30444,0.30482,0.03,0.02
2012.01.17 10:24:07.508,0.30453,0.30487,0.03,0.02
2012.01.17 10:24:07.850,0.30452,0.30482,0.02,0.03
2012.01.17 10:24:08.586,0.30454,0.30487,0.03,0.03
2012.01.17 10:24:16.949,0.30453,0.30489,0.03,0.03
2012.01.17 10:24:22.047,0.30454,0.30492,0.03,0.03
2012.01.17 10:24:26.857,0.30463,0.30493,0.02,0.03
2012.01.17 10:24:26.916,0.30467,0.30501,0.03,0.03
2012.01.17 10:24:27.104,0.30467,0.30506,0.03,0.02
2012.01.17 10:24:27.166,0.30468,0.30508,0.03,0.02
2012.01.17 10:24:27.558,0.30474,0.30509,0.03,0.02
2012.01.17 10:24:32.547,0.30474,0.30506,0.02,0.05
2012.01.17 10:24:32.908,0.30473,0.30507,0.03,0.02
2012.01.17 10:24:33.376,0.30474,0.3051,0.03,0.05
2012.01.17 10:24:33.886,0.30473,0.30509,0.03,0.03
2012.01.17 10:24:34.490,0.30474,0.30506,0.02,0.02
2012.01.17 10:24:34.913,0.30474,0.30511,0.03,0.03
2012.01.17 10:24:35.976,0.30476,0.30512,0.03,0.03
2012.01.17 10:24:36.196,0.30476,0.30514,0.03,0.03
2012.01.17 10:24:40.601,0.30473,0.30507,0.04,0.03
2012.01.17 10:24:40.667,0.30473,0.30511,0.03,0.03
2012.01.17 10:24:41.357,0.30473,0.30511,0.03,0.03
2012.01.17 10:24:41.970,0.30475,0.30509,0.03,0.03
2012.01.17 10:24:42.038,0.30475,0.30513,0.03,0.03
2012.01.17 10:24:42.357,0.30483,0.30514,0.02,0.03
2012.01.17 10:24:42.893,0.30484,0.30515,0.03,0.03
2012.01.17 10:24:43.938,0.30477,0.30513,0.03,0.03
2012.01.17 10:24:45.345,0.3046,0.3049,0.02,0.03
2012.01.17 10:24:45.606,0.30464,0.30496,0.03,0.02
2012.01.17 10:24:58.290,0.30463,0.30496,0.03,0.03
2012.01.17 10:24:58.537,0.30469,0.30505,0.03,0.03
2012.01.17 10:24:58.991,0.30474,0.30508,0.03,0.05
2012.01.17 10:25:00.718,0.30466,0.30501,0.02,0.03
2012.01.17 10:25:01.313,0.30465,0.30503,0.03,0.03
2012.01.17 10:25:03.798,0.30465,0.30505,0.03,0.03
2012.01.17 10:25:04.127,0.30468,0.30507,0.03,0.03
2012.01.17 10:25:04.452,0.30473,0.3051,0.03,0.03
2012.01.17 10:25:04.717,0.30473,0.30512,0.03,0.03
2012.01.17 10:25:05.227,0.30474,0.3051,0.05,0.03
2012.01.17 10:25:05.726,0.30474,0.30514,0.05,0.03
2012.01.17 10:25:05.868,0.30474,0.30512,0.05,0.03
2012.01.17 10:25:06.395,0.30474,0.30511,0.03,0.03
2012.01.17 10:25:06.723,0.30474,0.30511,0.03,0.03
2012.01.17 10:25:08.252,0.30474,0.30509,0.03,0.03
2012.01.17 10:25:08.735,0.30474,0.30508,0.03,0.03
2012.01.17 10:25:11.336,0.30474,0.30509,0.03,0.03
2012.01.17 10:25:37.076,0.30474,0.30511,0.03,0.03
2012.01.17 10:25:37.319,0.30474,0.30513,0.03,0.03
2012.01.17 10:25:47.303,0.30476,0.30516,0.03,0.03
2012.01.17 10:25:47.567,0.30479,0.30515,0.03,0.03
2012.01.17 10:25:56.123,0.3048,0.3052,0.03,0.03
2012.01.17 10:25:56.191,0.30485,0.30519,0.03,0.03
2012.01.17 10:25:56.635,0.30485,0.30523,0.03,0.03
2012.01.17 10:26:00.318,0.30485,0.30521,0.03,0.03
2012.01.17 10:26:00.921,0.30484,0.30517,0.02,0.03
2012.01.17 10:26:01.587,0.30486,0.30526,0.02,0.03
2012.01.17 10:26:05.849,0.30487,0.30527,0.05,0.02
2012.01.17 10:26:06.597,0.30493,0.30527,0.03,0.03
2012.01.17 10:26:09.942,0.30487,0.30527,0.05,0.02
2012.01.17 10:26:10.156,0.30488,0.30527,0.03,0.03
2012.01.17 10:26:11.479,0.30493,0.30524,0.03,0.03
2012.01.17 10:26:12.358,0.30485,0.30525,0.05,0.03
2012.01.17 10:26:13.067,0.30485,0.30525,0.03,0.03
2012.01.17 10:26:13.293,0.30485,0.30525,0.03,0.03
2012.01.17 10:26:14.579,0.30484,0.30522,0.05,0.03
2012.01.17 10:26:15.302,0.30484,0.30522,0.03,0.03
2012.01.17 10:26:18.816,0.30482,0.30513,0.03,0.03
2012.01.17 10:26:19.004,0.30484,0.30519,0.03,0.02
2012.01.17 10:26:24.037,0.30474,0.30516,0.05,0.02
2012.01.17 10:26:24.247,0.30474,0.30514,0.05,0.03
2012.01.17 10:26:25.137,0.30476,0.30514,0.03,0.03
2012.01.17 10:26:25.366,0.30474,0.30514,0.05,0.03
2012.01.17 10:26:26.699,0.30474,0.30506,0.02,0.03
2012.01.17 10:26:26.878,0.30467,0.30505,0.03,0.03
2012.01.17 10:26:34.407,0.30473,0.30507,0.03,0.03
2012.01.17 10:26:35.767,0.30473,0.30505,0.03,0.03
2012.01.17 10:26:36.456,0.30464,0.30504,0.07,0.03
2012.01.17 10:26:36.907,0.30464,0.30502,0.05,0.03
2012.01.17 10:26:38.232,0.30469,0.30505,0.03,0.03
2012.01.17 10:26:40.121,0.30469,0.30505,0.03,0.03
2012.01.17 10:26:40.831,0.30464,0.305,0.05,0.03
2012.01.17 10:26:42.412,0.30468,0.30506,0.03,0.03
2012.01.17 10:26:42.585,0.30466,0.30502,0.03,0.03
2012.01.17 10:26:54.448,0.30466,0.30504,0.03,0.03
2012.01.17 10:26:56.364,0.30466,0.30502,0.03,0.03
2012.01.17 10:26:56.983,0.30466,0.30502,0.03,0.03
2012.01.17 10:26:58.218,0.30467,0.30506,0.03,0.02
2012.01.17 10:26:58.410,0.30474,0.30504,0.03,0.03
2012.01.17 10:26:58.620,0.30473,0.30506,0.03,0.03
2012.01.17 10:26:59.192,0.30474,0.30509,0.03,0.03
2012.01.17 10:27:03.087,0.30473,0.30506,0.03,0.03
2012.01.17 10:27:03.296,0.30473,0.30506,0.03,0.03
2012.01.17 10:27:03.877,0.30466,0.30502,0.03,0.03
2012.01.17 10:27:04.423,0.30467,0.30505,0.03,0.03
2012.01.17 10:27:04.546,0.30467,0.30505,0.03,0.03
2012.01.17 10:27:05.139,0.30465,0.30503,0.03,0.03
2012.01.17 10:27:05.399,0.30465,0.30501,0.03,0.03
2012.01.17 10:27:05.757,0.30471,0.30502,0.03,0.03
2012.01.17 10:27:06.277,0.30468,0.30506,0.03,0.03
2012.01.17 10:27:06.699,0.30468,0.30504,0.03,0.03
2012.01.17 10:27:07.627,0.30465,0.30503,0.03,0.03
2012.01.17 10:27:08.374,0.30465,0.30503,0.03,0.03
2012.01.17 10:27:09.586,0.30465,0.30503,0.03,0.03
2012.01.17 10:27:10.087,0.30465,0.30503,0.03,0.03
2012.01.17 10:27:10.735,0.30465,0.30501,0.03,0.03
2012.01.17 10:27:15.672,0.30462,0.30492,0.02,0.03
2012.01.17 10:27:15.737,0.30456,0.30492,0.03,0.03
2012.01.17 10:27:15.796,0.3045,0.30481,0.03,0.03
2012.01.17 10:27:15.917,0.30445,0.30483,0.03,0.03
2012.01.17 10:27:16.353,0.30445,0.30481,0.03,0.03
2012.01.17 10:27:16.897,0.30445,0.30485,0.05,0.03
2012.01.17 10:27:17.118,0.30444,0.30481,0.03,0.03
2012.01.17 10:27:17.177,0.30443,0.30474,0.02,0.03
2012.01.17 10:27:17.334,0.30443,0.30478,0.03,0.03
2012.01.17 10:27:19.285,0.30443,0.30475,0.03,0.03
2012.01.17 10:27:19.845,0.30443,0.30475,0.03,0.03
2012.01.17 10:27:21.038,0.30442,0.30479,0.03,0.03
2012.01.17 10:27:21.254,0.30443,0.30477,0.03,0.02
2012.01.17 10:27:23.058,0.30444,0.30476,0.03,0.03
2012.01.17 10:27:23.625,0.30444,0.30474,0.03,0.03
2012.01.17 10:27:23.963,0.30443,0.3048,0.03,0.03
2012.01.17 10:27:25.147,0.30444,0.30479,0.03,0.03
2012.01.17 10:27:25.307,0.30443,0.30484,0.03,0.02
2012.01.17 10:27:25.868,0.30444,0.30476,0.02,0.02
2012.01.17 10:27:26.394,0.30444,0.30474,0.02,0.03
2012.01.17 10:27:26.917,0.30444,0.30477,0.03,0.03
2012.01.17 10:27:27.146,0.30443,0.30475,0.03,0.03
2012.01.17 10:27:27.617,0.30443,0.30477,0.03,0.02
2012.01.17 10:27:29.158,0.30444,0.30476,0.02,0.02
2012.01.17 10:27:29.665,0.30444,0.30478,0.03,0.03
2012.01.17 10:27:36.666,0.30444,0.30479,0.03,0.02
2012.01.17 10:27:37.217,0.30443,0.3048,0.03,0.03
2012.01.17 10:27:39.714,0.30443,0.30481,0.03,0.03
2012.01.17 10:27:40.542,0.30443,0.30481,0.03,0.03
2012.01.17 10:27:40.806,0.30444,0.30481,0.03,0.03
2012.01.17 10:27:41.476,0.30452,0.30486,0.03,0.05
2012.01.17 10:27:41.666,0.3045,0.30487,0.03,0.03
2012.01.17 10:27:42.167,0.30454,0.3049,0.03,0.03
2012.01.17 10:27:42.763,0.30454,0.3049,0.03,0.03
2012.01.17 10:27:47.548,0.30454,0.30489,0.03,0.03
2012.01.17 10:27:48.076,0.30452,0.30483,0.03,0.03
2012.01.17 10:27:48.184,0.30445,0.30476,0.03,0.03
2012.01.17 10:27:48.246,0.30452,0.30484,0.03,0.03
2012.01.17 10:27:48.403,0.30443,0.3048,0.03,0.03
2012.01.17 10:27:50.119,0.30443,0.30482,0.03,0.03
2012.01.17 10:27:53.116,0.30446,0.30484,0.03,0.03
2012.01.17 10:27:53.456,0.30454,0.30488,0.03,0.03
2012.01.17 10:27:54.737,0.30454,0.30489,0.03,0.02
2012.01.17 10:27:55.883,0.3045,0.30481,0.03,0.03
2012.01.17 10:27:56.106,0.30434,0.30472,0.03,0.03
2012.01.17 10:27:56.166,0.30434,0.3047,0.05,0.03
2012.01.17 10:27:56.226,0.30434,0.30472,0.05,0.03
2012.01.17 10:28:09.508,0.30444,0.30478,0.03,0.03
2012.01.17 10:28:09.684,0.30446,0.30484,0.03,0.03
2012.01.17 10:28:10.109,0.30454,0.30485,0.03,0.03
2012.01.17 10:28:10.571,0.30454,0.30485,0.02,0.03
2012.01.17 10:28:11.957,0.30453,0.30488,0.03,0.03
2012.01.17 10:28:12.668,0.30454,0.30486,0.02,0.02
2012.01.17 10:28:14.983,0.30454,0.30487,0.03,0.03
2012.01.17 10:28:15.299,0.30453,0.30486,0.03,0.03
2012.01.17 10:28:15.644,0.30446,0.3048,0.03,0.03
2012.01.17 10:28:15.769,0.30446,0.30484,0.03,0.03
2012.01.17 10:28:16.659,0.30453,0.30486,0.03,0.03
2012.01.17 10:28:17.328,0.30453,0.30486,0.03,0.03
2012.01.17 10:28:19.897,0.30453,0.30486,0.03,0.03
2012.01.17 10:28:20.426,0.30453,0.30486,0.03,0.03
2012.01.17 10:28:21.025,0.30454,0.30487,0.03,0.03
2012.01.17 10:28:22.460,0.30453,0.30489,0.03,0.03
2012.01.17 10:28:32.227,0.30453,0.30489,0.03,0.03
2012.01.17 10:28:33.937,0.30454,0.30488,0.03,0.05
2012.01.17 10:28:37.731,0.30454,0.3049,0.03,0.05
2012.01.17 10:28:38.424,0.30454,0.3049,0.03,0.05
2012.01.17 10:28:39.797,0.30453,0.30486,0.03,0.03
2012.01.17 10:28:40.603,0.30453,0.30486,0.03,0.03
2012.01.17 10:28:41.246,0.30454,0.30487,0.03,0.03
2012.01.17 10:28:42.263,0.30453,0.30489,0.03,0.03
2012.01.17 10:28:42.486,0.30453,0.30486,0.03,0.03
2012.01.17 10:28:44.127,0.30454,0.30486,0.03,0.02
2012.01.17 10:28:44.897,0.30444,0.30483,0.05,0.03
2012.01.17 10:28:45.098,0.30443,0.30487,0.05,0.04
2012.01.17 10:28:45.285,0.30445,0.30485,0.03,0.03
2012.01.17 10:28:45.418,0.30448,0.30484,0.03,0.03
2012.01.17 10:28:45.507,0.30448,0.30484,0.03,0.03
2012.01.17 10:28:45.845,0.30453,0.30487,0.02,0.02
2012.01.17 10:29:05.936,0.30453,0.30489,0.03,0.03
2012.01.17 10:29:08.546,0.30454,0.30491,0.05,0.03
2012.01.17 10:29:11.379,0.30453,0.30489,0.03,0.05
2012.01.17 10:29:17.556,0.30454,0.30491,0.03,0.03
2012.01.17 10:29:20.257,0.30455,0.30491,0.03,0.03
2012.01.17 10:29:20.437,0.30455,0.30493,0.03,0.03
2012.01.17 10:29:23.108,0.30456,0.30492,0.03,0.03
2012.01.17 10:29:25.657,0.30457,0.30497,0.03,0.02
2012.01.17 10:29:25.908,0.30458,0.30497,0.03,0.03
2012.01.17 10:29:38.677,0.30454,0.3049,0.03,0.03
2012.01.17 10:29:39.516,0.30453,0.30491,0.05,0.03
2012.01.17 10:29:39.854,0.30454,0.30489,0.03,0.03
2012.01.17 10:29:41.789,0.30453,0.3049,0.03,0.03
2012.01.17 10:29:43.844,0.30453,0.30487,0.03,0.02
2012.01.17 10:29:44.306,0.30453,0.30486,0.03,0.03
2012.01.17 10:29:45.486,0.30449,0.30481,0.03,0.03
2012.01.17 10:29:45.546,0.30447,0.30481,0.03,0.03
2012.01.17 10:29:45.666,0.30443,0.30476,0.02,0.03
2012.01.17 10:29:46.234,0.30443,0.30482,0.03,0.03
2012.01.17 10:29:46.750,0.30443,0.30473,0.02,0.03
2012.01.17 10:29:46.930,0.30443,0.30477,0.02,0.02
2012.01.17 10:29:49.426,0.30443,0.3048,0.03,0.02
2012.01.17 10:29:49.649,0.30444,0.30476,0.02,0.02
2012.01.17 10:29:50.194,0.30444,0.30479,0.03,0.03
2012.01.17 10:29:50.836,0.30443,0.30476,0.03,0.03
2012.01.17 10:29:51.267,0.30443,0.30479,0.03,0.03
2012.01.17 10:29:51.322,0.30444,0.30476,0.03,0.02
2012.01.17 10:29:51.925,0.30443,0.30477,0.03,0.02
2012.01.17 10:29:52.717,0.30444,0.30476,0.03,0.02
2012.01.17 10:29:53.239,0.30443,0.30482,0.03,0.03
2012.01.17 10:29:53.357,0.30443,0.30482,0.03,0.03
2012.01.17 10:29:55.411,0.30453,0.30487,0.02,0.02
2012.01.17 10:29:55.557,0.30453,0.30486,0.03,0.03
2012.01.17 10:29:57.007,0.30454,0.30489,0.03,0.03
2012.01.17 10:29:58.107,0.30453,0.30486,0.03,0.03
2012.01.17 10:30:05.544,0.30453,0.30485,0.03,0.03
2012.01.17 10:30:05.920,0.30445,0.30485,0.03,0.03
2012.01.17 10:30:06.736,0.30445,0.30487,0.03,0.02
2012.01.17 10:30:06.943,0.30454,0.30486,0.03,0.02
2012.01.17 10:30:08.266,0.30454,0.30488,0.03,0.03
2012.01.17 10:30:10.989,0.30441,0.30478,0.03,0.02
2012.01.17 10:30:11.047,0.30434,0.3047,0.05,0.03
2012.01.17 10:30:11.228,0.30434,0.30471,0.03,0.03
2012.01.17 10:30:15.298,0.30433,0.30469,0.05,0.03
2012.01.17 10:30:16.267,0.30433,0.30471,0.05,0.05
2012.01.17 10:30:19.445,0.3044,0.30474,0.03,0.03
2012.01.17 10:30:19.939,0.30443,0.30477,0.03,0.02
2012.01.17 10:30:20.466,0.30443,0.30479,0.03,0.05
2012.01.17 10:30:22.338,0.30443,0.30475,0.02,0.03
2012.01.17 10:30:23.108,0.30444,0.30476,0.02,0.02
2012.01.17 10:30:23.447,0.30444,0.30478,0.03,0.03
2012.01.17 10:30:23.528,0.30434,0.30464,0.02,0.03
2012.01.17 10:30:23.646,0.30433,0.30473,0.04,0.03
2012.01.17 10:30:23.707,0.30434,0.30467,0.02,0.03
2012.01.17 10:30:25.359,0.30433,0.30468,0.03,0.03
2012.01.17 10:30:27.346,0.30433,0.30466,0.02,0.03
2012.01.17 10:30:28.953,0.30433,0.30473,0.04,0.02
2012.01.17 10:30:29.009,0.30437,0.30471,0.03,0.03
2012.01.17 10:30:29.257,0.30438,0.30478,0.02,0.03
2012.01.17 10:30:29.930,0.30431,0.30461,0.02,0.03
2012.01.17 10:30:30.047,0.3044,0.30476,0.03,0.03
2012.01.17 10:30:30.614,0.30444,0.30476,0.02,0.02
2012.01.17 10:30:31.186,0.30443,0.30476,0.03,0.03
2012.01.17 10:30:31.578,0.30443,0.30479,0.03,0.03
2012.01.17 10:30:32.348,0.30444,0.3048,0.03,0.05
2012.01.17 10:30:33.351,0.30443,0.30479,0.03,0.03
2012.01.17 10:30:35.228,0.30443,0.30479,0.03,0.03
2012.01.17 10:30:35.709,0.30436,0.30474,0.03,0.03
2012.01.17 10:30:36.236,0.30436,0.30474,0.03,0.03
2012.01.17 10:30:36.644,0.30437,0.30473,0.03,0.03
2012.01.17 10:30:37.318,0.30434,0.30474,0.03,0.03
2012.01.17 10:30:39.238,0.30437,0.30473,0.03,0.03
2012.01.17 10:30:39.685,0.30438,0.30478,0.02,0.03
2012.01.17 10:30:42.627,0.30443,0.30479,0.03,0.05
2012.01.17 10:30:43.145,0.30443,0.30481,0.03,0.05
2012.01.17 10:30:43.343,0.30444,0.30482,0.03,0.03
2012.01.17 10:30:47.538,0.30443,0.30475,0.02,0.03
2012.01.17 10:30:47.663,0.30443,0.30479,0.03,0.03
2012.01.17 10:30:48.028,0.30444,0.30476,0.03,0.03
2012.01.17 10:30:55.319,0.30444,0.30476,0.03,0.03
2012.01.17 10:30:55.669,0.30433,0.30471,0.03,0.03
2012.01.17 10:30:56.037,0.30433,0.30472,0.03,0.02
2012.01.17 10:30:56.290,0.30428,0.30466,0.03,0.02
2012.01.17 10:30:57.155,0.30428,0.30466,0.03,0.02
2012.01.17 10:30:57.696,0.30434,0.30468,0.03,0.03
2012.01.17 10:30:59.457,0.30433,0.30467,0.03,0.03
2012.01.17 10:30:59.643,0.30433,0.30465,0.03,0.03
2012.01.17 10:31:01.296,0.30433,0.30465,0.03,0.03
2012.01.17 10:31:02.067,0.30434,0.30466,0.03,0.02
2012.01.17 10:31:03.917,0.30434,0.30468,0.03,0.05
2012.01.17 10:31:04.146,0.30433,0.30466,0.03,0.03
2012.01.17 10:31:05.230,0.30433,0.30466,0.03,0.03
2012.01.17 10:31:05.897,0.30434,0.30466,0.03,0.02
2012.01.17 10:31:06.358,0.30434,0.30466,0.03,0.02
2012.01.17 10:31:06.645,0.30434,0.30466,0.03,0.02
2012.01.17 10:31:09.500,0.3042,0.3045,0.02,0.03
2012.01.17 10:31:09.568,0.30424,0.30456,0.05,0.02
2012.01.17 10:31:10.129,0.30423,0.30463,0.05,0.03
2012.01.17 10:31:11.007,0.30423,0.30463,0.07,0.03
2012.01.17 10:31:11.556,0.30424,0.30463,0.03,0.03
2012.01.17 10:31:12.009,0.30423,0.30463,0.05,0.03
2012.01.17 10:31:12.194,0.30426,0.30466,0.03,0.03
2012.01.17 10:31:14.177,0.30427,0.30463,0.03,0.03
2012.01.17 10:31:14.378,0.30427,0.30463,0.03,0.03
2012.01.17 10:31:16.086,0.30427,0.30463,0.03,0.03
2012.01.17 10:31:19.185,0.30427,0.30463,0.03,0.03
2012.01.17 10:31:22.147,0.30427,0.30465,0.03,0.03
2012.01.17 10:31:24.098,0.3043,0.30466,0.03,0.03
2012.01.17 10:31:26.067,0.30433,0.30465,0.03,0.03
2012.01.17 10:31:28.017,0.30434,0.30465,0.03,0.03
2012.01.17 10:31:30.147,0.30427,0.30463,0.03,0.03
2012.01.17 10:31:31.504,0.30427,0.30465,0.03,0.03
2012.01.17 10:31:32.014,0.30425,0.30463,0.03,0.03
2012.01.17 10:31:32.379,0.30425,0.30465,0.05,0.03
2012.01.17 10:31:34.800,0.30429,0.30465,0.03,0.03
2012.01.17 10:31:35.364,0.30426,0.30462,0.03,0.03
2012.01.17 10:31:36.579,0.30426,0.30464,0.03,0.03
2012.01.17 10:31:37.438,0.30433,0.30466,0.03,0.03
2012.01.17 10:31:38.612,0.30428,0.30464,0.03,0.03
2012.01.17 10:31:40.540,0.30428,0.30466,0.03,0.03
2012.01.17 10:31:40.908,0.30433,0.30469,0.03,0.03
2012.01.17 10:31:41.467,0.30434,0.30468,0.03,0.05
2012.01.17 10:31:48.126,0.30433,0.30469,0.03,0.03
2012.01.17 10:31:49.998,0.30433,0.30467,0.03,0.02
2012.01.17 10:31:51.905,0.30434,0.30468,0.03,0.03
2012.01.17 10:31:54.117,0.30433,0.30467,0.03,0.02
2012.01.17 10:31:59.309,0.30433,0.30467,0.03,0.02
2012.01.17 10:32:00.366,0.30434,0.30466,0.02,0.02
2012.01.17 10:32:08.437,0.30433,0.3047,0.03,0.03
2012.01.17 10:32:08.708,0.30434,0.30472,0.03,0.03
2012.01.17 10:32:09.216,0.30434,0.30474,0.03,0.03
2012.01.17 10:32:09.985,0.30434,0.3047,0.03,0.03
2012.01.17 10:32:10.247,0.30433,0.30467,0.02,0.02
2012.01.17 10:32:10.404,0.30433,0.30469,0.03,0.03
2012.01.17 10:32:10.467,0.30433,0.30469,0.03,0.03
2012.01.17 10:32:10.907,0.30434,0.30464,0.02,0.03
2012.01.17 10:32:11.347,0.30433,0.30467,0.03,0.02
2012.01.17 10:32:12.082,0.30434,0.30466,0.02,0.02
2012.01.17 10:32:12.267,0.30434,0.30469,0.03,0.03
2012.01.17 10:32:12.820,0.30434,0.3047,0.03,0.03
2012.01.17 10:32:13.467,0.30433,0.3047,0.03,0.03
2012.01.17 10:32:15.249,0.30433,0.30468,0.03,0.03
2012.01.17 10:32:15.565,0.30433,0.30466,0.03,0.03
2012.01.17 10:32:15.889,0.30426,0.30464,0.03,0.03
2012.01.17 10:32:16.528,0.30424,0.30462,0.05,0.03
2012.01.17 10:32:16.719,0.30424,0.30462,0.03,0.03
2012.01.17 10:32:16.779,0.30424,0.3046,0.05,0.03
2012.01.17 10:32:17.279,0.30424,0.30462,0.03,0.03
2012.01.17 10:32:17.419,0.30424,0.30462,0.03,0.03
2012.01.17 10:32:17.759,0.30426,0.30462,0.03,0.03
2012.01.17 10:32:17.819,0.30426,0.30462,0.03,0.03
2012.01.17 10:32:17.968,0.30426,0.30462,0.03,0.03
2012.01.17 10:32:18.599,0.30424,0.30458,0.05,0.02
2012.01.17 10:32:19.107,0.30424,0.30458,0.03,0.03
2012.01.17 10:32:20.501,0.30423,0.30456,0.02,0.03
2012.01.17 10:32:28.487,0.30424,0.30458,0.03,0.03
2012.01.17 10:32:30.317,0.30423,0.30457,0.03,0.02
2012.01.17 10:32:33.391,0.30424,0.30459,0.03,0.02
2012.01.17 10:32:33.898,0.30425,0.30461,0.03,0.03
2012.01.17 10:32:34.530,0.30425,0.30461,0.03,0.03
2012.01.17 10:32:38.735,0.30425,0.30459,0.03,0.03
2012.01.17 10:32:39.276,0.30424,0.30459,0.03,0.03
2012.01.17 10:32:40.737,0.30423,0.30461,0.05,0.03
2012.01.17 10:32:42.729,0.30424,0.30461,0.03,0.03
2012.01.17 10:32:43.077,0.30424,0.30456,0.02,0.03
2012.01.17 10:32:43.139,0.30424,0.30458,0.03,0.05
2012.01.17 10:32:45.040,0.30423,0.30457,0.05,0.03
2012.01.17 10:32:45.814,0.30424,0.30461,0.03,0.03
2012.01.17 10:32:47.357,0.30424,0.30458,0.03,0.03
2012.01.17 10:32:50.627,0.30424,0.30456,0.03,0.02
2012.01.17 10:32:51.205,0.30424,0.30456,0.03,0.02
2012.01.17 10:32:52.927,0.30424,0.30457,0.03,0.03
2012.01.17 10:32:53.574,0.30424,0.30457,0.03,0.03
2012.01.17 10:32:53.998,0.30424,0.30459,0.03,0.02
2012.01.17 10:32:54.195,0.30423,0.30461,0.05,0.03
2012.01.17 10:32:54.630,0.30424,0.30462,0.03,0.03
2012.01.17 10:32:55.079,0.30424,0.3046,0.03,0.03
2012.01.17 10:32:55.396,0.30424,0.30462,0.05,0.03
2012.01.17 10:32:57.848,0.30424,0.30462,0.03,0.03
2012.01.17 10:32:58.388,0.30424,0.30464,0.07,0.03
2012.01.17 10:32:58.568,0.30427,0.30463,0.03,0.03
2012.01.17 10:32:58.967,0.30427,0.30465,0.03,0.03
2012.01.17 10:33:01.183,0.30427,0.30463,0.03,0.03
2012.01.17 10:33:01.946,0.30427,0.30465,0.03,0.03
2012.01.17 10:33:02.706,0.30427,0.30463,0.03,0.03
2012.01.17 10:33:03.245,0.30427,0.30465,0.03,0.03
2012.01.17 10:33:03.836,0.30425,0.30463,0.03,0.03
2012.01.17 10:33:05.423,0.30427,0.30465,0.03,0.03
2012.01.17 10:33:05.947,0.30427,0.30465,0.03,0.03
2012.01.17 10:33:06.716,0.30427,0.30465,0.03,0.03
2012.01.17 10:33:14.718,0.30434,0.30466,0.03,0.02
2012.01.17 10:33:16.217,0.30434,0.30465,0.03,0.03
2012.01.17 10:33:17.748,0.30427,0.30465,0.03,0.03
2012.01.17 10:33:18.722,0.30427,0.30465,0.03,0.03
2012.01.17 10:33:24.971,0.30433,0.30467,0.03,0.03
2012.01.17 10:33:25.216,0.30433,0.30465,0.03,0.03
2012.01.17 10:33:26.231,0.30427,0.30463,0.03,0.03
2012.01.17 10:33:26.730,0.30427,0.30463,0.03,0.03
2012.01.17 10:33:30.178,0.30427,0.30465,0.03,0.03
2012.01.17 10:33:34.364,0.30427,0.30463,0.03,0.03
2012.01.17 10:33:35.119,0.30425,0.30463,0.03,0.03
2012.01.17 10:33:35.540,0.30425,0.30461,0.03,0.03
2012.01.17 10:33:37.408,0.30423,0.30459,0.03,0.03
2012.01.17 10:33:42.376,0.30423,0.30459,0.03,0.03
2012.01.17 10:33:44.335,0.30423,0.30459,0.03,0.03
2012.01.17 10:33:44.985,0.30423,0.3046,0.03,0.02
2012.01.17 10:33:45.529,0.30424,0.30461,0.03,0.03
2012.01.17 10:33:45.768,0.30424,0.30458,0.03,0.03
2012.01.17 10:33:45.978,0.30424,0.3046,0.03,0.02
2012.01.17 10:33:49.703,0.30424,0.30459,0.03,0.03
2012.01.17 10:33:50.417,0.30424,0.30461,0.03,0.03
2012.01.17 10:33:52.378,0.30425,0.30461,0.03,0.03
2012.01.17 10:33:53.257,0.30425,0.30461,0.03,0.03
2012.01.17 10:33:57.409,0.30424,0.30456,0.02,0.02
2012.01.17 10:33:58.097,0.30424,0.30459,0.03,0.02
2012.01.17 10:33:58.927,0.30423,0.30458,0.03,0.03
2012.01.17 10:33:59.279,0.30423,0.30457,0.02,0.02
2012.01.17 10:33:59.923,0.30423,0.30458,0.02,0.03
2012.01.17 10:34:03.178,0.30423,0.3046,0.03,0.03
2012.01.17 10:34:05.936,0.30424,0.3046,0.03,0.05
2012.01.17 10:34:06.790,0.30424,0.3046,0.03,0.05
2012.01.17 10:34:07.299,0.30424,0.3046,0.03,0.03
2012.01.17 10:34:26.761,0.30424,0.30461,0.03,0.03
2012.01.17 10:34:28.140,0.30423,0.3046,0.03,0.03
2012.01.17 10:34:33.127,0.30424,0.30462,0.03,0.03
2012.01.17 10:34:35.064,0.30423,0.3046,0.03,0.03
2012.01.17 10:34:36.162,0.30423,0.30462,0.03,0.03
2012.01.17 10:34:37.055,0.30424,0.30462,0.03,0.03
2012.01.17 10:34:37.596,0.30423,0.30462,0.03,0.03
2012.01.17 10:34:38.879,0.30423,0.3046,0.03,0.03
2012.01.17 10:34:40.253,0.30423,0.30461,0.05,0.03
2012.01.17 10:34:40.381,0.30423,0.30458,0.03,0.03
2012.01.17 10:34:40.620,0.30423,0.30459,0.03,0.03
2012.01.17 10:34:40.941,0.30424,0.30457,0.02,0.03
2012.01.17 10:34:42.959,0.30424,0.30461,0.03,0.03
2012.01.17 10:34:43.643,0.30424,0.30459,0.03,0.02
2012.01.17 10:34:45.047,0.30424,0.30461,0.03,0.03
2012.01.17 10:34:45.663,0.30424,0.3046,0.03,0.03
2012.01.17 10:34:46.528,0.30424,0.30458,0.03,0.03
2012.01.17 10:34:48.947,0.30423,0.30459,0.03,0.05
2012.01.17 10:34:49.153,0.30424,0.30458,0.03,0.03
2012.01.17 10:34:50.479,0.30424,0.30456,0.02,0.02
2012.01.17 10:34:51.003,0.30423,0.30457,0.03,0.02
2012.01.17 10:34:52.179,0.30424,0.30458,0.03,0.03
2012.01.17 10:34:54.844,0.30423,0.30457,0.03,0.03
2012.01.17 10:34:54.921,0.30423,0.30457,0.03,0.02
2012.01.17 10:34:55.480,0.30423,0.30458,0.03,0.03
2012.01.17 10:34:55.900,0.30423,0.30457,0.03,0.03
2012.01.17 10:34:56.479,0.30423,0.30456,0.02,0.03
2012.01.17 10:35:01.634,0.30424,0.30462,0.05,0.03
2012.01.17 10:35:02.707,0.30424,0.30458,0.05,0.03
2012.01.17 10:35:03.268,0.30423,0.30462,0.03,0.03
2012.01.17 10:35:03.610,0.30423,0.3046,0.03,0.03
2012.01.17 10:35:10.316,0.30423,0.30461,0.05,0.03
2012.01.17 10:35:10.524,0.30423,0.30461,0.05,0.03
2012.01.17 10:35:11.229,0.30424,0.30461,0.03,0.03
2012.01.17 10:35:11.645,0.30424,0.30459,0.03,0.03
2012.01.17 10:35:12.206,0.30423,0.30458,0.03,0.03
2012.01.17 10:35:12.720,0.30423,0.30457,0.03,0.02
2012.01.17 10:35:13.261,0.30423,0.30455,0.02,0.03
2012.01.17 10:35:13.870,0.30423,0.30457,0.03,0.02
2012.01.17 10:35:14.476,0.30423,0.30457,0.03,0.02
2012.01.17 10:35:16.548,0.30423,0.30457,0.03,0.03
2012.01.17 10:35:18.428,0.30417,0.30453,0.03,0.03
2012.01.17 10:35:18.729,0.30414,0.30445,0.02,0.03
2012.01.17 10:35:19.275,0.30407,0.30443,0.03,0.04
2012.01.17 10:35:19.411,0.30405,0.30436,0.03,0.02
2012.01.17 10:35:19.778,0.30404,0.30437,0.03,0.03
2012.01.17 10:35:20.560,0.30399,0.30429,0.02,0.03
2012.01.17 10:35:20.853,0.30403,0.30435,0.03,0.03
2012.01.17 10:35:21.044,0.30395,0.30435,0.03,0.03
2012.01.17 10:35:21.367,0.30404,0.30436,0.03,0.04
2012.01.17 10:35:21.488,0.30401,0.30439,0.03,0.05
2012.01.17 10:35:24.680,0.30403,0.30439,0.05,0.03
2012.01.17 10:35:24.977,0.30399,0.30437,0.05,0.02
2012.01.17 10:35:25.098,0.30399,0.30435,0.03,0.03
2012.01.17 10:35:25.220,0.30399,0.30435,0.03,0.03
2012.01.17 10:35:25.891,0.30394,0.30424,0.02,0.03
2012.01.17 10:35:26.307,0.30394,0.30427,0.03,0.03
2012.01.17 10:35:27.608,0.30394,0.30432,0.03,0.03
2012.01.17 10:35:28.157,0.30396,0.30432,0.03,0.03
2012.01.17 10:35:28.278,0.30398,0.30434,0.03,0.03
2012.01.17 10:35:28.919,0.304,0.30436,0.03,0.03
2012.01.17 10:35:29.897,0.30396,0.3043,0.03,0.02
2012.01.17 10:35:30.089,0.30395,0.30431,0.03,0.03
2012.01.17 10:35:31.275,0.30395,0.30433,0.03,0.03
2012.01.17 10:35:31.597,0.30395,0.30431,0.03,0.03
2012.01.17 10:35:32.118,0.30398,0.30432,0.03,0.03
2012.01.17 10:35:32.247,0.30398,0.30434,0.03,0.03
2012.01.17 10:35:34.719,0.30398,0.30436,0.03,0.03
2012.01.17 10:35:35.028,0.304,0.30436,0.05,0.03
2012.01.17 10:35:35.378,0.304,0.30436,0.03,0.03
2012.01.17 10:35:35.680,0.30393,0.30429,0.03,0.03
2012.01.17 10:35:36.304,0.30393,0.30429,0.03,0.03
2012.01.17 10:35:43.667,0.30394,0.30432,0.03,0.03
2012.01.17 10:35:46.618,0.30393,0.30433,0.05,0.03
2012.01.17 10:35:46.818,0.30397,0.30437,0.03,0.03
2012.01.17 10:35:47.115,0.30397,0.30433,0.03,0.03
2012.01.17 10:35:47.240,0.30397,0.3043,0.03,0.03
2012.01.17 10:35:47.613,0.30394,0.30433,0.03,0.03
2012.01.17 10:35:47.977,0.30396,0.3043,0.03,0.03
2012.01.17 10:35:48.317,0.30399,0.30433,0.03,0.03
2012.01.17 10:35:52.169,0.30401,0.30438,0.03,0.03
2012.01.17 10:35:52.348,0.30404,0.30439,0.03,0.02
2012.01.17 10:35:53.526,0.30403,0.30437,0.03,0.05
2012.01.17 10:35:53.723,0.30398,0.30434,0.03,0.03
2012.01.17 10:35:54.079,0.30395,0.30431,0.03,0.03
2012.01.17 10:35:58.366,0.30394,0.30429,0.03,0.03
2012.01.17 10:36:00.841,0.30394,0.30431,0.05,0.03
2012.01.17 10:36:02.187,0.30396,0.30434,0.03,0.03
2012.01.17 10:36:02.579,0.30396,0.30432,0.03,0.03
2012.01.17 10:36:03.229,0.30394,0.30429,0.03,0.03
2012.01.17 10:36:03.827,0.30396,0.30432,0.03,0.03
2012.01.17 10:36:04.223,0.30393,0.30431,0.05,0.05
2012.01.17 10:36:07.066,0.30404,0.30434,0.04,0.03
2012.01.17 10:36:07.130,0.30404,0.30439,0.05,0.02
2012.01.17 10:36:07.535,0.30405,0.30437,0.03,0.02
2012.01.17 10:36:08.438,0.30405,0.30443,0.03,0.03
2012.01.17 10:36:11.977,0.30404,0.30442,0.03,0.03
2012.01.17 10:36:12.506,0.30405,0.30441,0.03,0.03
2012.01.17 10:36:12.542,0.30405,0.30441,0.03,0.03
2012.01.17 10:36:12.899,0.30404,0.30438,0.05,0.03
2012.01.17 10:36:13.446,0.30403,0.30437,0.04,0.02
2012.01.17 10:36:14.362,0.30404,0.30436,0.04,0.02
2012.01.17 10:36:14.419,0.30403,0.30437,0.07,0.05
2012.01.17 10:36:14.480,0.30404,0.30439,0.05,0.02
2012.01.17 10:36:14.896,0.30403,0.3044,0.05,0.02
2012.01.17 10:36:14.957,0.30403,0.3044,0.05,0.03
2012.01.17 10:36:15.319,0.30404,0.30436,0.05,0.02
2012.01.17 10:36:16.314,0.30404,0.30435,0.05,0.03
2012.01.17 10:36:18.169,0.30404,0.30439,0.05,0.02
2012.01.17 10:36:18.676,0.30403,0.30436,0.04,0.03
2012.01.17 10:36:19.516,0.30404,0.30439,0.05,0.02
2012.01.17 10:36:19.725,0.30404,0.30437,0.05,0.03
2012.01.17 10:36:20.597,0.30403,0.30439,0.05,0.03
2012.01.17 10:36:24.217,0.30403,0.30438,0.05,0.03
2012.01.17 10:36:25.916,0.30403,0.30441,0.07,0.03
2012.01.17 10:36:26.467,0.30403,0.30439,0.07,0.03
2012.01.17 10:36:26.713,0.30403,0.30442,0.07,0.03
2012.01.17 10:36:27.064,0.30404,0.30441,0.05,0.03
2012.01.17 10:36:27.543,0.30404,0.30443,0.05,0.03
2012.01.17 10:36:27.667,0.30403,0.30439,0.07,0.03
2012.01.17 10:36:30.478,0.30403,0.30439,0.05,0.03
2012.01.17 10:36:30.804,0.30404,0.30436,0.02,0.02
2012.01.17 10:36:31.535,0.30403,0.30436,0.02,0.03
2012.01.17 10:36:31.825,0.30403,0.30439,0.03,0.03
2012.01.17 10:36:32.068,0.30403,0.30436,0.03,0.03
2012.01.17 10:36:32.740,0.30403,0.30439,0.03,0.03
2012.01.17 10:36:33.178,0.30405,0.30443,0.03,0.03
2012.01.17 10:36:33.708,0.30407,0.30445,0.03,0.03
2012.01.17 10:36:46.481,0.30405,0.30445,0.03,0.03
2012.01.17 10:36:46.690,0.30395,0.30431,0.03,0.03
2012.01.17 10:36:49.266,0.30393,0.30427,0.06,0.03
2012.01.17 10:36:49.463,0.30393,0.30431,0.05,0.05
2012.01.17 10:37:00.790,0.30394,0.30429,0.03,0.02
2012.01.17 10:37:08.648,0.30393,0.30431,0.03,0.05
2012.01.17 10:37:09.180,0.30394,0.3043,0.03,0.03
2012.01.17 10:37:11.399,0.30394,0.30434,0.03,0.03
2012.01.17 10:37:12.064,0.30396,0.30434,0.03,0.03
2012.01.17 10:37:15.717,0.30396,0.30434,0.03,0.03
2012.01.17 10:37:16.154,0.30396,0.30436,0.05,0.03
2012.01.17 10:37:16.487,0.30403,0.30436,0.03,0.03
2012.01.17 10:37:17.744,0.30397,0.30431,0.03,0.03
2012.01.17 10:37:18.320,0.30403,0.30437,0.03,0.02
2012.01.17 10:37:19.880,0.30396,0.30434,0.03,0.03
2012.01.17 10:37:21.828,0.30403,0.30436,0.03,0.03
2012.01.17 10:37:22.493,0.30403,0.30436,0.03,0.03
2012.01.17 10:37:22.817,0.30414,0.30444,0.03,0.03
2012.01.17 10:37:22.997,0.30411,0.30451,0.03,0.03
2012.01.17 10:37:23.351,0.30413,0.30453,0.05,0.03
2012.01.17 10:37:23.599,0.30413,0.30448,0.03,0.03
2012.01.17 10:37:23.657,0.30413,0.30448,0.03,0.03
2012.01.17 10:37:26.697,0.30406,0.30442,0.03,0.02
2012.01.17 10:37:26.820,0.30409,0.30442,0.03,0.02
2012.01.17 10:37:27.318,0.30404,0.30437,0.03,0.03
2012.01.17 10:37:27.381,0.30404,0.30441,0.03,0.03
2012.01.17 10:37:28.005,0.30404,0.30436,0.02,0.02
2012.01.17 10:37:28.587,0.30404,0.3044,0.03,0.03
2012.01.17 10:37:28.768,0.30403,0.30438,0.03,0.03
2012.01.17 10:37:29.228,0.30404,0.30436,0.03,0.03
2012.01.17 10:37:29.853,0.30404,0.30439,0.03,0.02
2012.01.17 10:37:30.099,0.30405,0.30443,0.03,0.03
2012.01.17 10:37:30.508,0.30407,0.30445,0.03,0.03
2012.01.17 10:37:31.265,0.3041,0.30444,0.03,0.03
2012.01.17 10:37:31.475,0.30406,0.30442,0.03,0.03
2012.01.17 10:37:33.313,0.30409,0.30445,0.03,0.03
2012.01.17 10:37:37.550,0.30409,0.30445,0.03,0.05
2012.01.17 10:37:39.164,0.30405,0.30443,0.03,0.03
2012.01.17 10:37:41.728,0.30405,0.30445,0.03,0.03
2012.01.17 10:37:46.961,0.30401,0.30436,0.03,0.02
2012.01.17 10:37:47.121,0.30402,0.30436,0.03,0.02
2012.01.17 10:37:47.367,0.30402,0.30437,0.03,0.02
2012.01.17 10:37:54.247,0.304,0.30436,0.03,0.04
2012.01.17 10:37:54.943,0.30401,0.30435,0.03,0.03
2012.01.17 10:37:55.337,0.30398,0.3043,0.03,0.03
2012.01.17 10:37:55.397,0.30398,0.30432,0.03,0.03
2012.01.17 10:37:56.337,0.30398,0.30432,0.03,0.03
2012.01.17 10:37:56.656,0.30401,0.30435,0.03,0.03
2012.01.17 10:37:57.326,0.30395,0.30426,0.03,0.02
2012.01.17 10:37:58.771,0.30401,0.30435,0.03,0.03
2012.01.17 10:37:59.332,0.30395,0.30426,0.03,0.02
2012.01.17 10:38:01.664,0.30401,0.30432,0.03,0.03
2012.01.17 10:38:02.271,0.30396,0.3043,0.03,0.02
2012.01.17 10:38:02.835,0.30396,0.30427,0.03,0.02
2012.01.17 10:38:02.900,0.30394,0.30427,0.03,0.02
2012.01.17 10:38:03.310,0.30394,0.30427,0.03,0.02
2012.01.17 10:38:07.233,0.30394,0.30429,0.03,0.03
2012.01.17 10:38:07.456,0.30394,0.30428,0.05,0.02
2012.01.17 10:38:07.883,0.30397,0.30431,0.03,0.03
2012.01.17 10:38:08.876,0.30397,0.30429,0.03,0.03
2012.01.17 10:38:09.085,0.30397,0.30431,0.03,0.03
2012.01.17 10:38:10.928,0.30395,0.30431,0.03,0.03
2012.01.17 10:38:12.907,0.30398,0.30432,0.03,0.03
2012.01.17 10:38:13.525,0.30398,0.30432,0.03,0.03
2012.01.17 10:38:18.313,0.30398,0.30434,0.03,0.03
2012.01.17 10:38:18.658,0.30402,0.30436,0.03,0.05
2012.01.17 10:38:20.206,0.30402,0.30436,0.03,0.05
2012.01.17 10:38:21.714,0.30402,0.30436,0.03,0.03
2012.01.17 10:38:22.619,0.30396,0.30432,0.03,0.03
2012.01.17 10:38:23.070,0.30408,0.30438,0.03,0.02
2012.01.17 10:38:23.128,0.30408,0.30444,0.03,0.03
2012.01.17 10:38:23.347,0.30408,0.30446,0.03,0.02
2012.01.17 10:38:26.900,0.30406,0.30437,0.04,0.02
2012.01.17 10:38:27.078,0.30403,0.30437,0.03,0.02
2012.01.17 10:38:27.511,0.30403,0.30437,0.03,0.02
2012.01.17 10:38:27.648,0.30403,0.30436,0.03,0.03
2012.01.17 10:38:31.044,0.30403,0.30434,0.03,0.03
2012.01.17 10:38:32.307,0.30397,0.30435,0.03,0.03
2012.01.17 10:38:32.576,0.30397,0.30433,0.03,0.03
2012.01.17 10:38:32.820,0.30395,0.30433,0.03,0.03
2012.01.17 10:38:43.009,0.30395,0.30429,0.03,0.03
2012.01.17 10:38:51.008,0.30393,0.3043,0.03,0.02
2012.01.17 10:38:51.708,0.30393,0.30431,0.03,0.03
2012.01.17 10:38:52.073,0.30394,0.30431,0.03,0.03
2012.01.17 10:38:52.365,0.30393,0.3043,0.03,0.02
2012.01.17 10:38:54.446,0.30394,0.30431,0.03,0.03
2012.01.17 10:38:54.768,0.30393,0.3043,0.03,0.03
2012.01.17 10:38:55.197,0.30394,0.30431,0.03,0.03
2012.01.17 10:38:55.395,0.30394,0.30431,0.03,0.03
2012.01.17 10:38:55.870,0.30393,0.30427,0.02,0.02
2012.01.17 10:38:56.409,0.30393,0.3043,0.03,0.02
2012.01.17 10:38:56.584,0.30393,0.3043,0.03,0.02
2012.01.17 10:38:58.089,0.30393,0.30433,0.03,0.03
2012.01.17 10:39:00.389,0.30394,0.30431,0.03,0.03
2012.01.17 10:39:00.517,0.30395,0.30431,0.03,0.03
2012.01.17 10:39:01.706,0.30395,0.30429,0.03,0.03
2012.01.17 10:39:02.596,0.30394,0.30428,0.03,0.03
2012.01.17 10:39:02.861,0.30394,0.30428,0.03,0.05
2012.01.17 10:39:06.597,0.30394,0.30432,0.03,0.03
2012.01.17 10:39:08.078,0.30394,0.30431,0.03,0.03
2012.01.17 10:39:08.304,0.30394,0.3043,0.03,0.03
2012.01.17 10:39:09.548,0.30393,0.30429,0.03,0.03
2012.01.17 10:39:10.097,0.30393,0.30427,0.03,0.02
2012.01.17 10:39:11.379,0.30393,0.30426,0.03,0.03
2012.01.17 10:39:11.556,0.30393,0.30426,0.03,0.03
2012.01.17 10:39:12.350,0.30389,0.30425,0.03,0.03
2012.01.17 10:39:13.067,0.30394,0.30426,0.03,0.02
2012.01.17 10:39:17.837,0.30394,0.30428,0.03,0.03
2012.01.17 10:39:29.328,0.30394,0.3043,0.03,0.03
2012.01.17 10:39:29.541,0.30394,0.3043,0.03,0.03
2012.01.17 10:40:06.433,0.30396,0.30433,0.03,0.03
2012.01.17 10:40:06.501,0.30396,0.30434,0.03,0.03
2012.01.17 10:40:07.279,0.30396,0.30434,0.03,0.03
2012.01.17 10:40:19.963,0.30398,0.30437,0.03,0.03
2012.01.17 10:40:22.706,0.30404,0.30437,0.03,0.03
2012.01.17 10:40:32.572,0.30404,0.30434,0.02,0.03
2012.01.17 10:40:37.565,0.30404,0.30439,0.03,0.03
2012.01.17 10:40:49.879,0.30403,0.30439,0.03,0.03
2012.01.17 10:40:53.835,0.30404,0.30438,0.03,0.05
2012.01.17 10:41:00.268,0.30404,0.30436,0.03,0.05
2012.01.17 10:41:00.451,0.30404,0.30438,0.03,0.05
2012.01.17 10:41:01.001,0.30404,0.3044,0.03,0.05
2012.01.17 10:41:03.218,0.30404,0.30438,0.03,0.05
2012.01.17 10:41:03.727,0.30404,0.30436,0.03,0.05
2012.01.17 10:41:04.906,0.30403,0.30437,0.03,0.02
2012.01.17 10:41:06.360,0.30396,0.30434,0.03,0.03
2012.01.17 10:41:11.148,0.30403,0.30436,0.03,0.03
2012.01.17 10:41:11.947,0.30404,0.30436,0.02,0.02
2012.01.17 10:41:14.048,0.30404,0.30437,0.03,0.03
2012.01.17 10:41:14.992,0.30403,0.30437,0.02,0.02
2012.01.17 10:41:26.222,0.30404,0.30439,0.03,0.02
2012.01.17 10:41:27.185,0.30404,0.30443,0.03,0.03
2012.01.17 10:41:27.784,0.30406,0.3044,0.03,0.03
2012.01.17 10:41:28.319,0.30406,0.30442,0.03,0.03
2012.01.17 10:41:29.574,0.30404,0.30442,0.05,0.03
2012.01.17 10:41:34.329,0.30406,0.30444,0.03,0.03
2012.01.17 10:41:37.670,0.30408,0.30444,0.03,0.03
2012.01.17 10:41:39.061,0.30408,0.30444,0.03,0.03
2012.01.17 10:41:39.618,0.3041,0.30446,0.03,0.05
2012.01.17 10:41:40.223,0.30413,0.30447,0.03,0.02
2012.01.17 10:41:40.751,0.30408,0.30442,0.03,0.03
2012.01.17 10:41:40.808,0.30408,0.30444,0.03,0.03
2012.01.17 10:41:44.243,0.30408,0.30444,0.03,0.03
2012.01.17 10:41:50.405,0.30408,0.30446,0.03,0.03
2012.01.17 10:41:50.660,0.30414,0.30447,0.03,0.03
2012.01.17 10:41:58.420,0.30413,0.30448,0.03,0.03
2012.01.17 10:42:02.139,0.30413,0.3045,0.05,0.02
2012.01.17 10:42:07.817,0.30415,0.30451,0.03,0.02
2012.01.17 10:42:08.485,0.30415,0.30453,0.03,0.03
2012.01.17 10:42:09.629,0.30415,0.30453,0.03,0.03
2012.01.17 10:42:10.170,0.30416,0.30452,0.03,0.03
2012.01.17 10:42:10.951,0.30419,0.30453,0.03,0.03
2012.01.17 10:42:11.128,0.30424,0.30458,0.03,0.03
2012.01.17 10:42:11.708,0.30423,0.30459,0.03,0.05
2012.01.17 10:42:12.018,0.30423,0.30457,0.03,0.02
2012.01.17 10:42:13.801,0.30423,0.30458,0.03,0.03
2012.01.17 10:42:15.851,0.30424,0.30456,0.02,0.02
2012.01.17 10:42:16.429,0.30423,0.30455,0.03,0.03
2012.01.17 10:42:17.217,0.30424,0.30456,0.03,0.02
2012.01.17 10:42:17.900,0.30422,0.30452,0.02,0.03
2012.01.17 10:42:19.798,0.30423,0.30457,0.02,0.02
2012.01.17 10:42:20.435,0.30423,0.30455,0.02,0.03
2012.01.17 10:42:21.917,0.30424,0.30458,0.03,0.03
2012.01.17 10:42:23.838,0.30424,0.30458,0.03,0.03
2012.01.17 10:42:25.778,0.30423,0.30457,0.03,0.03
2012.01.17 10:42:27.772,0.30423,0.30458,0.03,0.03
2012.01.17 10:42:30.736,0.30424,0.30456,0.03,0.02
2012.01.17 10:42:31.169,0.30423,0.30457,0.02,0.02
2012.01.17 10:42:32.037,0.30424,0.30458,0.03,0.03
2012.01.17 10:42:32.693,0.30423,0.30457,0.03,0.02
2012.01.17 10:42:32.969,0.30423,0.30455,0.03,0.03
2012.01.17 10:42:33.141,0.30423,0.30456,0.03,0.03
2012.01.17 10:42:33.490,0.30424,0.30456,0.02,0.02
2012.01.17 10:42:34.756,0.30424,0.30459,0.03,0.03
2012.01.17 10:42:35.338,0.30425,0.30465,0.03,0.03
2012.01.17 10:42:35.506,0.30425,0.30466,0.03,0.02
2012.01.17 10:42:38.258,0.30428,0.30464,0.03,0.03
2012.01.17 10:42:38.784,0.30428,0.30467,0.03,0.03
2012.01.17 10:42:39.442,0.30429,0.30468,0.03,0.03
2012.01.17 10:42:39.652,0.30425,0.30466,0.03,0.02
2012.01.17 10:42:40.159,0.30433,0.30465,0.03,0.03
2012.01.17 10:42:41.397,0.30433,0.30463,0.02,0.03
2012.01.17 10:42:43.477,0.30433,0.30464,0.03,0.03
2012.01.17 10:42:46.118,0.30433,0.30467,0.03,0.02
2012.01.17 10:42:46.845,0.30433,0.30467,0.03,0.03
2012.01.17 10:42:48.248,0.30433,0.30469,0.03,0.03
2012.01.17 10:42:48.645,0.30434,0.30465,0.03,0.03
2012.01.17 10:42:48.968,0.30433,0.30467,0.03,0.02
2012.01.17 10:42:50.079,0.30433,0.30467,0.03,0.03
2012.01.17 10:42:50.599,0.30427,0.30458,0.03,0.03
2012.01.17 10:42:51.316,0.30424,0.30467,0.03,0.02
2012.01.17 10:42:55.297,0.30426,0.30466,0.05,0.03
2012.01.17 10:42:55.838,0.30433,0.30469,0.03,0.03
2012.01.17 10:42:56.799,0.30428,0.30459,0.02,0.03
2012.01.17 10:42:56.859,0.30424,0.30463,0.03,0.03
2012.01.17 10:42:57.599,0.30424,0.30465,0.03,0.03
2012.01.17 10:42:58.710,0.30426,0.3046,0.04,0.03
2012.01.17 10:42:58.907,0.30426,0.30464,0.03,0.03
2012.01.17 10:43:00.347,0.30428,0.30469,0.05,0.03
2012.01.17 10:43:00.915,0.30433,0.30467,0.03,0.02
2012.01.17 10:43:05.251,0.30433,0.3047,0.03,0.03
2012.01.17 10:43:05.477,0.30434,0.30468,0.03,0.02
2012.01.17 10:43:05.668,0.30434,0.30468,0.03,0.03
2012.01.17 10:43:05.868,0.30433,0.30467,0.03,0.02
2012.01.17 10:43:07.149,0.30433,0.30466,0.03,0.03
2012.01.17 10:43:07.966,0.30433,0.30469,0.03,0.03
2012.01.17 10:43:08.868,0.30433,0.30467,0.03,0.02
2012.01.17 10:43:09.098,0.30433,0.30469,0.03,0.02
2012.01.17 10:43:20.947,0.30433,0.30469,0.03,0.03
2012.01.17 10:43:21.715,0.30434,0.3047,0.03,0.03
2012.01.17 10:43:22.638,0.30433,0.30474,0.03,0.02
2012.01.17 10:43:23.808,0.30433,0.30471,0.03,0.03
2012.01.17 10:43:24.412,0.30433,0.30471,0.03,0.03
2012.01.17 10:43:27.324,0.30434,0.30471,0.03,0.03
2012.01.17 10:43:27.791,0.30434,0.30469,0.03,0.02
2012.01.17 10:43:28.723,0.30434,0.3047,0.03,0.03
2012.01.17 10:43:30.049,0.30434,0.30469,0.03,0.03
2012.01.17 10:43:31.562,0.30434,0.3047,0.03,0.03
2012.01.17 10:43:32.150,0.30437,0.30471,0.03,0.03
2012.01.17 10:43:32.270,0.30437,0.30473,0.03,0.03
2012.01.17 10:43:35.707,0.30437,0.30475,0.03,0.03
2012.01.17 10:43:36.450,0.30437,0.30473,0.03,0.03
2012.01.17 10:43:39.408,0.30444,0.30475,0.02,0.03
2012.01.17 10:43:39.478,0.30444,0.30476,0.03,0.02
2012.01.17 10:43:40.321,0.30444,0.30476,0.03,0.02
2012.01.17 10:43:40.966,0.30442,0.30473,0.03,0.03
2012.01.17 10:43:41.994,0.30444,0.30479,0.03,0.02
2012.01.17 10:43:42.491,0.30443,0.30477,0.02,0.02
2012.01.17 10:43:46.587,0.30443,0.30478,0.03,0.03
2012.01.17 10:43:50.178,0.30443,0.30479,0.03,0.03
2012.01.17 10:43:50.704,0.30444,0.30479,0.03,0.03
2012.01.17 10:43:51.289,0.30444,0.3048,0.03,0.03
2012.01.17 10:43:51.478,0.30444,0.30479,0.03,0.03
2012.01.17 10:43:51.708,0.30444,0.30479,0.03,0.03
2012.01.17 10:43:52.151,0.30444,0.30475,0.03,0.03
2012.01.17 10:43:55.959,0.30443,0.30477,0.03,0.02
2012.01.17 10:43:56.476,0.30443,0.30477,0.03,0.03
2012.01.17 10:43:56.875,0.30437,0.30475,0.03,0.03
2012.01.17 10:43:59.402,0.30437,0.30476,0.03,0.02
2012.01.17 10:43:59.616,0.30444,0.30478,0.03,0.03
2012.01.17 10:44:01.547,0.30442,0.30473,0.03,0.03
2012.01.17 10:44:02.315,0.30437,0.30473,0.03,0.03
2012.01.17 10:44:02.787,0.30437,0.30475,0.03,0.03
2012.01.17 10:44:04.273,0.30444,0.30476,0.03,0.02
2012.01.17 10:44:06.942,0.30442,0.30473,0.03,0.03
2012.01.17 10:44:07.299,0.30434,0.3047,0.06,0.03
2012.01.17 10:44:08.183,0.30434,0.30472,0.03,0.03
2012.01.17 10:44:09.021,0.30434,0.30472,0.03,0.03
2012.01.17 10:44:11.002,0.30434,0.30472,0.03,0.03
2012.01.17 10:44:11.578,0.30434,0.30472,0.07,0.03
2012.01.17 10:44:12.251,0.30434,0.30474,0.07,0.03
2012.01.17 10:44:19.458,0.30434,0.30472,0.03,0.03
2012.01.17 10:44:19.996,0.30434,0.30472,0.03,0.03
2012.01.17 10:44:20.603,0.30434,0.30474,0.05,0.03
2012.01.17 10:44:21.020,0.30443,0.30477,0.03,0.02
2012.01.17 10:44:24.432,0.30443,0.30479,0.03,0.03
2012.01.17 10:44:28.378,0.30443,0.30475,0.02,0.03
2012.01.17 10:44:29.178,0.30443,0.3048,0.03,0.03
2012.01.17 10:44:33.045,0.30444,0.30481,0.03,0.03
2012.01.17 10:44:33.228,0.30444,0.30479,0.03,0.02
2012.01.17 10:44:33.619,0.30441,0.30475,0.03,0.03
2012.01.17 10:44:33.809,0.30444,0.30476,0.03,0.02
2012.01.17 10:44:34.631,0.30443,0.30477,0.03,0.02
2012.01.17 10:44:35.239,0.30443,0.30477,0.03,0.02
2012.01.17 10:44:35.998,0.30443,0.30477,0.03,0.03
2012.01.17 10:44:36.668,0.30443,0.30475,0.03,0.03
2012.01.17 10:44:38.603,0.30447,0.30487,0.02,0.02
2012.01.17 10:44:38.667,0.3045,0.30484,0.03,0.03
2012.01.17 10:44:39.007,0.3045,0.30486,0.03,0.03
2012.01.17 10:44:42.167,0.30446,0.30476,0.02,0.03
2012.01.17 10:44:42.308,0.30444,0.30486,0.03,0.04
2012.01.17 10:44:42.678,0.30444,0.3048,0.03,0.03
2012.01.17 10:44:43.303,0.30443,0.30486,0.04,0.02
2012.01.17 10:44:45.368,0.30443,0.30482,0.03,0.03
2012.01.17 10:44:47.072,0.30443,0.3048,0.03,0.03
2012.01.17 10:44:49.241,0.30444,0.30478,0.03,0.03
2012.01.17 10:44:49.498,0.30443,0.30477,0.03,0.03
2012.01.17 10:44:50.287,0.30443,0.30477,0.03,0.02
2012.01.17 10:44:50.895,0.30444,0.30476,0.03,0.02
2012.01.17 10:44:51.534,0.30443,0.30477,0.03,0.02
2012.01.17 10:44:54.495,0.30443,0.30481,0.03,0.05
2012.01.17 10:44:55.231,0.30443,0.30477,0.02,0.02
2012.01.17 10:45:00.281,0.30443,0.30477,0.03,0.02
2012.01.17 10:45:00.547,0.30443,0.30478,0.03,0.03
2012.01.17 10:45:01.087,0.30443,0.30479,0.05,0.03
2012.01.17 10:45:01.269,0.30443,0.30481,0.05,0.03
2012.01.17 10:45:01.660,0.30444,0.30479,0.03,0.02
2012.01.17 10:45:02.365,0.30444,0.3048,0.03,0.03
2012.01.17 10:45:03.044,0.30444,0.30479,0.03,0.03
2012.01.17 10:45:04.108,0.30443,0.30481,0.03,0.03
2012.01.17 10:45:04.725,0.30443,0.30481,0.03,0.03
2012.01.17 10:45:05.110,0.30443,0.30481,0.03,0.03
2012.01.17 10:45:06.031,0.30444,0.30483,0.03,0.03
2012.01.17 10:45:06.551,0.30443,0.30483,0.05,0.03
2012.01.17 10:45:07.048,0.30443,0.30483,0.05,0.03
2012.01.17 10:45:08.859,0.30443,0.30481,0.05,0.03
2012.01.17 10:45:12.426,0.30444,0.3048,0.03,0.05
2012.01.17 10:45:12.636,0.30444,0.3048,0.03,0.05
2012.01.17 10:45:13.315,0.30443,0.30479,0.03,0.03
2012.01.17 10:45:15.311,0.30444,0.30478,0.03,0.05
2012.01.17 10:45:18.941,0.30444,0.30478,0.03,0.05
2012.01.17 10:45:19.523,0.30444,0.30478,0.03,0.05
2012.01.17 10:45:21.866,0.30444,0.30478,0.03,0.05
2012.01.17 10:45:24.048,0.30444,0.30476,0.03,0.05
2012.01.17 10:45:27.950,0.30444,0.30479,0.03,0.03
2012.01.17 10:45:28.702,0.30444,0.30476,0.03,0.02
2012.01.17 10:45:29.642,0.30443,0.30475,0.02,0.03
2012.01.17 10:45:29.950,0.30443,0.3048,0.03,0.03
2012.01.17 10:45:31.321,0.30444,0.30478,0.03,0.03
2012.01.17 10:45:33.725,0.30443,0.30473,0.02,0.03
2012.01.17 10:45:35.935,0.30443,0.30477,0.03,0.02
2012.01.17 10:45:36.445,0.30444,0.30476,0.03,0.02
2012.01.17 10:45:39.419,0.30444,0.30478,0.03,0.03
2012.01.17 10:45:43.755,0.30443,0.3048,0.03,0.03
2012.01.17 10:45:44.206,0.30444,0.30479,0.03,0.02
2012.01.17 10:45:45.379,0.30444,0.3048,0.03,0.02
2012.01.17 10:45:45.703,0.30444,0.30482,0.03,0.03
2012.01.17 10:45:46.233,0.30444,0.30482,0.05,0.03
2012.01.17 10:45:47.418,0.30444,0.3048,0.03,0.03
2012.01.17 10:45:48.368,0.30443,0.30481,0.03,0.03
2012.01.17 10:45:50.581,0.30443,0.30479,0.03,0.03
2012.01.17 10:45:51.128,0.30444,0.30479,0.03,0.03
2012.01.17 10:45:56.609,0.3044,0.30471,0.03,0.03
2012.01.17 10:45:56.672,0.30444,0.30475,0.03,0.03
2012.01.17 10:45:57.296,0.30437,0.30475,0.03,0.03
2012.01.17 10:45:58.582,0.30443,0.30475,0.03,0.03
2012.01.17 10:45:59.520,0.30443,0.30477,0.03,0.02
2012.01.17 10:46:00.982,0.30443,0.30475,0.03,0.03
2012.01.17 10:46:01.307,0.30443,0.30477,0.03,0.02
2012.01.17 10:46:03.422,0.30444,0.30475,0.03,0.03
2012.01.17 10:46:04.184,0.30444,0.30475,0.03,0.03
2012.01.17 10:46:10.300,0.30444,0.30476,0.03,0.03
2012.01.17 10:46:11.775,0.30444,0.30476,0.03,0.03
2012.01.17 10:46:12.845,0.30438,0.30476,0.03,0.03
2012.01.17 10:46:13.068,0.30443,0.30479,0.03,0.03
2012.01.17 10:46:13.285,0.30443,0.30476,0.03,0.03
2012.01.17 10:46:13.933,0.30443,0.30477,0.03,0.02
2012.01.17 10:46:15.896,0.30443,0.30479,0.03,0.03
2012.01.17 10:46:17.128,0.30444,0.30479,0.03,0.03
2012.01.17 10:46:17.706,0.30444,0.30477,0.03,0.03
2012.01.17 10:46:18.571,0.30444,0.30476,0.02,0.02
2012.01.17 10:46:22.177,0.30444,0.30476,0.03,0.02
2012.01.17 10:46:22.784,0.30444,0.30476,0.03,0.03
2012.01.17 10:46:25.261,0.30443,0.30479,0.03,0.03
2012.01.17 10:46:26.779,0.30444,0.30476,0.03,0.02
2012.01.17 10:46:28.813,0.30444,0.30477,0.03,0.03
2012.01.17 10:46:29.538,0.30444,0.30477,0.03,0.03
2012.01.17 10:46:30.865,0.30444,0.30479,0.03,0.03
2012.01.17 10:46:31.407,0.30444,0.30477,0.03,0.03
2012.01.17 10:46:32.161,0.30444,0.30477,0.03,0.03
2012.01.17 10:46:35.606,0.30444,0.30479,0.03,0.02
2012.01.17 10:46:35.834,0.30444,0.30481,0.03,0.03
2012.01.17 10:46:36.711,0.30443,0.30479,0.03,0.05
2012.01.17 10:46:37.013,0.30443,0.30481,0.03,0.05
2012.01.17 10:46:37.578,0.30443,0.30481,0.03,0.03
2012.01.17 10:46:41.181,0.30443,0.30477,0.02,0.02
2012.01.17 10:46:41.367,0.30443,0.3048,0.03,0.03
2012.01.17 10:46:49.198,0.30444,0.30486,0.04,0.02
2012.01.17 10:46:49.377,0.30443,0.30483,0.07,0.03
2012.01.17 10:46:49.597,0.30444,0.30483,0.03,0.03
2012.01.17 10:46:49.796,0.30444,0.30481,0.03,0.03
2012.01.17 10:46:52.749,0.30443,0.30483,0.05,0.03
2012.01.17 10:47:00.367,0.30446,0.30484,0.03,0.03
2012.01.17 10:47:02.653,0.30446,0.30486,0.05,0.03
2012.01.17 10:47:07.065,0.30454,0.30484,0.03,0.03
2012.01.17 10:47:07.578,0.30453,0.30486,0.03,0.03
2012.01.17 10:47:15.964,0.30453,0.30484,0.03,0.03
2012.01.17 10:47:23.006,0.30453,0.30487,0.03,0.02
2012.01.17 10:47:23.526,0.30446,0.30484,0.03,0.03
2012.01.17 10:47:28.112,0.30453,0.30486,0.03,0.03
2012.01.17 10:47:28.653,0.30453,0.30486,0.03,0.03
2012.01.17 10:47:29.366,0.30452,0.30483,0.03,0.03
2012.01.17 10:47:31.487,0.30453,0.30487,0.03,0.03
2012.01.17 10:47:32.322,0.30453,0.30487,0.03,0.02
2012.01.17 10:47:33.441,0.30454,0.30485,0.03,0.03
2012.01.17 10:47:34.211,0.30453,0.30487,0.03,0.02
2012.01.17 10:47:34.411,0.30454,0.30488,0.03,0.03
2012.01.17 10:47:34.618,0.30454,0.30489,0.03,0.02
2012.01.17 10:47:35.521,0.30453,0.30487,0.03,0.02
2012.01.17 10:47:35.710,0.30454,0.30489,0.03,0.02
2012.01.17 10:47:40.050,0.30453,0.30496,0.03,0.02
2012.01.17 10:47:46.353,0.30454,0.3049,0.03,0.03
2012.01.17 10:47:47.431,0.30453,0.30493,0.03,0.03
2012.01.17 10:47:56.015,0.30453,0.30492,0.03,0.03
2012.01.17 10:47:57.533,0.30453,0.30492,0.03,0.03
2012.01.17 10:47:58.633,0.30454,0.3049,0.03,0.03
2012.01.17 10:47:59.057,0.30453,0.30488,0.03,0.03
2012.01.17 10:48:03.123,0.30453,0.30491,0.03,0.03
2012.01.17 10:48:08.975,0.30454,0.30486,0.02,0.02
2012.01.17 10:48:12.624,0.30453,0.30492,0.03,0.03
2012.01.17 10:48:13.439,0.30454,0.30491,0.03,0.03
2012.01.17 10:48:13.613,0.30453,0.30488,0.03,0.03
2012.01.17 10:48:15.138,0.30454,0.30487,0.03,0.03
2012.01.17 10:48:22.814,0.30453,0.30488,0.02,0.03
2012.01.17 10:48:23.330,0.30454,0.3049,0.03,0.03
2012.01.17 10:48:24.143,0.30454,0.30488,0.03,0.03
2012.01.17 10:48:24.815,0.30454,0.30486,0.03,0.02
2012.01.17 10:48:26.961,0.30454,0.30488,0.03,0.03
2012.01.17 10:48:31.859,0.30454,0.30489,0.03,0.02
2012.01.17 10:48:32.027,0.30454,0.30488,0.03,0.03
2012.01.17 10:48:32.460,0.30449,0.30485,0.03,0.03
2012.01.17 10:48:33.079,0.30447,0.30487,0.03,0.03
2012.01.17 10:48:35.089,0.30447,0.30485,0.03,0.03
2012.01.17 10:48:40.428,0.30443,0.30483,0.05,0.03
2012.01.17 10:48:40.587,0.30443,0.30483,0.05,0.03
2012.01.17 10:48:41.140,0.30443,0.30483,0.07,0.03
2012.01.17 10:48:41.357,0.30444,0.30483,0.03,0.03
2012.01.17 10:48:43.339,0.30445,0.30485,0.03,0.03
2012.01.17 10:48:44.648,0.30446,0.30484,0.03,0.03
2012.01.17 10:48:45.559,0.30446,0.30486,0.03,0.03
2012.01.17 10:48:46.296,0.30446,0.30484,0.03,0.03
2012.01.17 10:48:46.910,0.30444,0.30481,0.03,0.03
2012.01.17 10:48:47.359,0.30443,0.30477,0.05,0.02
2012.01.17 10:48:48.300,0.30443,0.3048,0.05,0.02
2012.01.17 10:48:48.362,0.30444,0.30476,0.02,0.02
2012.01.17 10:48:48.889,0.30444,0.30479,0.02,0.03
2012.01.17 10:48:49.453,0.30444,0.30476,0.02,0.03
2012.01.17 10:48:51.809,0.30444,0.30475,0.02,0.03
2012.01.17 10:48:52.315,0.30444,0.30477,0.03,0.03
2012.01.17 10:48:53.679,0.30444,0.30476,0.03,0.02
2012.01.17 10:49:01.812,0.30444,0.30475,0.03,0.03
2012.01.17 10:49:02.749,0.30443,0.30477,0.03,0.02
2012.01.17 10:49:04.539,0.30444,0.30479,0.03,0.02
2012.01.17 10:49:04.736,0.30444,0.30478,0.03,0.03
2012.01.17 10:49:06.731,0.30444,0.3048,0.05,0.03
2012.01.17 10:49:07.154,0.30444,0.30482,0.05,0.03
2012.01.17 10:49:10.342,0.30444,0.30475,0.02,0.03
2012.01.17 10:49:10.489,0.30444,0.30485,0.03,0.02
2012.01.17 10:49:10.696,0.30444,0.30479,0.03,0.02
2012.01.17 10:49:11.637,0.30444,0.30478,0.03,0.03
2012.01.17 10:49:11.918,0.30443,0.30477,0.03,0.03
2012.01.17 10:49:14.285,0.30443,0.30477,0.03,0.02
2012.01.17 10:49:18.630,0.30443,0.30477,0.03,0.03
2012.01.17 10:49:19.158,0.30444,0.30478,0.03,0.03
2012.01.17 10:49:21.670,0.30444,0.30475,0.03,0.03
2012.01.17 10:49:23.070,0.30444,0.30475,0.03,0.03
2012.01.17 10:49:24.613,0.30437,0.30476,0.03,0.02
2012.01.17 10:49:25.061,0.30437,0.30477,0.03,0.03
2012.01.17 10:49:25.446,0.30437,0.30476,0.03,0.02
2012.01.17 10:49:25.900,0.30438,0.30472,0.03,0.03
2012.01.17 10:49:26.079,0.30439,0.30475,0.03,0.03
2012.01.17 10:49:26.230,0.30438,0.30472,0.03,0.03
2012.01.17 10:49:26.864,0.30438,0.30477,0.03,0.02
2012.01.17 10:49:31.272,0.30444,0.30476,0.02,0.02
2012.01.17 10:49:33.316,0.30443,0.30476,0.03,0.03
2012.01.17 10:49:34.394,0.30444,0.30479,0.03,0.03
2012.01.17 10:49:38.339,0.30444,0.30477,0.03,0.03
2012.01.17 10:49:39.965,0.30443,0.30479,0.05,0.03
2012.01.17 10:49:46.852,0.30444,0.30481,0.03,0.03
2012.01.17 10:49:47.473,0.30444,0.30476,0.02,0.02
2012.01.17 10:49:47.646,0.30444,0.3048,0.03,0.05
2012.01.17 10:49:50.495,0.30444,0.30478,0.03,0.05
2012.01.17 10:49:50.707,0.30444,0.30483,0.03,0.03
2012.01.17 10:49:51.586,0.30444,0.30481,0.03,0.03
2012.01.17 10:49:52.511,0.30444,0.30481,0.03,0.03
2012.01.17 10:49:53.034,0.30444,0.30476,0.03,0.02
2012.01.17 10:49:53.493,0.30439,0.30473,0.03,0.03
2012.01.17 10:49:54.154,0.30441,0.30476,0.03,0.02
2012.01.17 10:49:54.679,0.30442,0.30472,0.02,0.03
2012.01.17 10:49:54.803,0.30444,0.30477,0.03,0.03
2012.01.17 10:49:55.530,0.30443,0.30474,0.02,0.03
2012.01.17 10:49:56.078,0.30443,0.30477,0.03,0.05
2012.01.17 10:49:56.394,0.30443,0.30481,0.03,0.05
2012.01.17 10:49:57.042,0.30444,0.30479,0.03,0.03
2012.01.17 10:49:58.242,0.30444,0.30479,0.03,0.03
2012.01.17 10:49:58.456,0.30443,0.30481,0.03,0.03
2012.01.17 10:50:03.713,0.30443,0.30479,0.03,0.05
2012.01.17 10:50:04.311,0.30443,0.30475,0.02,0.03
2012.01.17 10:50:06.624,0.30443,0.30482,0.03,0.03
2012.01.17 10:50:08.327,0.30445,0.30483,0.03,0.03
2012.01.17 10:50:08.956,0.30445,0.30483,0.03,0.03
2012.01.17 10:50:10.396,0.30446,0.30484,0.03,0.03
2012.01.17 10:50:17.661,0.30454,0.30488,0.03,0.03
2012.01.17 10:50:18.225,0.30453,0.30488,0.03,0.03
2012.01.17 10:50:26.583,0.3045,0.3048,0.02,0.03
2012.01.17 10:50:26.701,0.30446,0.30484,0.03,0.03
2012.01.17 10:50:27.261,0.30448,0.30482,0.03,0.03
2012.01.17 10:50:27.324,0.30445,0.30483,0.03,0.03
2012.01.17 10:50:27.528,0.30445,0.30483,0.03,0.03
2012.01.17 10:50:27.737,0.30445,0.30481,0.03,0.03
2012.01.17 10:50:30.820,0.30445,0.30485,0.03,0.03
2012.01.17 10:50:32.239,0.30454,0.30488,0.03,0.03
2012.01.17 10:50:32.869,0.30454,0.30489,0.03,0.02
2012.01.17 10:50:34.110,0.30453,0.30488,0.03,0.03
2012.01.17 10:50:34.360,0.30454,0.30489,0.03,0.03
2012.01.17 10:50:34.580,0.30454,0.30491,0.03,0.03
2012.01.17 10:50:39.203,0.30454,0.30489,0.03,0.03
2012.01.17 10:50:44.031,0.30453,0.30489,0.03,0.05
2012.01.17 10:50:45.092,0.30453,0.30489,0.03,0.05
2012.01.17 10:50:46.429,0.30453,0.30489,0.03,0.05
2012.01.17 10:50:51.331,0.30453,0.30486,0.03,0.03
2012.01.17 10:50:51.521,0.30453,0.30486,0.03,0.03
2012.01.17 10:50:52.055,0.30453,0.30489,0.03,0.03
2012.01.17 10:50:52.704,0.30453,0.30489,0.03,0.03
2012.01.17 10:50:52.926,0.30454,0.30491,0.03,0.03
2012.01.17 10:50:53.432,0.30454,0.30488,0.03,0.03
2012.01.17 10:50:53.553,0.30454,0.3049,0.03,0.03
2012.01.17 10:50:53.944,0.30454,0.30488,0.03,0.03
2012.01.17 10:50:54.522,0.30454,0.30496,0.03,0.04
2012.01.17 10:50:55.304,0.30454,0.30489,0.03,0.03
2012.01.17 10:50:55.841,0.30453,0.30496,0.03,0.02
2012.01.17 10:50:56.370,0.30453,0.30486,0.02,0.03
2012.01.17 10:50:56.670,0.30454,0.3049,0.03,0.03
2012.01.17 10:50:57.170,0.30454,0.30488,0.03,0.02
2012.01.17 10:50:58.000,0.30454,0.30485,0.02,0.03
2012.01.17 10:50:58.062,0.30451,0.30485,0.03,0.03
2012.01.17 10:50:58.837,0.30446,0.30486,0.03,0.03
2012.01.17 10:51:00.121,0.30447,0.30487,0.03,0.02
2012.01.17 10:51:03.587,0.30453,0.30487,0.03,0.02
2012.01.17 10:51:05.082,0.30453,0.30487,0.03,0.03
2012.01.17 10:51:05.632,0.30453,0.30487,0.03,0.02
2012.01.17 10:51:06.625,0.30454,0.30486,0.03,0.02
2012.01.17 10:51:07.812,0.30453,0.30487,0.03,0.02
2012.01.17 10:51:10.975,0.30454,0.30488,0.03,0.03
2012.01.17 10:51:12.810,0.30454,0.30488,0.03,0.02
2012.01.17 10:51:14.240,0.30453,0.30487,0.02,0.02
2012.01.17 10:51:20.434,0.30453,0.30493,0.03,0.03
2012.01.17 10:51:20.824,0.30454,0.30486,0.02,0.03
2012.01.17 10:51:26.652,0.30453,0.30489,0.05,0.05
2012.01.17 10:51:27.280,0.30453,0.30489,0.03,0.03
2012.01.17 10:51:29.062,0.30453,0.30491,0.03,0.03
2012.01.17 10:51:31.502,0.30454,0.30487,0.02,0.03
2012.01.17 10:51:32.008,0.30454,0.30489,0.02,0.03
2012.01.17 10:51:32.402,0.30454,0.30495,0.05,0.03
2012.01.17 10:51:33.392,0.30454,0.30495,0.03,0.03
2012.01.17 10:51:33.713,0.30464,0.30498,0.03,0.03
2012.01.17 10:51:34.064,0.30464,0.30497,0.03,0.03
2012.01.17 10:51:36.980,0.30464,0.305,0.05,0.03
2012.01.17 10:51:37.382,0.30464,0.30499,0.03,0.03
2012.01.17 10:51:38.384,0.30464,0.30499,0.03,0.03
2012.01.17 10:51:39.013,0.30464,0.30496,0.02,0.02
2012.01.17 10:51:40.012,0.30464,0.305,0.03,0.05
2012.01.17 10:51:40.228,0.30463,0.305,0.03,0.02
2012.01.17 10:51:42.052,0.30463,0.30499,0.03,0.03
2012.01.17 10:51:42.492,0.30463,0.30497,0.03,0.02
2012.01.17 10:51:43.209,0.30464,0.30496,0.03,0.03
2012.01.17 10:51:48.762,0.30464,0.30495,0.03,0.03
2012.01.17 10:51:49.732,0.30464,0.30496,0.03,0.02
2012.01.17 10:51:50.501,0.30464,0.30498,0.03,0.03
2012.01.17 10:51:51.325,0.30463,0.305,0.03,0.03
2012.01.17 10:52:04.430,0.30464,0.30501,0.03,0.03
2012.01.17 10:52:11.232,0.30469,0.305,0.03,0.03
2012.01.17 10:52:11.290,0.3047,0.30502,0.03,0.03
2012.01.17 10:52:11.470,0.30473,0.30507,0.03,0.02
2012.01.17 10:52:12.182,0.30473,0.30507,0.03,0.02
2012.01.17 10:52:13.360,0.30473,0.30509,0.03,0.03
2012.01.17 10:52:16.540,0.30474,0.30511,0.03,0.03
2012.01.17 10:52:18.352,0.30477,0.30513,0.03,0.03
2012.01.17 10:52:18.935,0.30476,0.30514,0.03,0.03
2012.01.17 10:52:19.654,0.30476,0.30514,0.03,0.03
2012.01.17 10:52:21.276,0.30476,0.30512,0.03,0.03
2012.01.17 10:52:21.668,0.30476,0.30514,0.03,0.03
2012.01.17 10:52:21.986,0.30476,0.30512,0.03,0.03
2012.01.17 10:52:22.582,0.30473,0.30508,0.03,0.03
2012.01.17 10:52:23.275,0.30474,0.30508,0.03,0.05
2012.01.17 10:52:24.420,0.30471,0.30502,0.03,0.03
2012.01.17 10:52:24.553,0.30473,0.30506,0.03,0.03
2012.01.17 10:52:27.762,0.30473,0.30507,0.03,0.02
2012.01.17 10:52:27.943,0.30464,0.30506,0.03,0.04
2012.01.17 10:52:30.301,0.30465,0.30507,0.02,0.02
2012.01.17 10:52:30.601,0.30464,0.30507,0.03,0.02
2012.01.17 10:52:31.422,0.30474,0.30506,0.02,0.02
2012.01.17 10:52:31.969,0.30474,0.30505,0.03,0.03
2012.01.17 10:52:32.031,0.30473,0.30507,0.03,0.02
2012.01.17 10:52:32.667,0.30473,0.30506,0.03,0.03
2012.01.17 10:52:37.990,0.30473,0.30507,0.03,0.02
2012.01.17 10:52:38.532,0.30464,0.30503,0.03,0.03
2012.01.17 10:52:40.570,0.30468,0.30509,0.03,0.03
2012.01.17 10:52:41.119,0.30474,0.30509,0.03,0.02
2012.01.17 10:52:44.372,0.30474,0.30506,0.03,0.02
2012.01.17 10:52:45.177,0.30474,0.30508,0.03,0.03
2012.01.17 10:52:45.463,0.30474,0.30509,0.03,0.02
2012.01.17 10:52:45.711,0.3047,0.30501,0.03,0.03
2012.01.17 10:52:54.478,0.30473,0.30504,0.02,0.03
2012.01.17 10:52:55.012,0.30474,0.3051,0.03,0.03
2012.01.17 10:52:55.075,0.30474,0.30512,0.03,0.03
2012.01.17 10:52:55.382,0.30473,0.30506,0.02,0.03
2012.01.17 10:52:55.931,0.30473,0.30513,0.07,0.03
2012.01.17 10:52:58.322,0.30474,0.3051,0.03,0.03
2012.01.17 10:52:58.765,0.30475,0.30517,0.02,0.02
2012.01.17 10:53:01.710,0.30483,0.30516,0.03,0.03
2012.01.17 10:53:01.887,0.30484,0.30516,0.03,0.02
2012.01.17 10:53:02.425,0.30484,0.30514,0.03,0.03
2012.01.17 10:53:03.591,0.30483,0.30516,0.03,0.03
2012.01.17 10:53:04.171,0.30483,0.30514,0.02,0.03
2012.01.17 10:53:04.248,0.30483,0.30514,0.03,0.03
2012.01.17 10:53:05.190,0.30484,0.30516,0.03,0.02
2012.01.17 10:53:10.670,0.3048,0.3051,0.02,0.03
2012.01.17 10:53:11.111,0.30483,0.30513,0.02,0.03
2012.01.17 10:53:11.330,0.30484,0.30516,0.03,0.02
2012.01.17 10:53:11.760,0.30482,0.30513,0.03,0.03
2012.01.17 10:53:13.232,0.30482,0.30513,0.03,0.03
2012.01.17 10:53:14.036,0.30483,0.30513,0.03,0.03
2012.01.17 10:53:14.707,0.30484,0.30515,0.02,0.03
2012.01.17 10:53:16.630,0.30484,0.30516,0.03,0.02
2012.01.17 10:53:19.454,0.30484,0.30518,0.03,0.03
2012.01.17 10:53:19.510,0.3048,0.30511,0.03,0.03
2012.01.17 10:53:19.879,0.30478,0.30508,0.02,0.03
2012.01.17 10:53:19.943,0.30483,0.30514,0.03,0.03
2012.01.17 10:53:20.512,0.30483,0.30516,0.03,0.03
2012.01.17 10:53:21.097,0.30484,0.30515,0.03,0.03
2012.01.17 10:53:21.521,0.30484,0.30519,0.03,0.03
2012.01.17 10:53:23.223,0.30471,0.30501,0.02,0.03
2012.01.17 10:53:23.281,0.30482,0.30513,0.03,0.03
2012.01.17 10:53:23.977,0.30474,0.30513,0.03,0.03
2012.01.17 10:53:24.928,0.30474,0.30512,0.03,0.03
2012.01.17 10:53:27.247,0.30474,0.30511,0.03,0.03
2012.01.17 10:53:33.784,0.30473,0.3051,0.03,0.03
2012.01.17 10:53:36.163,0.30466,0.30506,0.03,0.04
2012.01.17 10:53:36.222,0.30466,0.30497,0.02,0.03
2012.01.17 10:53:36.823,0.30465,0.30505,0.03,0.03
2012.01.17 10:53:37.455,0.30465,0.30496,0.02,0.03
2012.01.17 10:53:37.691,0.30463,0.30502,0.03,0.03
2012.01.17 10:53:41.259,0.30464,0.30502,0.03,0.03
2012.01.17 10:53:41.800,0.30464,0.30503,0.03,0.03
2012.01.17 10:53:42.538,0.30473,0.30504,0.03,0.03
2012.01.17 10:53:42.600,0.30473,0.30504,0.03,0.03
2012.01.17 10:53:43.791,0.30473,0.30506,0.03,0.03
2012.01.17 10:53:53.282,0.30474,0.30506,0.03,0.03
2012.01.17 10:53:57.392,0.30473,0.30506,0.03,0.03
2012.01.17 10:53:57.584,0.30473,0.30507,0.03,0.02
2012.01.17 10:53:58.182,0.30473,0.30507,0.03,0.03
2012.01.17 10:53:59.030,0.30473,0.30507,0.03,0.02
2012.01.17 10:53:59.782,0.30474,0.30506,0.03,0.04
2012.01.17 10:54:00.544,0.30474,0.30506,0.03,0.02
2012.01.17 10:54:03.843,0.30464,0.30498,0.03,0.03
2012.01.17 10:54:05.561,0.30455,0.30486,0.03,0.03
2012.01.17 10:54:05.787,0.30453,0.3049,0.03,0.03
2012.01.17 10:54:06.701,0.30454,0.3049,0.03,0.03
2012.01.17 10:54:07.254,0.30453,0.30487,0.02,0.02
2012.01.17 10:54:07.324,0.30453,0.30489,0.03,0.03
2012.01.17 10:54:15.001,0.30453,0.30491,0.03,0.02
2012.01.17 10:54:17.273,0.30454,0.30487,0.03,0.03
2012.01.17 10:54:17.410,0.3045,0.3048,0.02,0.03
2012.01.17 10:54:17.745,0.30446,0.30484,0.03,0.03
2012.01.17 10:54:23.641,0.30446,0.30486,0.05,0.03
2012.01.17 10:54:26.311,0.30454,0.30486,0.03,0.02
2012.01.17 10:54:26.457,0.30454,0.30488,0.03,0.02
2012.01.17 10:54:28.521,0.30453,0.30484,0.02,0.03
2012.01.17 10:54:28.860,0.30453,0.30486,0.03,0.03
2012.01.17 10:54:39.711,0.30445,0.30479,0.04,0.03
2012.01.17 10:54:39.830,0.30445,0.30485,0.03,0.03
2012.01.17 10:54:40.530,0.30445,0.30486,0.03,0.04
2012.01.17 10:54:40.742,0.30443,0.30482,0.03,0.03
2012.01.17 10:54:47.411,0.30443,0.3048,0.03,0.03
2012.01.17 10:54:50.366,0.30443,0.3048,0.03,0.02
2012.01.17 10:54:50.633,0.30445,0.30485,0.03,0.03
2012.01.17 10:54:54.151,0.3045,0.3049,0.03,0.03
2012.01.17 10:54:54.212,0.30453,0.30484,0.02,0.03
2012.01.17 10:54:54.330,0.30451,0.30481,0.02,0.03
2012.01.17 10:54:54.393,0.30453,0.30487,0.03,0.02
2012.01.17 10:54:57.351,0.30445,0.30487,0.02,0.02
2012.01.17 10:55:05.411,0.30446,0.30484,0.03,0.03
2012.01.17 10:55:05.621,0.30445,0.30486,0.02,0.02
2012.01.17 10:55:06.620,0.30453,0.30487,0.03,0.02
2012.01.17 10:55:08.071,0.30453,0.3049,0.03,0.03
2012.01.17 10:55:08.613,0.3045,0.30481,0.03,0.03
2012.01.17 10:55:08.711,0.30454,0.30486,0.03,0.02
2012.01.17 10:55:16.590,0.30453,0.30487,0.03,0.02
2012.01.17 10:55:16.797,0.30453,0.30489,0.03,0.03
2012.01.17 10:55:24.251,0.30454,0.30485,0.02,0.03
2012.01.17 10:55:24.312,0.30454,0.30486,0.03,0.02
2012.01.17 10:55:38.370,0.30454,0.30487,0.03,0.03
2012.01.17 10:56:09.341,0.30454,0.30488,0.03,0.03
2012.01.17 10:56:09.939,0.30454,0.30488,0.03,0.03
2012.01.17 10:56:11.940,0.30454,0.30485,0.03,0.03
2012.01.17 10:56:12.262,0.30447,0.30485,0.03,0.03
2012.01.17 10:56:15.990,0.30447,0.30486,0.03,0.02
2012.01.17 10:56:20.979,0.30447,0.30485,0.03,0.03
2012.01.17 10:56:21.487,0.30454,0.30485,0.03,0.03
2012.01.17 10:56:23.261,0.30454,0.30486,0.03,0.02
2012.01.17 10:56:24.800,0.30453,0.30487,0.03,0.03
2012.01.17 10:56:26.451,0.30453,0.30487,0.03,0.03
2012.01.17 10:56:27.619,0.30447,0.30485,0.03,0.03
2012.01.17 10:56:27.965,0.30446,0.3048,0.03,0.03
2012.01.17 10:56:30.030,0.30444,0.30482,0.05,0.03
2012.01.17 10:56:30.611,0.30446,0.30486,0.03,0.03
2012.01.17 10:56:53.787,0.30446,0.30486,0.05,0.02
2012.01.17 10:56:54.031,0.30454,0.30486,0.03,0.02
2012.01.17 10:56:56.821,0.30454,0.30487,0.03,0.03
2012.01.17 10:56:59.240,0.30454,0.30486,0.03,0.02
2012.01.17 10:57:08.922,0.30453,0.30489,0.03,0.03
2012.01.17 10:57:09.112,0.30454,0.30486,0.03,0.03
2012.01.17 10:57:10.081,0.30454,0.30484,0.03,0.03
2012.01.17 10:57:17.902,0.30446,0.30486,0.03,0.02
2012.01.17 10:57:18.121,0.30454,0.30489,0.03,0.03
2012.01.17 10:57:18.300,0.30453,0.30486,0.03,0.03
2012.01.17 10:57:18.564,0.30448,0.30484,0.03,0.03
2012.01.17 10:57:19.112,0.30448,0.30482,0.03,0.03
2012.01.17 10:57:19.453,0.30444,0.30475,0.02,0.03
2012.01.17 10:57:19.719,0.30444,0.30479,0.03,0.02
2012.01.17 10:57:20.942,0.30444,0.30478,0.03,0.03
2012.01.17 10:57:21.509,0.30443,0.30477,0.03,0.02
2012.01.17 10:57:23.691,0.30444,0.30481,0.03,0.03
2012.01.17 10:57:24.272,0.30443,0.30483,0.05,0.03
2012.01.17 10:57:24.333,0.30443,0.30483,0.07,0.03
2012.01.17 10:57:24.838,0.30443,0.30483,0.05,0.03
2012.01.17 10:57:26.114,0.30443,0.30481,0.05,0.03
2012.01.17 10:57:29.495,0.30443,0.30477,0.03,0.02
2012.01.17 10:57:32.119,0.30437,0.30467,0.02,0.02
2012.01.17 10:57:32.494,0.30433,0.30467,0.04,0.05
2012.01.17 10:57:33.611,0.3044,0.3048,0.02,0.02
2012.01.17 10:57:33.671,0.3044,0.3048,0.02,0.03
2012.01.17 10:57:33.851,0.30442,0.30482,0.03,0.03
2012.01.17 10:57:34.380,0.30446,0.30481,0.02,0.03
2012.01.17 10:57:34.868,0.30444,0.30486,0.04,0.02
2012.01.17 10:57:36.309,0.30444,0.30481,0.03,0.03
2012.01.17 10:57:36.941,0.30443,0.30481,0.03,0.05
2012.01.17 10:57:37.002,0.30443,0.30481,0.03,0.03
2012.01.17 10:57:37.167,0.30435,0.30473,0.03,0.03
2012.01.17 10:57:37.930,0.30435,0.30476,0.03,0.02
2012.01.17 10:57:38.792,0.30444,0.30476,0.03,0.02
2012.01.17 10:57:39.199,0.30444,0.30479,0.03,0.02
2012.01.17 10:57:39.629,0.30443,0.30482,0.03,0.03
2012.01.17 10:57:40.012,0.30445,0.30485,0.05,0.03
2012.01.17 10:57:40.659,0.30453,0.30486,0.03,0.03
2012.01.17 10:57:40.781,0.30444,0.30484,0.03,0.03
2012.01.17 10:57:41.353,0.30453,0.30486,0.02,0.03
2012.01.17 10:57:41.671,0.30454,0.30496,0.03,0.06
2012.01.17 10:57:44.421,0.30451,0.30485,0.04,0.03
2012.01.17 10:57:44.513,0.30445,0.30475,0.02,0.03
2012.01.17 10:57:44.674,0.30445,0.30487,0.02,0.05
2012.01.17 10:57:44.878,0.30443,0.30481,0.03,0.03
2012.01.17 10:57:45.131,0.30443,0.30478,0.03,0.03
2012.01.17 10:57:56.414,0.30444,0.30483,0.03,0.03
2012.01.17 10:57:56.472,0.30444,0.30479,0.02,0.03
2012.01.17 10:57:59.452,0.30444,0.30485,0.03,0.03
2012.01.17 10:58:03.691,0.30453,0.30487,0.03,0.02
2012.01.17 10:58:04.354,0.30453,0.30487,0.03,0.02
2012.01.17 10:58:16.261,0.30453,0.30487,0.03,0.02
2012.01.17 10:58:18.663,0.30446,0.30484,0.03,0.03
2012.01.17 10:58:19.432,0.30446,0.30484,0.03,0.03
2012.01.17 10:58:20.602,0.30446,0.30487,0.03,0.02
2012.01.17 10:58:27.600,0.30453,0.30489,0.03,0.02
2012.01.17 10:58:29.303,0.30454,0.30485,0.02,0.03
2012.01.17 10:58:29.361,0.30454,0.30493,0.03,0.03
2012.01.17 10:58:29.878,0.30454,0.30493,0.03,0.03
2012.01.17 10:58:31.634,0.30453,0.30497,0.05,0.06
2012.01.17 10:58:34.742,0.30453,0.30493,0.05,0.03
2012.01.17 10:58:36.575,0.30452,0.30483,0.03,0.03
2012.01.17 10:58:36.641,0.30454,0.3049,0.03,0.03
2012.01.17 10:58:42.040,0.30454,0.30489,0.03,0.02
2012.01.17 10:58:43.782,0.30454,0.3049,0.03,0.02
2012.01.17 10:58:46.612,0.30454,0.30488,0.03,0.02
2012.01.17 10:58:52.191,0.30454,0.30489,0.03,0.02
2012.01.17 10:59:03.110,0.30454,0.30488,0.03,0.02
2012.01.17 10:59:13.700,0.30454,0.3049,0.03,0.02
2012.01.17 10:59:14.271,0.30454,0.30489,0.03,0.02
2012.01.17 10:59:14.987,0.30453,0.30487,0.02,0.02
2012.01.17 10:59:15.660,0.30454,0.30486,0.02,0.02
2012.01.17 10:59:16.328,0.30454,0.30486,0.02,0.02
2012.01.17 10:59:17.873,0.30454,0.3049,0.03,0.03
2012.01.17 10:59:20.572,0.30453,0.30491,0.03,0.03
2012.01.17 10:59:20.816,0.30453,0.30492,0.03,0.03
2012.01.17 10:59:21.329,0.30454,0.3049,0.03,0.03
2012.01.17 10:59:23.353,0.30452,0.30483,0.03,0.03
2012.01.17 10:59:30.097,0.30453,0.30488,0.03,0.03
2012.01.17 10:59:31.161,0.30449,0.30479,0.02,0.03
2012.01.17 10:59:31.293,0.30451,0.30481,0.02,0.03
2012.01.17 10:59:31.353,0.30448,0.30478,0.02,0.03
2012.01.17 10:59:31.993,0.30454,0.30486,0.03,0.02
2012.01.17 10:59:33.687,0.30451,0.30482,0.03,0.03
2012.01.17 10:59:33.754,0.30444,0.30482,0.03,0.03
2012.01.17 10:59:35.716,0.30443,0.30477,0.02,0.02
2012.01.17 10:59:36.259,0.30442,0.30473,0.03,0.03
2012.01.17 10:59:36.998,0.30443,0.3048,0.03,0.03
2012.01.17 10:59:37.402,0.30444,0.30476,0.02,0.03
2012.01.17 10:59:39.149,0.30444,0.3048,0.03,0.03
2012.01.17 10:59:39.904,0.30444,0.3048,0.03,0.05
2012.01.17 10:59:43.992,0.30445,0.30479,0.03,0.03
2012.01.17 10:59:45.701,0.30445,0.30483,0.03,0.03
