2012.07.02 12:00:00.678,0.27295,0.27332,0.02,0.05
2012.07.02 12:00:01.119,0.273,0.27336,0.02,0.05
2012.07.02 12:00:01.458,0.273,0.27338,0.02,0.03
2012.07.02 12:00:02.608,0.27304,0.27341,0.03,0.03
2012.07.02 12:00:06.788,0.27304,0.27339,0.03,0.02
2012.07.02 12:00:07.009,0.27304,0.27341,0.03,0.02
2012.07.02 12:00:08.674,0.27303,0.27341,0.05,0.03
2012.07.02 12:00:08.939,0.27303,0.27337,0.03,0.05
2012.07.02 12:00:09.867,0.27303,0.27337,0.03,0.05
2012.07.02 12:00:28.000,0.27304,0.27341,0.03,0.02
2012.07.02 12:00:28.081,0.27304,0.2734,0.03,0.02
2012.07.02 12:00:31.851,0.27301,0.27334,0.02,0.02
2012.07.02 12:00:31.978,0.27303,0.27337,0.03,0.02
2012.07.02 12:00:32.108,0.27295,0.27333,0.04,0.02
2012.07.02 12:00:32.956,0.273,0.27332,0.05,0.02
2012.07.02 12:00:34.167,0.27294,0.27335,0.02,0.02
2012.07.02 12:00:34.988,0.2729,0.2733,0.04,0.03
2012.07.02 12:00:36.800,0.27295,0.2733,0.02,0.02
2012.07.02 12:00:38.239,0.27293,0.27329,0.03,0.02
2012.07.02 12:00:40.147,0.27289,0.27327,0.03,0.02
2012.07.02 12:00:40.658,0.27293,0.27327,0.03,0.04
2012.07.02 12:00:42.239,0.27294,0.27329,0.02,0.03
2012.07.02 12:00:42.977,0.27294,0.2733,0.03,0.02
2012.07.02 12:00:51.008,0.27288,0.27326,0.02,0.02
2012.07.02 12:01:00.347,0.27294,0.27326,0.03,0.03
2012.07.02 12:01:00.566,0.27293,0.27326,0.03,0.02
2012.07.02 12:01:09.286,0.27295,0.2733,0.02,0.02
2012.07.02 12:01:09.498,0.27295,0.27331,0.02,0.02
2012.07.02 12:01:10.398,0.27295,0.27331,0.02,0.03
2012.07.02 12:01:12.229,0.27295,0.27336,0.02,0.05
2012.07.02 12:01:12.517,0.27301,0.27335,0.05,0.04
2012.07.02 12:01:12.788,0.27301,0.27336,0.05,0.04
2012.07.02 12:01:12.998,0.27304,0.27336,0.03,0.04
2012.07.02 12:01:14.559,0.27304,0.27338,0.03,0.02
2012.07.02 12:01:15.208,0.27303,0.2734,0.03,0.03
2012.07.02 12:01:16.335,0.273,0.27336,0.05,0.02
2012.07.02 12:01:17.506,0.27298,0.27338,0.02,0.02
2012.07.02 12:01:19.596,0.27298,0.27335,0.02,0.02
2012.07.02 12:01:20.270,0.27297,0.27332,0.02,0.02
2012.07.02 12:01:20.418,0.27296,0.27331,0.02,0.02
2012.07.02 12:01:24.217,0.27295,0.27331,0.02,0.02
2012.07.02 12:01:24.617,0.27293,0.27325,0.03,0.02
2012.07.02 12:01:25.164,0.27293,0.27327,0.03,0.04
2012.07.02 12:01:25.908,0.27288,0.27324,0.02,0.02
2012.07.02 12:01:26.127,0.27289,0.27326,0.02,0.03
2012.07.02 12:01:31.738,0.27291,0.27323,0.05,0.02
2012.07.02 12:01:34.006,0.27291,0.27325,0.05,0.02
2012.07.02 12:01:44.538,0.27293,0.27327,0.03,0.04
2012.07.02 12:01:48.538,0.27293,0.27327,0.03,0.04
2012.07.02 12:01:51.338,0.27293,0.27327,0.03,0.02
2012.07.02 12:01:51.458,0.27294,0.27331,0.02,0.02
2012.07.02 12:01:52.109,0.27294,0.2733,0.03,0.02
2012.07.02 12:01:56.319,0.27294,0.27329,0.03,0.02
2012.07.02 12:01:56.379,0.27295,0.27331,0.02,0.02
2012.07.02 12:01:59.265,0.27295,0.2733,0.02,0.02
2012.07.02 12:01:59.879,0.27297,0.27333,0.02,0.02
2012.07.02 12:02:00.320,0.27295,0.27331,0.02,0.02
2012.07.02 12:02:00.884,0.27294,0.27329,0.02,0.02
2012.07.02 12:02:02.968,0.27295,0.27332,0.02,0.02
2012.07.02 12:02:03.648,0.27294,0.27331,0.02,0.02
2012.07.02 12:02:07.198,0.27293,0.27328,0.05,0.02
2012.07.02 12:02:08.238,0.27294,0.27331,0.03,0.02
2012.07.02 12:02:08.818,0.27294,0.27329,0.03,0.02
2012.07.02 12:02:11.419,0.27295,0.27331,0.02,0.02
2012.07.02 12:02:11.790,0.27294,0.27329,0.03,0.02
2012.07.02 12:02:12.329,0.27294,0.27331,0.03,0.02
2012.07.02 12:02:13.139,0.27294,0.27329,0.03,0.02
2012.07.02 12:02:13.928,0.27294,0.27329,0.03,0.02
2012.07.02 12:02:26.269,0.27295,0.27331,0.02,0.02
2012.07.02 12:02:26.468,0.27294,0.27329,0.03,0.02
2012.07.02 12:02:32.748,0.27295,0.27331,0.02,0.02
2012.07.02 12:02:38.425,0.27295,0.27331,0.02,0.02
2012.07.02 12:02:38.759,0.27296,0.27333,0.02,0.02
2012.07.02 12:02:39.251,0.27298,0.27335,0.02,0.02
2012.07.02 12:02:41.834,0.27294,0.27334,0.05,0.02
2012.07.02 12:02:41.898,0.27298,0.2733,0.05,0.02
2012.07.02 12:02:42.543,0.27294,0.2733,0.02,0.02
2012.07.02 12:02:44.389,0.27293,0.27326,0.03,0.02
2012.07.02 12:02:52.140,0.27293,0.27327,0.03,0.04
2012.07.02 12:02:52.658,0.27293,0.27328,0.03,0.02
2012.07.02 12:02:54.639,0.27293,0.27327,0.03,0.02
2012.07.02 12:02:58.388,0.27294,0.27326,0.03,0.05
2012.07.02 12:02:58.591,0.27294,0.27328,0.03,0.02
2012.07.02 12:03:06.208,0.27298,0.27333,0.02,0.02
2012.07.02 12:03:06.538,0.27294,0.27331,0.02,0.02
2012.07.02 12:03:09.139,0.27296,0.27333,0.02,0.02
2012.07.02 12:03:09.603,0.27296,0.27332,0.02,0.02
2012.07.02 12:03:10.989,0.27298,0.27335,0.02,0.02
2012.07.02 12:03:11.446,0.27297,0.27333,0.02,0.02
2012.07.02 12:03:24.248,0.27297,0.27336,0.02,0.02
2012.07.02 12:03:24.368,0.27298,0.27335,0.02,0.02
2012.07.02 12:03:28.299,0.27301,0.27337,0.05,0.03
2012.07.02 12:03:28.987,0.27301,0.27335,0.05,0.02
2012.07.02 12:03:30.590,0.27301,0.27337,0.05,0.03
2012.07.02 12:03:42.462,0.27301,0.27334,0.05,0.02
2012.07.02 12:03:45.052,0.27295,0.27332,0.02,0.02
2012.07.02 12:03:45.178,0.27295,0.27332,0.02,0.02
2012.07.02 12:04:04.183,0.27296,0.27337,0.03,0.05
2012.07.02 12:04:04.308,0.27298,0.27333,0.02,0.02
2012.07.02 12:04:22.003,0.27296,0.27332,0.02,0.02
2012.07.02 12:04:22.068,0.27295,0.27331,0.02,0.02
2012.07.02 12:04:22.609,0.27294,0.27329,0.03,0.02
2012.07.02 12:04:23.828,0.27295,0.2733,0.02,0.02
2012.07.02 12:04:25.558,0.27295,0.27331,0.02,0.02
2012.07.02 12:04:26.088,0.27296,0.27333,0.02,0.02
2012.07.02 12:04:43.152,0.27295,0.27332,0.02,0.02
2012.07.02 12:04:43.278,0.27298,0.27334,0.02,0.02
2012.07.02 12:04:43.698,0.27301,0.27337,0.02,0.03
2012.07.02 12:04:46.991,0.273,0.27336,0.02,0.04
2012.07.02 12:04:48.980,0.27302,0.27337,0.02,0.02
2012.07.02 12:04:56.370,0.27299,0.27336,0.02,0.03
2012.07.02 12:04:59.261,0.27301,0.27336,0.02,0.02
2012.07.02 12:04:59.761,0.273,0.27335,0.02,0.02
2012.07.02 12:05:01.609,0.27301,0.27336,0.02,0.02
2012.07.02 12:05:02.182,0.27303,0.27337,0.03,0.03
2012.07.02 12:05:02.819,0.27303,0.27336,0.03,0.02
2012.07.02 12:05:06.085,0.27303,0.27337,0.03,0.04
2012.07.02 12:05:07.890,0.27303,0.27339,0.03,0.02
2012.07.02 12:05:13.079,0.27296,0.27336,0.02,0.03
2012.07.02 12:05:13.149,0.27298,0.27331,0.05,0.02
2012.07.02 12:05:13.669,0.27296,0.27329,0.05,0.02
2012.07.02 12:05:13.930,0.27294,0.27329,0.03,0.02
2012.07.02 12:05:18.838,0.27294,0.27331,0.03,0.02
2012.07.02 12:05:23.084,0.27294,0.2733,0.03,0.02
2012.07.02 12:05:23.888,0.27294,0.27329,0.03,0.02
2012.07.02 12:05:43.079,0.27294,0.27326,0.03,0.03
2012.07.02 12:05:43.149,0.27291,0.27326,0.05,0.03
2012.07.02 12:05:43.269,0.27294,0.27324,0.03,0.02
2012.07.02 12:05:47.159,0.27288,0.27323,0.02,0.02
2012.07.02 12:05:47.219,0.27286,0.27323,0.02,0.02
2012.07.02 12:05:50.458,0.27284,0.27321,0.05,0.02
2012.07.02 12:05:52.062,0.27283,0.2732,0.04,0.02
2012.07.02 12:05:52.190,0.27281,0.27315,0.05,0.02
2012.07.02 12:05:52.859,0.27278,0.27314,0.02,0.02
2012.07.02 12:05:52.999,0.2728,0.27316,0.02,0.02
2012.07.02 12:05:53.694,0.27282,0.27318,0.02,0.03
2012.07.02 12:05:53.759,0.27281,0.27316,0.02,0.02
2012.07.02 12:05:55.614,0.27283,0.27319,0.02,0.02
2012.07.02 12:05:56.809,0.27283,0.27316,0.02,0.02
2012.07.02 12:05:57.069,0.27285,0.27322,0.02,0.02
2012.07.02 12:05:58.115,0.27285,0.27321,0.02,0.02
2012.07.02 12:06:00.599,0.27288,0.27324,0.02,0.02
2012.07.02 12:06:04.829,0.27288,0.27324,0.02,0.02
2012.07.02 12:06:07.940,0.27289,0.27322,0.05,0.02
2012.07.02 12:06:11.748,0.27291,0.27324,0.05,0.02
2012.07.02 12:06:17.787,0.27289,0.27322,0.05,0.02
2012.07.02 12:06:19.870,0.27284,0.2732,0.05,0.02
2012.07.02 12:06:20.180,0.27283,0.27318,0.05,0.02
2012.07.02 12:06:20.703,0.27283,0.27317,0.05,0.02
2012.07.02 12:06:20.769,0.27283,0.27318,0.05,0.02
2012.07.02 12:06:21.129,0.27283,0.27317,0.03,0.02
2012.07.02 12:06:21.470,0.27283,0.27319,0.03,0.02
2012.07.02 12:06:22.211,0.27283,0.27317,0.03,0.02
2012.07.02 12:06:23.239,0.27281,0.27315,0.04,0.02
2012.07.02 12:06:25.880,0.27281,0.27317,0.02,0.02
2012.07.02 12:06:26.071,0.27278,0.27315,0.02,0.02
2012.07.02 12:06:32.442,0.27281,0.27316,0.02,0.02
2012.07.02 12:06:32.838,0.27276,0.27313,0.02,0.02
2012.07.02 12:06:33.508,0.2728,0.27314,0.05,0.02
2012.07.02 12:06:34.238,0.2728,0.27316,0.02,0.02
2012.07.02 12:06:35.499,0.27282,0.27317,0.02,0.02
2012.07.02 12:06:37.811,0.27284,0.27317,0.03,0.02
2012.07.02 12:06:42.637,0.27284,0.27318,0.03,0.02
2012.07.02 12:06:44.573,0.27284,0.27323,0.03,0.02
2012.07.02 12:06:44.639,0.27288,0.27325,0.02,0.02
2012.07.02 12:06:44.899,0.27287,0.27323,0.02,0.02
2012.07.02 12:06:49.877,0.27291,0.27323,0.05,0.02
2012.07.02 12:06:57.089,0.27287,0.27321,0.05,0.02
2012.07.02 12:06:57.149,0.27284,0.27321,0.02,0.02
2012.07.02 12:06:57.409,0.27283,0.27319,0.05,0.02
2012.07.02 12:07:00.779,0.27283,0.27315,0.03,0.02
2012.07.02 12:07:01.050,0.27276,0.27314,0.02,0.02
2012.07.02 12:07:01.759,0.27278,0.27315,0.02,0.02
2012.07.02 12:07:03.612,0.27281,0.27316,0.02,0.02
2012.07.02 12:07:04.170,0.27279,0.27315,0.02,0.02
2012.07.02 12:07:09.379,0.2728,0.27317,0.02,0.04
2012.07.02 12:07:14.262,0.27279,0.27315,0.02,0.02
2012.07.02 12:07:17.678,0.27279,0.27317,0.02,0.02
2012.07.02 12:07:28.231,0.27282,0.27318,0.02,0.03
2012.07.02 12:07:28.401,0.27283,0.27322,0.03,0.02
2012.07.02 12:07:36.450,0.2728,0.27318,0.06,0.02
2012.07.02 12:07:37.095,0.27284,0.27315,0.03,0.02
2012.07.02 12:07:37.970,0.27284,0.27322,0.03,0.02
2012.07.02 12:07:38.161,0.27284,0.27321,0.03,0.02
2012.07.02 12:07:38.679,0.27283,0.27323,0.05,0.02
2012.07.02 12:07:43.207,0.27283,0.27318,0.05,0.02
2012.07.02 12:07:43.749,0.27283,0.27316,0.05,0.02
2012.07.02 12:07:45.378,0.27284,0.27318,0.03,0.02
2012.07.02 12:07:51.138,0.2728,0.27315,0.05,0.02
2012.07.02 12:07:51.200,0.27276,0.27314,0.04,0.02
2012.07.02 12:07:51.259,0.2728,0.27311,0.05,0.02
2012.07.02 12:07:51.982,0.27276,0.27313,0.02,0.02
2012.07.02 12:07:52.108,0.27276,0.27316,0.03,0.04
2012.07.02 12:07:53.548,0.27281,0.27316,0.05,0.03
2012.07.02 12:08:21.704,0.27277,0.27313,0.02,0.02
2012.07.02 12:08:25.704,0.2728,0.27315,0.05,0.02
2012.07.02 12:08:31.738,0.27276,0.27313,0.03,0.02
2012.07.02 12:08:31.858,0.27275,0.27315,0.02,0.03
2012.07.02 12:08:32.179,0.27275,0.27316,0.02,0.05
2012.07.02 12:08:37.570,0.27275,0.27316,0.03,0.02
2012.07.02 12:08:37.628,0.27279,0.27314,0.02,0.02
2012.07.02 12:08:37.749,0.27276,0.27312,0.02,0.02
2012.07.02 12:08:38.284,0.2728,0.27316,0.05,0.05
2012.07.02 12:08:38.349,0.2728,0.27312,0.05,0.02
2012.07.02 12:08:38.729,0.2728,0.27313,0.05,0.03
2012.07.02 12:08:53.669,0.27274,0.27311,0.02,0.02
2012.07.02 12:08:55.700,0.27276,0.27312,0.02,0.03
2012.07.02 12:08:55.781,0.27276,0.27313,0.02,0.02
2012.07.02 12:08:56.609,0.2728,0.27316,0.05,0.03
2012.07.02 12:08:56.729,0.2728,0.27316,0.05,0.02
2012.07.02 12:08:57.269,0.27279,0.27318,0.02,0.02
2012.07.02 12:08:57.588,0.27277,0.27315,0.02,0.02
2012.07.02 12:08:58.381,0.2728,0.27315,0.02,0.02
2012.07.02 12:09:03.609,0.27284,0.27323,0.03,0.02
2012.07.02 12:09:04.240,0.27284,0.27318,0.03,0.02
2012.07.02 12:09:06.089,0.27283,0.2732,0.03,0.02
2012.07.02 12:09:06.819,0.27283,0.27318,0.03,0.02
2012.07.02 12:09:13.390,0.27284,0.27324,0.05,0.02
2012.07.02 12:09:13.782,0.27284,0.27323,0.05,0.02
2012.07.02 12:09:14.299,0.27284,0.2732,0.02,0.02
2012.07.02 12:09:15.102,0.27285,0.27326,0.03,0.02
2012.07.02 12:09:18.769,0.27284,0.27319,0.05,0.02
2012.07.02 12:09:19.939,0.27284,0.27322,0.05,0.02
2012.07.02 12:09:24.378,0.27285,0.2732,0.02,0.02
2012.07.02 12:09:28.779,0.27284,0.27318,0.05,0.02
2012.07.02 12:09:29.462,0.27284,0.27319,0.05,0.02
2012.07.02 12:09:30.868,0.27284,0.27318,0.05,0.02
2012.07.02 12:09:31.525,0.27284,0.27318,0.03,0.02
2012.07.02 12:09:31.779,0.27277,0.27313,0.02,0.02
2012.07.02 12:09:36.741,0.27277,0.27312,0.02,0.02
2012.07.02 12:09:37.497,0.27281,0.27312,0.05,0.02
2012.07.02 12:09:45.824,0.27278,0.27311,0.05,0.02
2012.07.02 12:09:46.398,0.27281,0.27313,0.05,0.02
2012.07.02 12:09:46.722,0.27278,0.2731,0.05,0.02
2012.07.02 12:09:46.871,0.27281,0.27313,0.05,0.02
2012.07.02 12:09:46.938,0.27278,0.2731,0.05,0.02
2012.07.02 12:09:47.052,0.27278,0.27312,0.05,0.02
2012.07.02 12:09:47.681,0.27279,0.27313,0.05,0.02
2012.07.02 12:09:50.220,0.27281,0.27317,0.05,0.03
2012.07.02 12:09:50.560,0.27284,0.2732,0.02,0.02
2012.07.02 12:09:51.087,0.27284,0.27319,0.03,0.02
2012.07.02 12:09:51.522,0.27283,0.27318,0.05,0.02
2012.07.02 12:09:51.589,0.27283,0.27318,0.05,0.02
2012.07.02 12:09:57.589,0.27284,0.27321,0.03,0.02
2012.07.02 12:09:57.834,0.27284,0.27321,0.02,0.02
2012.07.02 12:09:58.649,0.27284,0.2732,0.03,0.02
2012.07.02 12:09:58.838,0.27284,0.27321,0.03,0.02
2012.07.02 12:09:59.161,0.27284,0.27318,0.03,0.02
2012.07.02 12:09:59.521,0.27284,0.27317,0.05,0.02
2012.07.02 12:09:59.589,0.27284,0.2732,0.05,0.02
2012.07.02 12:10:00.378,0.27284,0.27323,0.05,0.02
2012.07.02 12:10:00.599,0.27285,0.27322,0.02,0.02
2012.07.02 12:10:02.403,0.2729,0.27323,0.05,0.02
2012.07.02 12:10:02.629,0.2729,0.27324,0.05,0.02
2012.07.02 12:10:03.359,0.27285,0.27321,0.02,0.02
2012.07.02 12:10:03.479,0.27287,0.27323,0.02,0.02
2012.07.02 12:10:03.900,0.27287,0.27321,0.02,0.02
2012.07.02 12:10:04.163,0.27284,0.27318,0.05,0.02
2012.07.02 12:10:04.668,0.27284,0.27318,0.05,0.02
2012.07.02 12:10:07.122,0.27284,0.2732,0.05,0.02
2012.07.02 12:10:12.523,0.27284,0.27318,0.05,0.02
2012.07.02 12:10:12.601,0.2728,0.27316,0.05,0.02
2012.07.02 12:10:15.399,0.2728,0.27317,0.05,0.03
2012.07.02 12:10:15.529,0.27284,0.27318,0.03,0.02
2012.07.02 12:10:15.599,0.27283,0.27315,0.03,0.02
2012.07.02 12:10:16.148,0.27284,0.27316,0.03,0.02
2012.07.02 12:10:16.940,0.27284,0.27316,0.03,0.02
2012.07.02 12:10:17.270,0.2728,0.27316,0.05,0.02
2012.07.02 12:10:17.989,0.27278,0.27314,0.02,0.02
2012.07.02 12:10:18.170,0.27275,0.27312,0.02,0.02
2012.07.02 12:10:18.231,0.2728,0.27316,0.02,0.07
2012.07.02 12:10:18.390,0.27281,0.27316,0.02,0.04
2012.07.02 12:10:20.789,0.27281,0.27318,0.02,0.02
2012.07.02 12:10:20.849,0.27284,0.27321,0.02,0.03
2012.07.02 12:10:21.199,0.27287,0.27322,0.02,0.02
2012.07.02 12:10:21.389,0.27288,0.27325,0.02,0.02
2012.07.02 12:10:21.509,0.27285,0.27322,0.02,0.02
2012.07.02 12:10:22.038,0.27285,0.27323,0.02,0.02
2012.07.02 12:10:23.785,0.2729,0.27324,0.05,0.02
2012.07.02 12:10:24.328,0.27287,0.27325,0.02,0.02
2012.07.02 12:10:24.960,0.27286,0.27322,0.02,0.02
2012.07.02 12:10:25.495,0.27287,0.2732,0.05,0.02
2012.07.02 12:10:25.559,0.2729,0.27322,0.05,0.02
2012.07.02 12:10:25.710,0.27287,0.2732,0.05,0.02
2012.07.02 12:10:26.372,0.2729,0.27321,0.05,0.02
2012.07.02 12:10:26.440,0.2729,0.27324,0.05,0.02
2012.07.02 12:10:26.510,0.27287,0.27319,0.05,0.02
2012.07.02 12:10:26.881,0.27281,0.27312,0.03,0.02
2012.07.02 12:10:27.208,0.27279,0.27311,0.05,0.02
2012.07.02 12:10:27.739,0.27281,0.27317,0.02,0.05
2012.07.02 12:10:27.829,0.27281,0.27317,0.02,0.03
2012.07.02 12:10:30.149,0.27281,0.27318,0.02,0.02
2012.07.02 12:10:30.269,0.2728,0.27316,0.05,0.03
2012.07.02 12:10:33.107,0.27281,0.2732,0.02,0.02
2012.07.02 12:10:33.719,0.27282,0.2732,0.02,0.02
2012.07.02 12:10:35.839,0.27283,0.27318,0.03,0.02
2012.07.02 12:10:39.157,0.27283,0.27318,0.03,0.02
2012.07.02 12:10:39.261,0.27283,0.27316,0.03,0.02
2012.07.02 12:10:40.999,0.2728,0.27317,0.05,0.02
2012.07.02 12:10:44.674,0.27284,0.27321,0.02,0.02
2012.07.02 12:10:44.740,0.27284,0.27321,0.02,0.02
2012.07.02 12:10:45.091,0.27283,0.27319,0.03,0.02
2012.07.02 12:10:45.828,0.27284,0.27322,0.05,0.02
2012.07.02 12:10:45.960,0.27285,0.27321,0.02,0.02
2012.07.02 12:10:50.339,0.27285,0.27324,0.02,0.02
2012.07.02 12:10:50.679,0.27287,0.27322,0.02,0.02
2012.07.02 12:10:54.799,0.27291,0.27327,0.05,0.03
2012.07.02 12:10:56.627,0.27291,0.27322,0.05,0.02
2012.07.02 12:11:02.287,0.27288,0.2732,0.05,0.02
2012.07.02 12:11:02.408,0.27291,0.27322,0.05,0.02
2012.07.02 12:11:02.529,0.27285,0.2732,0.02,0.02
2012.07.02 12:11:03.298,0.27287,0.2732,0.05,0.02
2012.07.02 12:11:03.365,0.27289,0.27322,0.05,0.02
2012.07.02 12:11:06.179,0.27284,0.27321,0.05,0.02
2012.07.02 12:11:06.624,0.27284,0.27317,0.05,0.02
2012.07.02 12:11:07.438,0.27284,0.27317,0.05,0.02
2012.07.02 12:11:07.687,0.27284,0.27317,0.05,0.02
2012.07.02 12:11:11.112,0.27283,0.27315,0.03,0.02
2012.07.02 12:11:11.319,0.27281,0.27316,0.05,0.02
2012.07.02 12:11:14.981,0.27279,0.27315,0.02,0.02
2012.07.02 12:11:17.588,0.27279,0.27316,0.02,0.02
2012.07.02 12:11:18.163,0.27279,0.27319,0.02,0.02
2012.07.02 12:11:18.229,0.2728,0.27317,0.02,0.02
2012.07.02 12:11:18.289,0.27278,0.27315,0.02,0.02
2012.07.02 12:11:18.954,0.27277,0.27314,0.03,0.02
2012.07.02 12:11:39.477,0.27277,0.27317,0.02,0.04
2012.07.02 12:11:39.806,0.27277,0.27314,0.02,0.02
2012.07.02 12:11:41.441,0.27275,0.27307,0.05,0.02
2012.07.02 12:11:41.589,0.27278,0.27311,0.05,0.02
2012.07.02 12:11:42.416,0.27278,0.27309,0.05,0.02
2012.07.02 12:11:42.957,0.27274,0.27309,0.03,0.02
2012.07.02 12:11:43.749,0.27274,0.27308,0.03,0.03
2012.07.02 12:11:44.001,0.27274,0.27306,0.03,0.02
2012.07.02 12:11:46.819,0.27274,0.2731,0.03,0.02
2012.07.02 12:11:47.006,0.27271,0.27309,0.02,0.02
2012.07.02 12:11:47.531,0.27274,0.2731,0.03,0.02
2012.07.02 12:11:47.839,0.27278,0.27315,0.02,0.02
2012.07.02 12:11:47.899,0.27278,0.27315,0.02,0.02
2012.07.02 12:11:48.489,0.27276,0.27313,0.02,0.02
2012.07.02 12:11:49.013,0.27281,0.27317,0.05,0.02
2012.07.02 12:11:50.359,0.27281,0.27315,0.05,0.02
2012.07.02 12:11:50.779,0.27278,0.27312,0.05,0.02
2012.07.02 12:11:51.749,0.27281,0.27313,0.05,0.02
2012.07.02 12:11:51.809,0.27278,0.27311,0.05,0.02
2012.07.02 12:11:52.476,0.27274,0.27311,0.02,0.02
2012.07.02 12:11:52.779,0.27273,0.27309,0.07,0.02
2012.07.02 12:11:54.706,0.27273,0.2731,0.05,0.02
2012.07.02 12:11:56.868,0.27275,0.2731,0.02,0.02
2012.07.02 12:11:57.049,0.27275,0.27313,0.02,0.02
2012.07.02 12:11:57.609,0.27275,0.27314,0.02,0.02
2012.07.02 12:11:58.923,0.2728,0.27312,0.05,0.02
2012.07.02 12:11:59.698,0.2728,0.27311,0.05,0.02
2012.07.02 12:11:59.929,0.2728,0.27313,0.05,0.02
2012.07.02 12:12:00.505,0.27276,0.27316,0.02,0.03
2012.07.02 12:12:03.190,0.27276,0.27314,0.02,0.02
2012.07.02 12:12:03.260,0.27275,0.2731,0.02,0.02
2012.07.02 12:12:08.119,0.27278,0.27312,0.05,0.02
2012.07.02 12:12:21.360,0.27281,0.27315,0.05,0.02
2012.07.02 12:12:22.003,0.27277,0.27314,0.02,0.02
2012.07.02 12:12:23.196,0.27277,0.27317,0.03,0.02
2012.07.02 12:12:23.319,0.27281,0.27319,0.02,0.02
2012.07.02 12:12:26.959,0.27281,0.27318,0.02,0.02
2012.07.02 12:12:27.289,0.27276,0.27316,0.02,0.03
2012.07.02 12:12:28.371,0.27277,0.27314,0.02,0.02
2012.07.02 12:12:34.469,0.2728,0.27316,0.02,0.04
2012.07.02 12:12:34.530,0.27284,0.27323,0.03,0.02
2012.07.02 12:12:34.600,0.27284,0.27319,0.03,0.02
2012.07.02 12:12:34.659,0.27284,0.27321,0.03,0.02
2012.07.02 12:12:35.341,0.27284,0.27319,0.03,0.02
2012.07.02 12:12:41.932,0.27284,0.27317,0.03,0.02
2012.07.02 12:12:44.721,0.27284,0.27319,0.03,0.02
2012.07.02 12:12:59.436,0.27277,0.27311,0.03,0.02
2012.07.02 12:13:05.873,0.27281,0.27312,0.03,0.02
2012.07.02 12:13:06.588,0.27278,0.2731,0.03,0.02
2012.07.02 12:13:07.514,0.27291,0.27325,0.05,0.02
2012.07.02 12:13:07.639,0.27279,0.27313,0.05,0.02
2012.07.02 12:13:11.809,0.27277,0.27311,0.05,0.02
2012.07.02 12:13:11.929,0.27278,0.27313,0.07,0.02
2012.07.02 12:13:12.086,0.27291,0.27327,0.05,0.05
2012.07.02 12:13:12.610,0.27281,0.27315,0.08,0.02
2012.07.02 12:13:12.675,0.27281,0.27311,0.08,0.02
2012.07.02 12:13:13.453,0.27281,0.27314,0.08,0.02
2012.07.02 12:13:13.519,0.27291,0.27329,0.05,0.02
2012.07.02 12:13:13.750,0.27282,0.27316,0.05,0.02
2012.07.02 12:13:16.542,0.27281,0.27314,0.05,0.02
2012.07.02 12:13:21.399,0.27284,0.27315,0.03,0.02
2012.07.02 12:13:21.713,0.27286,0.27316,0.03,0.02
2012.07.02 12:13:22.047,0.27284,0.27315,0.03,0.02
2012.07.02 12:13:27.259,0.27293,0.27325,0.02,0.02
2012.07.02 12:13:27.569,0.27283,0.27315,0.03,0.02
2012.07.02 12:13:28.669,0.27286,0.27319,0.03,0.02
2012.07.02 12:13:29.019,0.27284,0.27316,0.03,0.02
2012.07.02 12:13:29.919,0.27288,0.27321,0.03,0.02
2012.07.02 12:13:34.751,0.27291,0.27323,0.03,0.02
2012.07.02 12:13:36.081,0.27294,0.2733,0.03,0.03
2012.07.02 12:13:36.590,0.27294,0.27325,0.03,0.02
2012.07.02 12:13:39.491,0.27291,0.27323,0.05,0.02
2012.07.02 12:13:39.845,0.27294,0.27332,0.05,0.02
2012.07.02 12:13:40.629,0.27294,0.27325,0.05,0.02
2012.07.02 12:13:40.769,0.27294,0.27336,0.07,0.05
2012.07.02 12:13:45.790,0.27294,0.2733,0.05,0.02
2012.07.02 12:13:45.910,0.27293,0.27327,0.03,0.03
2012.07.02 12:13:46.759,0.27283,0.27315,0.03,0.02
2012.07.02 12:13:46.819,0.27283,0.27315,0.04,0.02
2012.07.02 12:13:46.959,0.27277,0.27312,0.05,0.02
2012.07.02 12:13:47.020,0.27283,0.27316,0.03,0.02
2012.07.02 12:13:47.215,0.27284,0.27319,0.03,0.02
2012.07.02 12:13:47.550,0.27284,0.27319,0.03,0.02
2012.07.02 12:13:49.680,0.27277,0.27309,0.02,0.02
2012.07.02 12:13:52.935,0.27283,0.27317,0.03,0.03
2012.07.02 12:13:55.890,0.27278,0.27311,0.03,0.02
2012.07.02 12:13:55.950,0.27283,0.27317,0.03,0.02
2012.07.02 12:13:56.341,0.2728,0.27313,0.05,0.02
2012.07.02 12:13:56.801,0.27283,0.27322,0.03,0.02
2012.07.02 12:13:56.929,0.27283,0.27318,0.03,0.02
2012.07.02 12:13:56.989,0.27283,0.27316,0.03,0.02
2012.07.02 12:13:58.319,0.27283,0.27313,0.03,0.02
2012.07.02 12:14:00.100,0.27284,0.2732,0.03,0.02
2012.07.02 12:14:00.634,0.27284,0.27321,0.03,0.03
2012.07.02 12:14:02.259,0.27283,0.27313,0.03,0.02
2012.07.02 12:14:02.379,0.2728,0.27311,0.05,0.02
2012.07.02 12:14:06.679,0.27284,0.27316,0.02,0.05
2012.07.02 12:14:06.795,0.27284,0.27316,0.03,0.05
2012.07.02 12:14:09.020,0.27283,0.27315,0.02,0.02
2012.07.02 12:14:11.651,0.27277,0.27309,0.03,0.02
2012.07.02 12:14:14.546,0.27279,0.27312,0.03,0.02
2012.07.02 12:14:15.679,0.27277,0.27311,0.03,0.02
2012.07.02 12:14:20.342,0.27283,0.2732,0.03,0.02
2012.07.02 12:14:20.541,0.2729,0.27322,0.04,0.02
2012.07.02 12:14:20.610,0.27293,0.2733,0.03,0.02
2012.07.02 12:14:20.764,0.2729,0.27323,0.05,0.02
2012.07.02 12:14:20.830,0.27288,0.27321,0.03,0.02
2012.07.02 12:14:21.670,0.2729,0.2733,0.05,0.02
2012.07.02 12:14:24.576,0.2729,0.27322,0.05,0.02
2012.07.02 12:14:25.019,0.27293,0.27333,0.05,0.03
2012.07.02 12:14:25.621,0.27294,0.27326,0.04,0.02
2012.07.02 12:14:33.489,0.27293,0.27328,0.05,0.02
2012.07.02 12:14:37.413,0.27293,0.27335,0.07,0.03
2012.07.02 12:14:40.833,0.27295,0.27331,0.02,0.02
2012.07.02 12:14:41.832,0.27294,0.27329,0.05,0.02
2012.07.02 12:14:44.019,0.27293,0.27327,0.07,0.02
2012.07.02 12:14:44.454,0.27284,0.2732,0.03,0.02
2012.07.02 12:14:44.573,0.27282,0.27315,0.05,0.02
2012.07.02 12:14:44.640,0.27278,0.27315,0.02,0.02
2012.07.02 12:14:44.700,0.27276,0.27313,0.02,0.02
2012.07.02 12:14:46.130,0.27281,0.27317,0.05,0.03
2012.07.02 12:14:48.634,0.27281,0.27314,0.05,0.02
2012.07.02 12:14:49.184,0.27281,0.27317,0.05,0.03
2012.07.02 12:14:50.060,0.27281,0.27316,0.05,0.02
2012.07.02 12:14:50.833,0.27281,0.27321,0.05,0.03
2012.07.02 12:14:50.899,0.27281,0.27316,0.05,0.02
2012.07.02 12:14:56.223,0.27279,0.27317,0.02,0.02
2012.07.02 12:14:57.324,0.27281,0.27317,0.05,0.02
2012.07.02 12:14:57.460,0.27281,0.27317,0.05,0.03
2012.07.02 12:14:57.990,0.27284,0.27316,0.03,0.02
2012.07.02 12:14:58.756,0.27284,0.27319,0.03,0.02
2012.07.02 12:15:01.603,0.27284,0.27321,0.03,0.02
2012.07.02 12:15:01.979,0.27284,0.27315,0.03,0.02
2012.07.02 12:15:02.381,0.27281,0.27312,0.05,0.02
2012.07.02 12:15:02.759,0.27281,0.27314,0.03,0.02
2012.07.02 12:15:16.040,0.27284,0.27315,0.03,0.02
2012.07.02 12:15:16.360,0.27284,0.27319,0.03,0.02
2012.07.02 12:15:17.009,0.27283,0.27315,0.02,0.02
2012.07.02 12:15:17.549,0.27284,0.27316,0.03,0.04
2012.07.02 12:15:17.945,0.27283,0.27318,0.05,0.02
2012.07.02 12:15:18.140,0.27285,0.27326,0.03,0.02
2012.07.02 12:15:18.199,0.27294,0.27327,0.03,0.02
2012.07.02 12:15:18.333,0.27294,0.27327,0.03,0.02
2012.07.02 12:15:18.400,0.27294,0.27325,0.03,0.02
2012.07.02 12:15:18.910,0.2729,0.27323,0.05,0.02
2012.07.02 12:15:18.969,0.27287,0.27321,0.05,0.02
2012.07.02 12:15:23.270,0.27287,0.27322,0.02,0.02
2012.07.02 12:15:25.439,0.27284,0.27321,0.05,0.02
2012.07.02 12:15:27.452,0.2729,0.27323,0.03,0.02
2012.07.02 12:15:30.259,0.27294,0.27326,0.02,0.03
2012.07.02 12:15:30.809,0.27293,0.27323,0.03,0.02
2012.07.02 12:15:38.086,0.27285,0.27321,0.02,0.02
2012.07.02 12:15:38.791,0.27287,0.27323,0.02,0.02
2012.07.02 12:15:41.772,0.2729,0.27323,0.03,0.02
2012.07.02 12:15:42.458,0.27294,0.27324,0.02,0.02
2012.07.02 12:15:46.813,0.27293,0.27324,0.03,0.02
2012.07.02 12:15:49.670,0.27288,0.27321,0.03,0.02
2012.07.02 12:15:50.092,0.27291,0.27324,0.03,0.02
2012.07.02 12:15:50.619,0.27294,0.27324,0.02,0.02
2012.07.02 12:15:53.710,0.27289,0.27322,0.03,0.02
2012.07.02 12:16:00.653,0.27293,0.27323,0.03,0.02
2012.07.02 12:16:02.200,0.27289,0.27321,0.03,0.02
2012.07.02 12:16:06.730,0.27281,0.27314,0.03,0.02
2012.07.02 12:16:08.730,0.27287,0.27319,0.03,0.02
2012.07.02 12:16:08.880,0.2729,0.27322,0.03,0.02
2012.07.02 12:16:09.411,0.27291,0.27323,0.05,0.02
2012.07.02 12:16:09.521,0.27289,0.27321,0.03,0.02
2012.07.02 12:16:09.850,0.27291,0.27322,0.05,0.02
2012.07.02 12:16:11.950,0.27286,0.27318,0.04,0.02
2012.07.02 12:16:12.548,0.27291,0.27324,0.05,0.02
2012.07.02 12:16:13.599,0.27285,0.27318,0.05,0.02
2012.07.02 12:16:14.183,0.27285,0.27318,0.05,0.02
2012.07.02 12:16:14.560,0.27283,0.27318,0.03,0.02
2012.07.02 12:16:16.010,0.27279,0.27311,0.03,0.02
2012.07.02 12:16:18.150,0.27283,0.27318,0.03,0.02
2012.07.02 12:16:19.128,0.27283,0.2732,0.03,0.02
2012.07.02 12:16:19.588,0.27287,0.27322,0.02,0.02
2012.07.02 12:16:19.662,0.27287,0.27326,0.02,0.03
2012.07.02 12:16:22.350,0.27287,0.2732,0.05,0.02
2012.07.02 12:16:22.409,0.2729,0.27322,0.05,0.02
2012.07.02 12:16:22.617,0.27287,0.2732,0.05,0.02
2012.07.02 12:16:22.739,0.2729,0.27323,0.05,0.02
2012.07.02 12:16:22.931,0.2729,0.27323,0.05,0.02
2012.07.02 12:16:23.060,0.2729,0.27323,0.05,0.02
2012.07.02 12:16:23.500,0.2729,0.27326,0.05,0.03
2012.07.02 12:16:23.969,0.27284,0.27315,0.04,0.02
2012.07.02 12:16:24.307,0.2729,0.27327,0.05,0.05
2012.07.02 12:16:26.056,0.27277,0.27311,0.05,0.02
2012.07.02 12:16:29.547,0.2729,0.27322,0.05,0.02
2012.07.02 12:16:30.084,0.27274,0.27307,0.08,0.02
2012.07.02 12:16:30.854,0.27284,0.27322,0.05,0.03
2012.07.02 12:16:33.423,0.27275,0.27306,0.05,0.02
2012.07.02 12:16:35.303,0.27272,0.27306,0.02,0.02
2012.07.02 12:16:37.124,0.27283,0.27321,0.03,0.03
2012.07.02 12:16:37.250,0.27274,0.27307,0.03,0.02
2012.07.02 12:16:37.774,0.27274,0.27307,0.03,0.02
2012.07.02 12:16:38.113,0.27276,0.27309,0.05,0.02
2012.07.02 12:16:45.111,0.27284,0.27324,0.03,0.03
2012.07.02 12:16:45.240,0.27277,0.27311,0.03,0.02
2012.07.02 12:16:45.310,0.27284,0.27321,0.03,0.02
2012.07.02 12:16:45.405,0.27276,0.27307,0.05,0.02
2012.07.02 12:16:45.497,0.27277,0.27311,0.03,0.02
2012.07.02 12:16:47.842,0.27276,0.27308,0.05,0.02
2012.07.02 12:16:48.713,0.27279,0.2731,0.03,0.02
2012.07.02 12:16:48.839,0.27284,0.27324,0.05,0.03
2012.07.02 12:16:49.209,0.27284,0.27315,0.06,0.02
2012.07.02 12:16:50.695,0.27281,0.27316,0.03,0.02
2012.07.02 12:16:50.764,0.27281,0.27313,0.03,0.02
2012.07.02 12:16:50.890,0.27283,0.27316,0.05,0.02
2012.07.02 12:16:51.020,0.27289,0.2733,0.02,0.03
2012.07.02 12:16:53.130,0.2729,0.27327,0.05,0.03
2012.07.02 12:16:57.620,0.27281,0.27316,0.03,0.02
2012.07.02 12:16:57.711,0.27294,0.27328,0.03,0.02
2012.07.02 12:16:58.053,0.27283,0.27318,0.03,0.02
2012.07.02 12:17:01.808,0.27284,0.27315,0.03,0.02
2012.07.02 12:17:02.049,0.27279,0.27313,0.03,0.02
2012.07.02 12:17:05.626,0.27283,0.27314,0.04,0.02
2012.07.02 12:17:06.090,0.27293,0.27329,0.03,0.02
2012.07.02 12:17:06.500,0.273,0.27334,0.05,0.02
2012.07.02 12:17:07.076,0.27304,0.27336,0.02,0.07
2012.07.02 12:17:07.139,0.27287,0.27321,0.02,0.02
2012.07.02 12:17:07.892,0.27286,0.27317,0.03,0.02
2012.07.02 12:17:08.448,0.27287,0.27321,0.02,0.02
2012.07.02 12:17:08.953,0.27294,0.27324,0.02,0.02
2012.07.02 12:17:09.380,0.27286,0.27318,0.05,0.02
2012.07.02 12:17:09.613,0.27287,0.27321,0.02,0.02
2012.07.02 12:17:11.660,0.27303,0.27335,0.03,0.02
2012.07.02 12:17:11.741,0.27304,0.27336,0.02,0.05
2012.07.02 12:17:12.710,0.27304,0.27337,0.03,0.02
2012.07.02 12:17:13.260,0.27301,0.27333,0.04,0.02
2012.07.02 12:17:13.380,0.27301,0.27333,0.05,0.02
2012.07.02 12:17:13.554,0.27303,0.27345,0.04,0.03
2012.07.02 12:17:16.140,0.27295,0.27328,0.08,0.02
2012.07.02 12:17:16.302,0.27306,0.27339,0.05,0.02
2012.07.02 12:17:16.370,0.27303,0.27339,0.03,0.02
2012.07.02 12:17:17.072,0.27304,0.27342,0.03,0.02
2012.07.02 12:17:17.694,0.27304,0.27334,0.04,0.02
2012.07.02 12:17:18.304,0.27301,0.27335,0.05,0.02
2012.07.02 12:17:19.531,0.27304,0.27342,0.05,0.02
2012.07.02 12:17:20.218,0.27303,0.27336,0.05,0.02
2012.07.02 12:17:22.100,0.27305,0.27345,0.03,0.02
2012.07.02 12:17:22.221,0.27305,0.27339,0.03,0.02
2012.07.02 12:17:23.230,0.27307,0.27341,0.05,0.02
2012.07.02 12:17:24.780,0.27305,0.27339,0.03,0.02
2012.07.02 12:17:26.522,0.2731,0.27341,0.05,0.02
2012.07.02 12:17:27.020,0.2731,0.27343,0.05,0.02
2012.07.02 12:17:27.452,0.27309,0.27341,0.03,0.02
2012.07.02 12:17:28.051,0.27311,0.27343,0.03,0.02
2012.07.02 12:17:28.790,0.27313,0.2735,0.03,0.02
2012.07.02 12:17:29.541,0.27314,0.27345,0.03,0.02
2012.07.02 12:17:30.000,0.27314,0.27348,0.03,0.02
2012.07.02 12:17:30.308,0.27308,0.27341,0.02,0.02
2012.07.02 12:17:32.601,0.27308,0.27343,0.03,0.02
2012.07.02 12:17:35.200,0.27311,0.27344,0.03,0.02
2012.07.02 12:17:37.879,0.27314,0.27346,0.03,0.02
2012.07.02 12:17:38.020,0.27314,0.2735,0.05,0.02
2012.07.02 12:17:38.080,0.27314,0.27348,0.05,0.02
2012.07.02 12:17:38.351,0.27314,0.27354,0.02,0.02
2012.07.02 12:17:39.181,0.27313,0.2735,0.07,0.02
2012.07.02 12:17:39.911,0.27315,0.27348,0.05,0.02
2012.07.02 12:17:44.326,0.27324,0.27356,0.02,0.05
2012.07.02 12:17:44.590,0.27321,0.27355,0.03,0.02
2012.07.02 12:17:44.650,0.27324,0.2736,0.03,0.02
2012.07.02 12:17:45.280,0.27323,0.27362,0.05,0.02
2012.07.02 12:17:46.260,0.27323,0.27356,0.05,0.02
2012.07.02 12:17:46.809,0.27324,0.27357,0.05,0.02
2012.07.02 12:17:47.126,0.27323,0.27355,0.03,0.02
2012.07.02 12:17:47.310,0.27323,0.2736,0.03,0.02
2012.07.02 12:17:48.572,0.27324,0.27361,0.03,0.02
2012.07.02 12:17:50.072,0.27323,0.27363,0.07,0.02
2012.07.02 12:17:50.141,0.27325,0.2736,0.02,0.02
2012.07.02 12:17:50.290,0.27333,0.27366,0.03,0.02
2012.07.02 12:17:50.770,0.27331,0.27364,0.05,0.02
2012.07.02 12:17:50.830,0.27333,0.2737,0.03,0.02
2012.07.02 12:17:51.021,0.27331,0.27361,0.05,0.02
2012.07.02 12:17:51.211,0.27328,0.27359,0.05,0.02
2012.07.02 12:17:51.280,0.27331,0.27369,0.05,0.03
2012.07.02 12:17:51.340,0.27328,0.27362,0.03,0.02
2012.07.02 12:17:52.184,0.27331,0.27362,0.05,0.02
2012.07.02 12:17:52.450,0.27331,0.27364,0.05,0.02
2012.07.02 12:17:52.750,0.27331,0.27362,0.05,0.02
2012.07.02 12:17:54.413,0.27329,0.27362,0.05,0.02
2012.07.02 12:17:54.491,0.27329,0.27362,0.03,0.02
2012.07.02 12:17:55.110,0.27331,0.27363,0.05,0.02
2012.07.02 12:17:55.464,0.27334,0.27372,0.05,0.03
2012.07.02 12:17:56.655,0.27334,0.27365,0.05,0.02
2012.07.02 12:17:57.341,0.27331,0.27364,0.07,0.02
2012.07.02 12:17:57.470,0.27334,0.27365,0.05,0.02
2012.07.02 12:17:57.710,0.27333,0.27367,0.05,0.02
2012.07.02 12:17:57.775,0.27333,0.27375,0.07,0.03
2012.07.02 12:17:58.440,0.27334,0.27375,0.07,0.02
2012.07.02 12:18:00.043,0.27335,0.27369,0.05,0.02
2012.07.02 12:18:00.281,0.27344,0.27376,0.03,0.02
2012.07.02 12:18:01.589,0.27336,0.27368,0.02,0.02
2012.07.02 12:18:02.792,0.27335,0.27376,0.03,0.02
2012.07.02 12:18:03.304,0.27344,0.27374,0.02,0.02
2012.07.02 12:18:04.571,0.27343,0.27375,0.03,0.02
2012.07.02 12:18:05.111,0.27334,0.27369,0.03,0.02
2012.07.02 12:18:05.731,0.27337,0.2737,0.03,0.02
2012.07.02 12:18:07.471,0.2734,0.27372,0.05,0.02
2012.07.02 12:18:07.599,0.27343,0.27377,0.03,0.04
2012.07.02 12:18:08.142,0.27337,0.2737,0.02,0.02
2012.07.02 12:18:08.580,0.27339,0.27372,0.03,0.02
2012.07.02 12:18:08.699,0.27343,0.27379,0.03,0.02
2012.07.02 12:18:10.120,0.27343,0.27381,0.05,0.02
2012.07.02 12:18:10.191,0.27341,0.27374,0.02,0.02
2012.07.02 12:18:10.950,0.2734,0.27373,0.05,0.02
2012.07.02 12:18:11.862,0.27343,0.27373,0.05,0.02
2012.07.02 12:18:13.950,0.27344,0.27376,0.05,0.02
2012.07.02 12:18:14.010,0.27341,0.27374,0.02,0.02
2012.07.02 12:18:15.620,0.27343,0.27375,0.05,0.02
2012.07.02 12:18:18.212,0.27341,0.27373,0.02,0.02
2012.07.02 12:18:18.340,0.27341,0.27375,0.03,0.02
2012.07.02 12:18:18.799,0.27343,0.27378,0.05,0.02
2012.07.02 12:18:18.870,0.27343,0.27385,0.07,0.03
2012.07.02 12:18:19.240,0.27343,0.27376,0.07,0.02
2012.07.02 12:18:19.909,0.27354,0.27384,0.02,0.02
2012.07.02 12:18:20.570,0.27346,0.27377,0.05,0.02
2012.07.02 12:18:21.730,0.27353,0.27385,0.03,0.03
2012.07.02 12:18:21.842,0.27353,0.27386,0.03,0.02
2012.07.02 12:18:23.459,0.27347,0.2738,0.05,0.02
2012.07.02 12:18:23.519,0.27345,0.27377,0.03,0.02
2012.07.02 12:18:23.956,0.27346,0.27379,0.03,0.02
2012.07.02 12:18:26.501,0.27345,0.27378,0.03,0.02
2012.07.02 12:18:27.042,0.27347,0.2738,0.03,0.02
2012.07.02 12:18:28.793,0.27348,0.27381,0.03,0.02
2012.07.02 12:18:35.023,0.27345,0.27379,0.03,0.02
2012.07.02 12:18:35.791,0.27353,0.27385,0.02,0.02
2012.07.02 12:18:39.480,0.27353,0.27389,0.03,0.02
2012.07.02 12:18:39.740,0.27353,0.27385,0.03,0.02
2012.07.02 12:18:39.950,0.27353,0.27391,0.05,0.02
2012.07.02 12:18:40.683,0.27353,0.27385,0.05,0.02
2012.07.02 12:18:44.402,0.27353,0.27392,0.05,0.02
2012.07.02 12:18:44.641,0.27353,0.2739,0.05,0.02
2012.07.02 12:18:45.269,0.27353,0.27383,0.05,0.02
2012.07.02 12:18:46.270,0.27351,0.27382,0.05,0.02
2012.07.02 12:18:47.046,0.27351,0.27384,0.05,0.02
2012.07.02 12:18:47.701,0.27349,0.27382,0.03,0.02
2012.07.02 12:18:49.420,0.27349,0.2738,0.03,0.02
2012.07.02 12:18:50.043,0.27353,0.27389,0.03,0.02
2012.07.02 12:18:51.852,0.27345,0.27378,0.03,0.02
2012.07.02 12:18:52.130,0.2734,0.27378,0.05,0.03
2012.07.02 12:18:52.650,0.2734,0.27377,0.05,0.03
2012.07.02 12:18:55.359,0.2734,0.27375,0.05,0.02
2012.07.02 12:18:55.423,0.2734,0.27378,0.05,0.02
2012.07.02 12:18:58.412,0.27337,0.27372,0.03,0.02
2012.07.02 12:18:58.610,0.2734,0.27381,0.03,0.02
2012.07.02 12:18:58.670,0.2734,0.27374,0.03,0.02
2012.07.02 12:18:58.942,0.27337,0.27375,0.02,0.02
2012.07.02 12:18:59.000,0.27333,0.27368,0.07,0.02
2012.07.02 12:18:59.392,0.27333,0.27365,0.04,0.02
2012.07.02 12:18:59.460,0.27333,0.27364,0.05,0.02
2012.07.02 12:19:00.002,0.2733,0.27362,0.05,0.02
2012.07.02 12:19:01.563,0.2733,0.27364,0.05,0.02
2012.07.02 12:19:03.870,0.2733,0.27362,0.05,0.02
2012.07.02 12:19:04.736,0.27334,0.27364,0.03,0.02
2012.07.02 12:19:08.390,0.27331,0.27363,0.03,0.02
2012.07.02 12:19:08.449,0.27334,0.27367,0.03,0.02
2012.07.02 12:19:08.570,0.27328,0.27361,0.03,0.02
2012.07.02 12:19:09.341,0.27325,0.2736,0.03,0.02
2012.07.02 12:19:12.230,0.27333,0.27366,0.03,0.02
2012.07.02 12:19:12.440,0.27333,0.27366,0.03,0.02
2012.07.02 12:19:13.159,0.27333,0.27365,0.03,0.02
2012.07.02 12:19:16.300,0.27334,0.27366,0.05,0.02
2012.07.02 12:19:16.421,0.27334,0.27369,0.05,0.02
2012.07.02 12:19:16.480,0.27334,0.27374,0.05,0.02
2012.07.02 12:19:17.160,0.27338,0.27371,0.05,0.02
2012.07.02 12:19:17.380,0.27341,0.27376,0.05,0.02
2012.07.02 12:19:17.790,0.27343,0.27373,0.02,0.02
2012.07.02 12:19:18.118,0.27338,0.2737,0.03,0.02
2012.07.02 12:19:18.511,0.27341,0.27373,0.05,0.02
2012.07.02 12:19:18.700,0.27341,0.27376,0.05,0.03
2012.07.02 12:19:18.760,0.27338,0.2737,0.05,0.02
2012.07.02 12:19:18.884,0.27341,0.27373,0.05,0.02
2012.07.02 12:19:21.630,0.27341,0.27374,0.05,0.02
2012.07.02 12:19:22.413,0.27338,0.27371,0.03,0.02
2012.07.02 12:19:22.744,0.27341,0.27373,0.05,0.02
2012.07.02 12:19:24.580,0.27338,0.27371,0.05,0.02
2012.07.02 12:19:26.020,0.27341,0.27373,0.05,0.02
2012.07.02 12:19:26.139,0.27344,0.27375,0.05,0.02
2012.07.02 12:19:26.644,0.27341,0.27374,0.05,0.02
2012.07.02 12:19:27.192,0.27341,0.27373,0.05,0.02
2012.07.02 12:19:28.851,0.27339,0.27372,0.05,0.02
2012.07.02 12:19:28.970,0.27341,0.27376,0.05,0.02
2012.07.02 12:19:33.540,0.27341,0.27375,0.05,0.02
2012.07.02 12:19:33.951,0.27338,0.27371,0.05,0.02
2012.07.02 12:19:34.771,0.27335,0.27369,0.03,0.02
2012.07.02 12:19:35.153,0.27339,0.27371,0.03,0.02
2012.07.02 12:19:35.650,0.27341,0.27373,0.05,0.02
2012.07.02 12:19:36.206,0.27343,0.27378,0.03,0.02
2012.07.02 12:19:36.282,0.27344,0.27374,0.03,0.02
2012.07.02 12:19:36.969,0.27344,0.27376,0.05,0.02
2012.07.02 12:19:37.250,0.27341,0.27375,0.05,0.03
2012.07.02 12:19:38.590,0.27344,0.27379,0.05,0.02
2012.07.02 12:19:39.110,0.27343,0.27376,0.03,0.02
2012.07.02 12:19:39.419,0.27343,0.27374,0.05,0.02
2012.07.02 12:19:40.319,0.27344,0.27376,0.05,0.02
2012.07.02 12:19:43.573,0.27344,0.27376,0.05,0.02
2012.07.02 12:19:43.700,0.27344,0.27382,0.05,0.02
2012.07.02 12:19:44.020,0.27343,0.27375,0.03,0.02
2012.07.02 12:19:48.570,0.27343,0.27376,0.03,0.02
2012.07.02 12:19:48.711,0.27343,0.27382,0.03,0.03
2012.07.02 12:19:49.456,0.27344,0.2738,0.05,0.02
2012.07.02 12:19:49.731,0.27344,0.27383,0.05,0.02
2012.07.02 12:19:50.609,0.2735,0.27384,0.05,0.02
2012.07.02 12:19:51.700,0.27343,0.27378,0.07,0.02
2012.07.02 12:19:51.910,0.27345,0.2738,0.02,0.02
2012.07.02 12:19:52.030,0.27343,0.27379,0.06,0.02
2012.07.02 12:19:52.761,0.27346,0.2738,0.05,0.02
2012.07.02 12:19:53.429,0.27353,0.27385,0.03,0.02
2012.07.02 12:19:54.570,0.27353,0.27385,0.03,0.02
2012.07.02 12:19:55.280,0.27354,0.27389,0.03,0.02
2012.07.02 12:19:56.109,0.27351,0.27384,0.05,0.02
2012.07.02 12:19:56.611,0.27353,0.27386,0.03,0.02
2012.07.02 12:19:57.240,0.27343,0.27381,0.05,0.02
2012.07.02 12:19:57.360,0.27353,0.27384,0.02,0.02
2012.07.02 12:19:57.480,0.2735,0.27382,0.03,0.02
2012.07.02 12:19:57.659,0.27349,0.27384,0.03,0.02
2012.07.02 12:19:58.456,0.27364,0.27395,0.02,0.02
2012.07.02 12:19:59.120,0.27361,0.27394,0.05,0.03
2012.07.02 12:20:00.013,0.27358,0.27389,0.05,0.02
2012.07.02 12:20:00.080,0.27358,0.27392,0.05,0.02
2012.07.02 12:20:00.201,0.27364,0.27399,0.03,0.02
2012.07.02 12:20:00.513,0.27374,0.27406,0.02,0.05
2012.07.02 12:20:00.625,0.27364,0.274,0.05,0.02
2012.07.02 12:20:00.962,0.27363,0.27395,0.05,0.02
2012.07.02 12:20:01.280,0.27363,0.27403,0.05,0.02
2012.07.02 12:20:01.938,0.27363,0.27405,0.07,0.02
2012.07.02 12:20:02.061,0.27367,0.27399,0.03,0.02
2012.07.02 12:20:03.261,0.27363,0.27397,0.04,0.02
2012.07.02 12:20:03.897,0.27374,0.27406,0.03,0.05
2012.07.02 12:20:04.720,0.2737,0.27401,0.03,0.02
2012.07.02 12:20:06.082,0.27363,0.27394,0.03,0.02
2012.07.02 12:20:06.210,0.27364,0.27395,0.02,0.02
2012.07.02 12:20:06.760,0.2736,0.27394,0.05,0.02
2012.07.02 12:20:07.241,0.27363,0.27402,0.03,0.02
2012.07.02 12:20:07.849,0.27361,0.27395,0.03,0.02
2012.07.02 12:20:08.993,0.27364,0.27396,0.05,0.02
2012.07.02 12:20:09.863,0.27364,0.274,0.05,0.02
2012.07.02 12:20:10.519,0.27363,0.274,0.05,0.02
2012.07.02 12:20:12.329,0.27364,0.27404,0.05,0.02
2012.07.02 12:20:12.390,0.27364,0.27398,0.05,0.02
2012.07.02 12:20:12.659,0.27364,0.27402,0.05,0.02
2012.07.02 12:20:12.720,0.27361,0.27395,0.05,0.02
2012.07.02 12:20:13.581,0.27364,0.27399,0.05,0.02
2012.07.02 12:20:17.600,0.27363,0.27398,0.05,0.02
2012.07.02 12:20:17.780,0.27364,0.27401,0.05,0.02
2012.07.02 12:20:17.841,0.27374,0.27408,0.03,0.02
2012.07.02 12:20:18.181,0.27367,0.274,0.03,0.02
2012.07.02 12:20:19.041,0.27372,0.27403,0.03,0.02
2012.07.02 12:20:19.230,0.2736,0.27394,0.08,0.02
2012.07.02 12:20:19.480,0.27366,0.27397,0.05,0.02
2012.07.02 12:20:20.249,0.27359,0.27393,0.03,0.02
2012.07.02 12:20:20.429,0.27361,0.27396,0.05,0.02
2012.07.02 12:20:21.414,0.27364,0.27395,0.05,0.02
2012.07.02 12:20:21.920,0.27364,0.27403,0.05,0.02
2012.07.02 12:20:22.360,0.27365,0.27405,0.02,0.02
2012.07.02 12:20:22.637,0.27364,0.27397,0.05,0.02
2012.07.02 12:20:22.770,0.27365,0.27403,0.03,0.02
2012.07.02 12:20:22.831,0.27367,0.27407,0.03,0.02
2012.07.02 12:20:22.950,0.27371,0.27404,0.03,0.02
2012.07.02 12:20:23.130,0.27373,0.27411,0.03,0.02
2012.07.02 12:20:23.321,0.27374,0.27408,0.03,0.02
2012.07.02 12:20:23.565,0.27374,0.27406,0.03,0.02
2012.07.02 12:20:23.630,0.27374,0.27408,0.03,0.02
2012.07.02 12:20:23.690,0.27371,0.27402,0.03,0.02
2012.07.02 12:20:24.220,0.27381,0.27413,0.04,0.02
2012.07.02 12:20:24.699,0.27381,0.27413,0.05,0.02
2012.07.02 12:20:25.260,0.27373,0.27406,0.03,0.02
2012.07.02 12:20:25.988,0.27384,0.27416,0.03,0.02
2012.07.02 12:20:26.384,0.27375,0.27407,0.02,0.02
2012.07.02 12:20:26.700,0.27373,0.27406,0.03,0.02
2012.07.02 12:20:28.129,0.27371,0.27404,0.05,0.02
2012.07.02 12:20:28.650,0.27371,0.27406,0.05,0.02
2012.07.02 12:20:31.890,0.27375,0.27408,0.03,0.02
2012.07.02 12:20:31.950,0.27376,0.2741,0.03,0.02
2012.07.02 12:20:32.010,0.27383,0.27418,0.03,0.02
2012.07.02 12:20:32.070,0.27383,0.27414,0.02,0.02
2012.07.02 12:20:32.129,0.27383,0.27423,0.03,0.02
2012.07.02 12:20:32.555,0.27394,0.27425,0.02,0.02
2012.07.02 12:20:33.263,0.27394,0.27425,0.03,0.02
2012.07.02 12:20:35.026,0.2738,0.27411,0.08,0.02
2012.07.02 12:20:35.607,0.27376,0.27409,0.05,0.02
2012.07.02 12:20:35.671,0.27388,0.27419,0.05,0.02
2012.07.02 12:20:36.321,0.27383,0.27419,0.05,0.02
2012.07.02 12:20:37.129,0.27383,0.27423,0.05,0.02
2012.07.02 12:20:40.533,0.2738,0.27413,0.08,0.02
2012.07.02 12:20:40.641,0.27377,0.27411,0.05,0.02
2012.07.02 12:20:41.250,0.27394,0.27425,0.02,0.02
2012.07.02 12:20:41.730,0.27384,0.27414,0.04,0.02
2012.07.02 12:20:42.887,0.27394,0.27425,0.02,0.02
2012.07.02 12:20:43.075,0.27382,0.27412,0.03,0.02
2012.07.02 12:20:44.850,0.27391,0.27423,0.04,0.02
2012.07.02 12:20:52.165,0.27394,0.27426,0.02,0.05
2012.07.02 12:20:52.581,0.2739,0.27422,0.04,0.02
2012.07.02 12:20:53.062,0.2739,0.27426,0.05,0.05
2012.07.02 12:20:53.638,0.27384,0.27414,0.06,0.02
2012.07.02 12:20:53.958,0.2739,0.27426,0.05,0.04
2012.07.02 12:20:54.230,0.27386,0.27418,0.03,0.02
2012.07.02 12:20:54.561,0.27394,0.27428,0.03,0.02
2012.07.02 12:20:55.030,0.27383,0.27416,0.03,0.02
2012.07.02 12:20:55.624,0.27381,0.27415,0.03,0.02
2012.07.02 12:20:55.810,0.27385,0.27417,0.05,0.02
2012.07.02 12:20:56.333,0.27382,0.27414,0.03,0.02
2012.07.02 12:20:56.599,0.27384,0.27417,0.05,0.02
2012.07.02 12:21:01.732,0.27394,0.2743,0.03,0.02
2012.07.02 12:21:02.370,0.27394,0.27424,0.04,0.02
2012.07.02 12:21:04.449,0.27383,0.27416,0.03,0.02
2012.07.02 12:21:04.581,0.27393,0.27426,0.03,0.02
2012.07.02 12:21:04.750,0.27386,0.27417,0.02,0.02
2012.07.02 12:21:12.300,0.27384,0.27415,0.03,0.02
2012.07.02 12:21:12.420,0.27392,0.27423,0.03,0.02
2012.07.02 12:21:12.525,0.27379,0.27411,0.03,0.02
2012.07.02 12:21:13.359,0.27384,0.27414,0.04,0.02
2012.07.02 12:21:13.801,0.27381,0.27414,0.05,0.02
2012.07.02 12:21:14.347,0.27384,0.27425,0.06,0.02
2012.07.02 12:21:15.961,0.27378,0.2741,0.06,0.02
2012.07.02 12:21:16.020,0.27384,0.27423,0.05,0.02
2012.07.02 12:21:16.217,0.27384,0.27425,0.05,0.02
2012.07.02 12:21:18.940,0.27379,0.27413,0.05,0.02
2012.07.02 12:21:21.058,0.27384,0.27421,0.05,0.02
2012.07.02 12:21:21.174,0.27377,0.27411,0.06,0.02
2012.07.02 12:21:21.530,0.27384,0.2742,0.03,0.02
2012.07.02 12:21:23.450,0.27374,0.27407,0.03,0.02
2012.07.02 12:21:25.013,0.27376,0.27409,0.05,0.02
2012.07.02 12:21:25.459,0.27383,0.2742,0.03,0.02
2012.07.02 12:21:25.833,0.27374,0.27407,0.03,0.02
2012.07.02 12:21:26.600,0.27374,0.27405,0.03,0.02
2012.07.02 12:21:27.329,0.27384,0.27416,0.03,0.02
2012.07.02 12:21:28.110,0.27384,0.27415,0.02,0.02
2012.07.02 12:21:29.975,0.27373,0.27415,0.06,0.03
2012.07.02 12:21:30.614,0.27373,0.27405,0.06,0.02
2012.07.02 12:21:30.680,0.27375,0.27415,0.02,0.02
2012.07.02 12:21:30.990,0.27373,0.27407,0.05,0.02
2012.07.02 12:21:31.618,0.27361,0.27395,0.08,0.02
2012.07.02 12:21:31.693,0.27374,0.27404,0.02,0.02
2012.07.02 12:21:33.790,0.27366,0.27401,0.05,0.03
2012.07.02 12:21:35.474,0.27373,0.27413,0.03,0.02
2012.07.02 12:21:35.921,0.27369,0.27403,0.05,0.02
2012.07.02 12:21:36.471,0.27374,0.27404,0.04,0.02
2012.07.02 12:21:37.744,0.27374,0.27404,0.04,0.02
2012.07.02 12:21:41.010,0.27381,0.27413,0.05,0.02
2012.07.02 12:21:43.090,0.27374,0.27404,0.04,0.02
2012.07.02 12:21:43.602,0.27383,0.27413,0.02,0.02
2012.07.02 12:21:49.020,0.27369,0.27401,0.03,0.02
2012.07.02 12:21:51.709,0.27384,0.27414,0.02,0.02
2012.07.02 12:21:57.784,0.27373,0.27403,0.03,0.02
2012.07.02 12:21:58.450,0.27383,0.27417,0.03,0.05
2012.07.02 12:21:58.575,0.27371,0.27406,0.05,0.02
2012.07.02 12:22:05.523,0.27376,0.27408,0.03,0.02
2012.07.02 12:22:05.590,0.27383,0.2742,0.03,0.03
2012.07.02 12:22:06.003,0.27373,0.27406,0.03,0.02
2012.07.02 12:22:07.263,0.27375,0.27409,0.05,0.02
2012.07.02 12:22:08.430,0.27383,0.27421,0.03,0.02
2012.07.02 12:22:10.190,0.27377,0.2741,0.03,0.02
2012.07.02 12:22:10.847,0.27383,0.27421,0.03,0.02
2012.07.02 12:22:11.021,0.27382,0.27412,0.02,0.02
2012.07.02 12:22:11.451,0.27385,0.27425,0.02,0.02
2012.07.02 12:22:12.000,0.2739,0.2742,0.04,0.02
2012.07.02 12:22:14.971,0.27383,0.27415,0.05,0.02
2012.07.02 12:22:15.170,0.27385,0.27416,0.03,0.02
2012.07.02 12:22:15.352,0.27387,0.27429,0.03,0.02
2012.07.02 12:22:15.910,0.27384,0.27414,0.05,0.02
2012.07.02 12:22:16.439,0.2739,0.2742,0.04,0.02
2012.07.02 12:22:16.890,0.27381,0.27413,0.03,0.02
2012.07.02 12:22:17.160,0.27383,0.27416,0.05,0.02
2012.07.02 12:22:18.780,0.27393,0.2743,0.03,0.02
2012.07.02 12:22:19.300,0.27383,0.27417,0.03,0.02
2012.07.02 12:22:21.421,0.27385,0.27418,0.05,0.02
2012.07.02 12:22:21.959,0.27384,0.27417,0.03,0.02
2012.07.02 12:22:22.628,0.27385,0.27418,0.05,0.02
2012.07.02 12:22:22.958,0.27384,0.27416,0.03,0.02
2012.07.02 12:22:23.180,0.27385,0.27419,0.05,0.02
2012.07.02 12:22:23.448,0.27384,0.27416,0.03,0.02
2012.07.02 12:22:26.027,0.27393,0.27432,0.03,0.02
2012.07.02 12:22:26.205,0.27386,0.27417,0.05,0.02
2012.07.02 12:22:26.399,0.27386,0.2742,0.05,0.02
2012.07.02 12:22:30.600,0.2739,0.27421,0.05,0.02
2012.07.02 12:22:30.780,0.27394,0.27434,0.06,0.02
2012.07.02 12:22:32.279,0.2739,0.27424,0.08,0.03
2012.07.02 12:22:32.811,0.274,0.27435,0.05,0.02
2012.07.02 12:22:34.050,0.2739,0.27422,0.08,0.02
2012.07.02 12:22:34.750,0.274,0.27434,0.05,0.02
2012.07.02 12:22:34.810,0.27387,0.27419,0.05,0.02
2012.07.02 12:22:34.870,0.2739,0.27421,0.08,0.02
2012.07.02 12:22:36.090,0.27391,0.27425,0.05,0.02
2012.07.02 12:22:37.430,0.2739,0.27423,0.05,0.02
2012.07.02 12:22:40.876,0.27401,0.27435,0.05,0.02
2012.07.02 12:22:46.521,0.27404,0.27438,0.03,0.02
2012.07.02 12:22:50.030,0.27396,0.27428,0.04,0.02
2012.07.02 12:22:50.090,0.2739,0.27422,0.08,0.02
2012.07.02 12:22:51.120,0.27392,0.27423,0.05,0.02
2012.07.02 12:22:52.411,0.2739,0.27423,0.08,0.02
2012.07.02 12:22:56.090,0.27392,0.27424,0.05,0.02
2012.07.02 12:22:58.311,0.2739,0.27423,0.08,0.02
2012.07.02 12:23:00.420,0.27392,0.27424,0.03,0.02
2012.07.02 12:23:02.737,0.27404,0.27436,0.03,0.02
2012.07.02 12:23:02.861,0.27394,0.27426,0.03,0.02
2012.07.02 12:23:02.952,0.27404,0.27441,0.03,0.03
2012.07.02 12:23:03.403,0.27394,0.27424,0.03,0.02
2012.07.02 12:23:04.480,0.27395,0.27427,0.05,0.02
2012.07.02 12:23:06.341,0.27395,0.27427,0.05,0.02
2012.07.02 12:23:06.670,0.27413,0.27443,0.02,0.02
2012.07.02 12:23:06.730,0.27413,0.27446,0.03,0.03
2012.07.02 12:23:06.790,0.27404,0.27438,0.03,0.02
2012.07.02 12:23:06.920,0.27413,0.27447,0.03,0.02
2012.07.02 12:23:07.280,0.27414,0.27451,0.05,0.02
2012.07.02 12:23:07.950,0.27406,0.2744,0.03,0.02
2012.07.02 12:23:08.290,0.27405,0.27439,0.05,0.02
2012.07.02 12:23:08.600,0.27414,0.2745,0.05,0.02
2012.07.02 12:23:08.660,0.27403,0.27437,0.05,0.02
2012.07.02 12:23:09.196,0.27408,0.2745,0.03,0.03
2012.07.02 12:23:12.031,0.27413,0.27443,0.02,0.02
2012.07.02 12:23:12.150,0.27405,0.27439,0.03,0.02
2012.07.02 12:23:12.276,0.27413,0.27454,0.04,0.02
2012.07.02 12:23:12.341,0.27407,0.27441,0.07,0.02
2012.07.02 12:23:15.404,0.27411,0.27442,0.08,0.02
2012.07.02 12:23:16.261,0.27426,0.27466,0.02,0.02
2012.07.02 12:23:16.380,0.27421,0.27452,0.05,0.02
2012.07.02 12:23:16.456,0.27424,0.27466,0.02,0.02
2012.07.02 12:23:16.700,0.27423,0.27463,0.03,0.02
2012.07.02 12:23:16.760,0.27413,0.27445,0.03,0.02
2012.07.02 12:23:16.820,0.27423,0.27458,0.03,0.02
2012.07.02 12:23:16.880,0.27414,0.27447,0.03,0.02
2012.07.02 12:23:17.340,0.27424,0.2746,0.05,0.02
2012.07.02 12:23:17.400,0.27416,0.27449,0.05,0.02
2012.07.02 12:23:18.632,0.27415,0.27447,0.02,0.02
2012.07.02 12:23:20.061,0.27413,0.27445,0.05,0.02
2012.07.02 12:23:20.745,0.27424,0.27459,0.05,0.02
2012.07.02 12:23:23.289,0.27424,0.27458,0.03,0.02
2012.07.02 12:23:23.718,0.27424,0.27461,0.03,0.02
2012.07.02 12:23:24.220,0.27415,0.27448,0.03,0.02
2012.07.02 12:23:26.011,0.27413,0.27446,0.05,0.02
2012.07.02 12:23:26.401,0.27424,0.27458,0.03,0.02
2012.07.02 12:23:26.470,0.27414,0.27444,0.03,0.02
2012.07.02 12:23:27.101,0.27421,0.27452,0.05,0.02
2012.07.02 12:23:27.221,0.27423,0.27456,0.03,0.03
2012.07.02 12:23:27.280,0.2743,0.27465,0.05,0.03
2012.07.02 12:23:27.802,0.27434,0.27465,0.03,0.02
2012.07.02 12:23:28.591,0.27421,0.27453,0.08,0.02
2012.07.02 12:23:29.510,0.27423,0.27456,0.03,0.02
2012.07.02 12:23:29.593,0.27421,0.27454,0.08,0.02
2012.07.02 12:23:29.812,0.27423,0.27456,0.03,0.02
2012.07.02 12:23:31.853,0.27419,0.27453,0.04,0.02
2012.07.02 12:23:33.341,0.27434,0.27466,0.03,0.02
2012.07.02 12:23:35.532,0.27426,0.27459,0.02,0.02
2012.07.02 12:23:35.595,0.27433,0.2747,0.03,0.02
2012.07.02 12:23:36.183,0.27433,0.27469,0.05,0.02
2012.07.02 12:23:36.688,0.27425,0.27456,0.05,0.02
2012.07.02 12:23:36.751,0.27433,0.27469,0.03,0.02
2012.07.02 12:23:37.981,0.27433,0.27466,0.03,0.02
2012.07.02 12:23:38.159,0.27427,0.27459,0.05,0.02
2012.07.02 12:23:38.454,0.27434,0.27468,0.05,0.02
2012.07.02 12:23:42.590,0.27423,0.27455,0.02,0.02
2012.07.02 12:23:43.930,0.27433,0.27468,0.05,0.02
2012.07.02 12:23:44.051,0.27425,0.27458,0.05,0.02
2012.07.02 12:23:47.206,0.27433,0.27472,0.05,0.02
2012.07.02 12:23:47.390,0.27426,0.27461,0.03,0.02
2012.07.02 12:23:47.600,0.27426,0.27458,0.03,0.02
2012.07.02 12:23:49.186,0.27433,0.27471,0.05,0.02
2012.07.02 12:23:49.311,0.27428,0.27462,0.03,0.02
2012.07.02 12:23:49.670,0.27433,0.27475,0.06,0.02
2012.07.02 12:23:56.143,0.27444,0.27476,0.02,0.03
2012.07.02 12:23:56.331,0.27431,0.27463,0.08,0.02
2012.07.02 12:23:57.220,0.27443,0.27475,0.03,0.02
2012.07.02 12:23:58.756,0.27443,0.27478,0.03,0.02
2012.07.02 12:24:00.320,0.2744,0.2747,0.05,0.02
2012.07.02 12:24:00.441,0.27426,0.27457,0.10,0.02
2012.07.02 12:24:01.490,0.27433,0.27471,0.05,0.02
2012.07.02 12:24:02.851,0.27433,0.2747,0.05,0.02
2012.07.02 12:24:02.936,0.27433,0.27468,0.05,0.02
2012.07.02 12:24:03.101,0.27423,0.27455,0.05,0.02
2012.07.02 12:24:03.321,0.27424,0.27458,0.05,0.02
2012.07.02 12:24:04.020,0.27426,0.27467,0.03,0.03
2012.07.02 12:24:04.450,0.27423,0.27454,0.05,0.02
2012.07.02 12:24:05.831,0.27434,0.27465,0.02,0.02
2012.07.02 12:24:07.299,0.27421,0.27455,0.03,0.02
2012.07.02 12:24:07.372,0.27424,0.27455,0.04,0.02
2012.07.02 12:24:07.763,0.2742,0.27452,0.05,0.02
2012.07.02 12:24:07.890,0.2742,0.27455,0.05,0.02
2012.07.02 12:24:09.832,0.2742,0.27452,0.05,0.02
2012.07.02 12:24:10.140,0.2743,0.27462,0.05,0.02
2012.07.02 12:24:10.700,0.2742,0.27452,0.08,0.02
2012.07.02 12:24:11.910,0.27423,0.27462,0.05,0.02
2012.07.02 12:24:11.971,0.27434,0.27464,0.02,0.02
2012.07.02 12:24:12.290,0.27419,0.27453,0.03,0.02
2012.07.02 12:24:12.900,0.27424,0.27456,0.04,0.02
2012.07.02 12:24:13.431,0.27421,0.27455,0.10,0.02
2012.07.02 12:24:13.943,0.27433,0.27465,0.02,0.02
2012.07.02 12:24:15.340,0.27433,0.27465,0.03,0.02
2012.07.02 12:24:16.065,0.27433,0.27467,0.03,0.02
2012.07.02 12:24:16.130,0.27433,0.27463,0.02,0.02
2012.07.02 12:24:16.441,0.27425,0.27459,0.03,0.02
2012.07.02 12:24:16.690,0.27428,0.27461,0.03,0.02
2012.07.02 12:24:16.811,0.27434,0.27465,0.04,0.02
2012.07.02 12:24:16.870,0.27434,0.27473,0.05,0.02
2012.07.02 12:24:17.300,0.27427,0.27459,0.05,0.02
2012.07.02 12:24:18.841,0.27433,0.27471,0.05,0.02
2012.07.02 12:24:19.481,0.27434,0.27476,0.06,0.03
2012.07.02 12:24:19.550,0.27428,0.27462,0.06,0.02
2012.07.02 12:24:20.271,0.27431,0.27462,0.05,0.02
2012.07.02 12:24:20.631,0.27444,0.27478,0.03,0.02
2012.07.02 12:24:20.690,0.27434,0.27466,0.03,0.02
2012.07.02 12:24:22.426,0.27434,0.27468,0.03,0.02
2012.07.02 12:24:23.234,0.27433,0.27465,0.03,0.02
2012.07.02 12:24:24.424,0.27444,0.27486,0.06,0.03
2012.07.02 12:24:25.230,0.27443,0.27485,0.06,0.02
2012.07.02 12:24:25.750,0.27439,0.27472,0.05,0.02
2012.07.02 12:24:29.381,0.27443,0.27473,0.04,0.02
2012.07.02 12:24:29.966,0.27444,0.27484,0.05,0.02
2012.07.02 12:24:30.962,0.27444,0.27474,0.05,0.02
2012.07.02 12:24:31.172,0.27444,0.27477,0.05,0.02
2012.07.02 12:24:32.001,0.27453,0.27485,0.02,0.02
2012.07.02 12:24:32.333,0.27443,0.27474,0.03,0.02
2012.07.02 12:24:33.021,0.27454,0.27485,0.02,0.02
2012.07.02 12:24:33.193,0.27444,0.27477,0.03,0.02
2012.07.02 12:24:33.450,0.27444,0.27475,0.04,0.02
2012.07.02 12:24:34.000,0.27444,0.27477,0.04,0.02
2012.07.02 12:24:34.545,0.27451,0.27483,0.04,0.02
2012.07.02 12:24:35.062,0.27453,0.27484,0.03,0.02
2012.07.02 12:24:39.990,0.27445,0.27479,0.03,0.02
2012.07.02 12:24:40.344,0.27444,0.27475,0.03,0.02
2012.07.02 12:24:40.471,0.27444,0.27477,0.03,0.02
2012.07.02 12:24:40.681,0.27443,0.27476,0.03,0.02
2012.07.02 12:24:40.844,0.27444,0.27477,0.02,0.02
2012.07.02 12:24:41.634,0.27444,0.27475,0.04,0.02
2012.07.02 12:24:45.670,0.27444,0.27477,0.03,0.02
2012.07.02 12:24:45.790,0.27441,0.27474,0.07,0.02
2012.07.02 12:24:46.643,0.27444,0.27477,0.06,0.02
2012.07.02 12:24:47.173,0.27446,0.27477,0.05,0.02
2012.07.02 12:24:47.755,0.27451,0.27487,0.05,0.02
2012.07.02 12:24:48.571,0.27451,0.2749,0.05,0.02
2012.07.02 12:24:49.088,0.27454,0.27489,0.03,0.02
2012.07.02 12:24:49.900,0.27454,0.27486,0.04,0.02
2012.07.02 12:24:50.301,0.27446,0.27478,0.05,0.02
2012.07.02 12:24:51.032,0.27449,0.2748,0.02,0.02
2012.07.02 12:24:52.912,0.27444,0.27486,0.06,0.02
2012.07.02 12:24:53.045,0.27444,0.27483,0.05,0.02
2012.07.02 12:24:53.110,0.27453,0.27483,0.02,0.02
2012.07.02 12:24:53.240,0.27443,0.27478,0.03,0.02
2012.07.02 12:24:53.793,0.27454,0.27486,0.02,0.02
2012.07.02 12:24:53.861,0.27442,0.27476,0.05,0.02
2012.07.02 12:24:54.201,0.27448,0.2748,0.03,0.02
2012.07.02 12:24:54.529,0.27446,0.27478,0.05,0.02
2012.07.02 12:24:54.750,0.27448,0.27479,0.03,0.02
2012.07.02 12:24:55.024,0.27454,0.27486,0.05,0.02
2012.07.02 12:24:55.211,0.27453,0.27485,0.02,0.02
2012.07.02 12:24:55.270,0.27453,0.27485,0.03,0.02
2012.07.02 12:24:55.780,0.27441,0.27474,0.07,0.02
2012.07.02 12:24:56.020,0.27444,0.27484,0.05,0.02
2012.07.02 12:24:56.539,0.27444,0.27485,0.05,0.02
2012.07.02 12:24:56.811,0.27449,0.27481,0.05,0.02
2012.07.02 12:24:57.757,0.27441,0.27475,0.08,0.02
2012.07.02 12:24:57.822,0.27444,0.27475,0.04,0.02
2012.07.02 12:24:58.051,0.27446,0.27479,0.03,0.02
2012.07.02 12:24:58.220,0.27443,0.27476,0.05,0.02
2012.07.02 12:24:58.460,0.27446,0.27478,0.03,0.02
2012.07.02 12:24:58.710,0.27446,0.27481,0.03,0.02
2012.07.02 12:24:58.771,0.27444,0.27484,0.03,0.02
2012.07.02 12:24:58.984,0.27454,0.27487,0.03,0.02
2012.07.02 12:24:59.321,0.27454,0.27485,0.05,0.02
2012.07.02 12:25:00.022,0.27452,0.27483,0.02,0.02
2012.07.02 12:25:00.233,0.27455,0.27487,0.05,0.02
2012.07.02 12:25:00.301,0.2746,0.27491,0.05,0.02
2012.07.02 12:25:00.674,0.27463,0.27501,0.05,0.02
2012.07.02 12:25:00.990,0.27457,0.27492,0.05,0.02
2012.07.02 12:25:01.373,0.27461,0.27495,0.02,0.02
2012.07.02 12:25:01.501,0.27464,0.27498,0.05,0.02
2012.07.02 12:25:01.631,0.27464,0.27495,0.02,0.02
2012.07.02 12:25:01.690,0.27461,0.27493,0.03,0.02
2012.07.02 12:25:02.361,0.27449,0.2748,0.03,0.02
2012.07.02 12:25:02.581,0.27453,0.27487,0.03,0.02
2012.07.02 12:25:02.700,0.27461,0.27491,0.04,0.02
2012.07.02 12:25:03.290,0.27453,0.27484,0.04,0.02
2012.07.02 12:25:03.793,0.27453,0.27484,0.04,0.02
2012.07.02 12:25:04.461,0.2745,0.27482,0.05,0.02
2012.07.02 12:25:04.581,0.27453,0.27493,0.05,0.02
2012.07.02 12:25:05.320,0.27452,0.27483,0.03,0.02
2012.07.02 12:25:06.000,0.27461,0.27493,0.05,0.02
2012.07.02 12:25:06.590,0.27454,0.27485,0.03,0.02
2012.07.02 12:25:07.580,0.27463,0.27495,0.02,0.02
2012.07.02 12:25:09.363,0.27458,0.27491,0.03,0.02
2012.07.02 12:25:09.432,0.27474,0.27504,0.02,0.02
2012.07.02 12:25:09.501,0.27464,0.27497,0.03,0.02
2012.07.02 12:25:09.630,0.27474,0.27508,0.03,0.02
2012.07.02 12:25:10.241,0.27463,0.27496,0.05,0.02
2012.07.02 12:25:10.471,0.27472,0.27505,0.05,0.02
2012.07.02 12:25:10.591,0.27474,0.27507,0.05,0.02
2012.07.02 12:25:11.162,0.27473,0.27511,0.05,0.02
2012.07.02 12:25:11.231,0.27467,0.27501,0.02,0.02
2012.07.02 12:25:13.046,0.27472,0.27503,0.05,0.02
2012.07.02 12:25:13.111,0.27482,0.27513,0.03,0.02
2012.07.02 12:25:14.644,0.27484,0.27516,0.03,0.03
2012.07.02 12:25:15.621,0.27475,0.27507,0.03,0.02
2012.07.02 12:25:16.061,0.27475,0.27505,0.03,0.02
2012.07.02 12:25:16.389,0.27483,0.27513,0.03,0.02
2012.07.02 12:25:17.302,0.27473,0.27507,0.04,0.02
2012.07.02 12:25:17.430,0.27483,0.27518,0.03,0.02
2012.07.02 12:25:17.861,0.27471,0.27505,0.03,0.02
2012.07.02 12:25:17.990,0.27483,0.27516,0.03,0.02
2012.07.02 12:25:18.173,0.27474,0.27507,0.03,0.02
2012.07.02 12:25:18.301,0.27483,0.27517,0.03,0.02
2012.07.02 12:25:18.850,0.27483,0.27516,0.03,0.02
2012.07.02 12:25:19.154,0.27483,0.27521,0.03,0.02
2012.07.02 12:25:19.461,0.27483,0.27513,0.04,0.02
2012.07.02 12:25:20.033,0.27483,0.27521,0.05,0.02
2012.07.02 12:25:20.291,0.27483,0.27517,0.03,0.02
2012.07.02 12:25:21.170,0.27474,0.2751,0.04,0.02
2012.07.02 12:25:21.600,0.27483,0.27514,0.02,0.02
2012.07.02 12:25:22.280,0.27471,0.27503,0.05,0.02
2012.07.02 12:25:25.981,0.27484,0.27518,0.03,0.02
2012.07.02 12:25:26.289,0.27472,0.27504,0.03,0.02
2012.07.02 12:25:26.640,0.27474,0.27507,0.03,0.02
2012.07.02 12:25:29.011,0.27479,0.27511,0.03,0.02
2012.07.02 12:25:30.430,0.27483,0.27522,0.05,0.02
2012.07.02 12:25:31.090,0.27484,0.27522,0.05,0.02
2012.07.02 12:25:31.802,0.27482,0.27513,0.02,0.02
2012.07.02 12:25:32.740,0.2749,0.27524,0.05,0.02
2012.07.02 12:25:32.920,0.27483,0.27515,0.02,0.02
2012.07.02 12:25:33.410,0.27481,0.27513,0.05,0.02
2012.07.02 12:25:33.921,0.27484,0.27524,0.05,0.02
2012.07.02 12:25:34.276,0.27484,0.2752,0.05,0.02
2012.07.02 12:25:34.550,0.27474,0.27508,0.08,0.02
2012.07.02 12:25:35.185,0.27484,0.27515,0.05,0.02
2012.07.02 12:25:35.311,0.27475,0.27505,0.03,0.02
2012.07.02 12:25:36.486,0.27474,0.27516,0.03,0.02
2012.07.02 12:25:37.002,0.27474,0.27516,0.02,0.02
2012.07.02 12:25:37.560,0.27475,0.27506,0.05,0.02
2012.07.02 12:25:38.421,0.27466,0.27506,0.03,0.02
2012.07.02 12:25:39.653,0.27466,0.27498,0.03,0.02
2012.07.02 12:25:40.541,0.27463,0.27496,0.05,0.02
2012.07.02 12:25:40.994,0.27464,0.27504,0.03,0.02
2012.07.02 12:25:50.052,0.27455,0.27489,0.10,0.02
2012.07.02 12:25:50.452,0.27462,0.27495,0.05,0.02
2012.07.02 12:25:50.632,0.27454,0.27496,0.03,0.02
2012.07.02 12:25:51.571,0.27453,0.27494,0.05,0.03
2012.07.02 12:25:51.980,0.27453,0.27486,0.05,0.02
2012.07.02 12:25:52.649,0.27451,0.27485,0.05,0.02
2012.07.02 12:25:57.895,0.27451,0.27482,0.05,0.02
2012.07.02 12:25:58.153,0.27454,0.27488,0.05,0.02
2012.07.02 12:25:58.370,0.27447,0.2748,0.03,0.02
2012.07.02 12:26:00.025,0.27448,0.2748,0.03,0.02
2012.07.02 12:26:00.151,0.27444,0.27477,0.05,0.02
2012.07.02 12:26:00.313,0.27444,0.2748,0.05,0.02
2012.07.02 12:26:00.905,0.27451,0.27488,0.05,0.02
2012.07.02 12:26:01.251,0.27451,0.27484,0.05,0.02
2012.07.02 12:26:01.532,0.27446,0.2748,0.05,0.02
2012.07.02 12:26:02.172,0.27451,0.27485,0.05,0.02
2012.07.02 12:26:03.161,0.27453,0.27487,0.03,0.02
2012.07.02 12:26:03.221,0.27453,0.27485,0.03,0.02
2012.07.02 12:26:03.341,0.27454,0.27492,0.03,0.02
2012.07.02 12:26:03.401,0.27454,0.27488,0.03,0.02
2012.07.02 12:26:03.663,0.27453,0.27492,0.03,0.02
2012.07.02 12:26:04.451,0.27453,0.27492,0.05,0.02
2012.07.02 12:26:04.520,0.27454,0.27485,0.03,0.02
2012.07.02 12:26:05.463,0.27453,0.27486,0.03,0.02
2012.07.02 12:26:06.111,0.27453,0.27486,0.03,0.02
2012.07.02 12:26:06.231,0.27453,0.27487,0.05,0.02
2012.07.02 12:26:06.550,0.27454,0.27486,0.04,0.03
2012.07.02 12:26:06.610,0.27454,0.27488,0.05,0.02
2012.07.02 12:26:06.763,0.27454,0.27486,0.05,0.02
2012.07.02 12:26:08.410,0.2746,0.27493,0.05,0.02
2012.07.02 12:26:08.960,0.27451,0.27485,0.03,0.03
2012.07.02 12:26:09.992,0.27454,0.27495,0.03,0.02
2012.07.02 12:26:10.121,0.27454,0.27488,0.07,0.02
2012.07.02 12:26:10.444,0.27457,0.27498,0.03,0.02
2012.07.02 12:26:10.751,0.27462,0.27493,0.02,0.02
2012.07.02 12:26:10.853,0.27462,0.27496,0.02,0.02
2012.07.02 12:26:11.646,0.27471,0.27507,0.05,0.02
2012.07.02 12:26:11.722,0.27474,0.27506,0.02,0.03
2012.07.02 12:26:11.873,0.27464,0.27498,0.03,0.02
2012.07.02 12:26:12.632,0.27467,0.275,0.03,0.03
2012.07.02 12:26:13.193,0.27474,0.27509,0.03,0.02
2012.07.02 12:26:22.384,0.27469,0.275,0.03,0.02
2012.07.02 12:26:23.912,0.27466,0.275,0.05,0.02
2012.07.02 12:26:24.640,0.27469,0.27501,0.03,0.02
2012.07.02 12:26:25.631,0.27484,0.27514,0.02,0.02
2012.07.02 12:26:26.170,0.27483,0.27515,0.03,0.02
2012.07.02 12:26:26.572,0.27475,0.27507,0.03,0.02
2012.07.02 12:26:27.202,0.27471,0.27506,0.05,0.02
2012.07.02 12:26:31.621,0.27484,0.27516,0.03,0.02
2012.07.02 12:26:32.165,0.27484,0.27514,0.02,0.02
2012.07.02 12:26:32.705,0.27476,0.27508,0.03,0.02
2012.07.02 12:26:36.391,0.27484,0.27519,0.03,0.02
2012.07.02 12:26:36.485,0.2748,0.2751,0.05,0.02
2012.07.02 12:26:39.685,0.27475,0.2751,0.05,0.02
2012.07.02 12:26:40.463,0.2748,0.2751,0.05,0.02
2012.07.02 12:26:43.123,0.27478,0.27509,0.03,0.02
2012.07.02 12:26:44.391,0.27483,0.27517,0.03,0.02
2012.07.02 12:26:53.073,0.27473,0.27505,0.03,0.02
2012.07.02 12:26:53.420,0.27481,0.27513,0.04,0.02
2012.07.02 12:26:53.732,0.27473,0.27506,0.03,0.02
2012.07.02 12:26:54.986,0.27471,0.27504,0.05,0.02
2012.07.02 12:26:55.780,0.2748,0.27511,0.04,0.02
2012.07.02 12:26:57.871,0.27468,0.27502,0.05,0.02
2012.07.02 12:26:57.991,0.2748,0.27513,0.05,0.02
2012.07.02 12:27:00.406,0.27483,0.27514,0.02,0.02
2012.07.02 12:27:00.561,0.27473,0.27506,0.03,0.02
2012.07.02 12:27:01.574,0.27484,0.27516,0.03,0.03
2012.07.02 12:27:03.359,0.27472,0.27504,0.05,0.02
2012.07.02 12:27:05.321,0.27483,0.27517,0.03,0.03
2012.07.02 12:27:05.392,0.27473,0.27506,0.03,0.02
2012.07.02 12:27:06.341,0.27476,0.27509,0.02,0.03
2012.07.02 12:27:08.543,0.27474,0.27507,0.03,0.02
2012.07.02 12:27:11.367,0.27471,0.27505,0.05,0.02
2012.07.02 12:27:12.050,0.27474,0.27509,0.04,0.02
2012.07.02 12:27:12.883,0.27474,0.27507,0.05,0.02
2012.07.02 12:27:13.093,0.27472,0.27506,0.05,0.02
2012.07.02 12:27:14.350,0.27474,0.27508,0.05,0.02
2012.07.02 12:27:14.611,0.27476,0.27509,0.03,0.02
2012.07.02 12:27:15.160,0.27483,0.27517,0.03,0.02
2012.07.02 12:27:18.251,0.27474,0.27508,0.04,0.02
2012.07.02 12:27:19.851,0.27476,0.27509,0.03,0.02
2012.07.02 12:27:19.971,0.27475,0.27507,0.03,0.02
2012.07.02 12:27:20.124,0.27476,0.2751,0.03,0.02
2012.07.02 12:27:20.685,0.27474,0.27508,0.04,0.02
2012.07.02 12:27:24.150,0.27474,0.27505,0.03,0.02
2012.07.02 12:27:24.530,0.27474,0.27508,0.03,0.02
2012.07.02 12:27:25.311,0.27474,0.27505,0.03,0.02
2012.07.02 12:27:28.881,0.27483,0.27515,0.03,0.02
2012.07.02 12:27:31.632,0.27484,0.27516,0.02,0.03
2012.07.02 12:27:35.200,0.27472,0.27503,0.03,0.02
2012.07.02 12:27:37.901,0.2747,0.275,0.05,0.02
2012.07.02 12:27:37.961,0.27474,0.27508,0.03,0.02
2012.07.02 12:27:38.080,0.27468,0.27499,0.03,0.02
2012.07.02 12:27:38.140,0.27474,0.27506,0.03,0.02
2012.07.02 12:27:38.560,0.27468,0.27501,0.03,0.02
2012.07.02 12:27:39.262,0.27466,0.275,0.05,0.02
2012.07.02 12:27:41.991,0.27473,0.27506,0.03,0.03
2012.07.02 12:27:42.319,0.27466,0.27497,0.03,0.02
2012.07.02 12:27:43.984,0.27466,0.27499,0.03,0.02
2012.07.02 12:27:45.871,0.27464,0.27497,0.03,0.02
2012.07.02 12:27:46.331,0.27464,0.27495,0.03,0.02
2012.07.02 12:27:46.450,0.2747,0.27503,0.05,0.02
2012.07.02 12:27:46.691,0.27473,0.27503,0.02,0.02
2012.07.02 12:27:46.899,0.27463,0.27498,0.03,0.03
2012.07.02 12:27:46.979,0.27464,0.27498,0.05,0.03
2012.07.02 12:27:47.100,0.27462,0.27496,0.05,0.02
2012.07.02 12:27:47.983,0.27465,0.27497,0.05,0.02
2012.07.02 12:27:48.694,0.27474,0.27506,0.02,0.03
2012.07.02 12:27:48.772,0.27464,0.27498,0.05,0.02
2012.07.02 12:27:48.830,0.27464,0.27495,0.05,0.02
2012.07.02 12:27:49.071,0.27463,0.27495,0.03,0.02
2012.07.02 12:27:49.628,0.27463,0.27497,0.03,0.02
2012.07.02 12:27:49.811,0.27463,0.27499,0.03,0.02
2012.07.02 12:27:50.630,0.27461,0.27494,0.05,0.02
2012.07.02 12:27:50.941,0.27458,0.2749,0.05,0.02
2012.07.02 12:27:51.121,0.2746,0.27494,0.05,0.02
2012.07.02 12:27:51.687,0.27464,0.27494,0.02,0.02
2012.07.02 12:27:52.027,0.27455,0.27487,0.03,0.02
2012.07.02 12:27:52.522,0.27456,0.27489,0.03,0.02
2012.07.02 12:27:53.071,0.27463,0.27495,0.02,0.03
2012.07.02 12:27:55.695,0.2746,0.27492,0.04,0.03
2012.07.02 12:27:58.910,0.27464,0.27496,0.02,0.03
2012.07.02 12:28:01.761,0.27458,0.27492,0.03,0.02
2012.07.02 12:28:01.891,0.27461,0.27495,0.05,0.02
2012.07.02 12:28:02.241,0.27464,0.27498,0.03,0.02
2012.07.02 12:28:02.954,0.27461,0.27492,0.05,0.02
2012.07.02 12:28:03.733,0.27457,0.2749,0.03,0.02
2012.07.02 12:28:03.844,0.27461,0.27492,0.05,0.02
2012.07.02 12:28:11.321,0.27463,0.27494,0.03,0.02
2012.07.02 12:28:14.391,0.27455,0.27488,0.05,0.02
2012.07.02 12:28:14.582,0.27455,0.27488,0.05,0.02
2012.07.02 12:28:15.090,0.27453,0.27491,0.05,0.02
2012.07.02 12:28:15.421,0.27463,0.27494,0.02,0.02
2012.07.02 12:28:17.712,0.27454,0.27491,0.05,0.02
2012.07.02 12:28:18.030,0.27464,0.27494,0.02,0.02
2012.07.02 12:28:21.632,0.27453,0.27491,0.05,0.02
2012.07.02 12:28:22.424,0.27464,0.27494,0.02,0.02
2012.07.02 12:28:32.962,0.27454,0.27486,0.03,0.02
2012.07.02 12:28:40.260,0.27455,0.27488,0.03,0.02
2012.07.02 12:28:40.410,0.27454,0.27488,0.05,0.02
2012.07.02 12:28:41.022,0.27454,0.27486,0.05,0.02
2012.07.02 12:28:46.850,0.27454,0.27489,0.05,0.02
2012.07.02 12:28:47.771,0.27451,0.27485,0.05,0.03
2012.07.02 12:28:47.922,0.27454,0.27486,0.05,0.02
2012.07.02 12:28:48.193,0.27451,0.27484,0.05,0.02
2012.07.02 12:28:53.132,0.27454,0.27492,0.05,0.02
2012.07.02 12:28:53.462,0.27464,0.27496,0.02,0.05
2012.07.02 12:28:53.531,0.27456,0.27489,0.05,0.02
2012.07.02 12:28:55.611,0.27455,0.27486,0.03,0.02
2012.07.02 12:28:55.891,0.27455,0.27488,0.05,0.02
2012.07.02 12:28:57.681,0.27461,0.27494,0.05,0.02
2012.07.02 12:28:58.262,0.27464,0.27495,0.02,0.02
2012.07.02 12:28:58.584,0.27464,0.27497,0.03,0.02
2012.07.02 12:28:59.272,0.27461,0.27493,0.04,0.02
2012.07.02 12:28:59.356,0.27461,0.27494,0.05,0.02
2012.07.02 12:29:05.170,0.27459,0.27493,0.03,0.03
2012.07.02 12:29:07.771,0.27463,0.27496,0.03,0.02
2012.07.02 12:29:10.598,0.27463,0.27494,0.03,0.02
2012.07.02 12:29:11.120,0.27463,0.27498,0.03,0.02
2012.07.02 12:29:11.742,0.27461,0.27492,0.05,0.02
2012.07.02 12:29:11.872,0.27463,0.27495,0.03,0.02
2012.07.02 12:29:17.452,0.27464,0.27499,0.03,0.03
2012.07.02 12:29:22.262,0.27458,0.2749,0.03,0.02
2012.07.02 12:29:22.331,0.27458,0.27492,0.03,0.02
2012.07.02 12:29:25.061,0.27461,0.27494,0.05,0.02
2012.07.02 12:29:26.571,0.27463,0.27502,0.03,0.03
2012.07.02 12:29:26.872,0.27469,0.27502,0.03,0.02
2012.07.02 12:29:27.674,0.27474,0.27504,0.02,0.02
2012.07.02 12:29:29.124,0.27463,0.27504,0.07,0.02
2012.07.02 12:29:29.735,0.27461,0.27494,0.05,0.02
2012.07.02 12:29:29.860,0.27463,0.27502,0.05,0.02
2012.07.02 12:29:31.047,0.27463,0.27501,0.03,0.02
2012.07.02 12:29:31.111,0.2746,0.27492,0.03,0.02
2012.07.02 12:29:35.001,0.27464,0.27501,0.03,0.02
2012.07.02 12:29:35.061,0.27464,0.27496,0.03,0.02
2012.07.02 12:29:35.120,0.27473,0.27505,0.02,0.02
2012.07.02 12:29:35.811,0.27465,0.27498,0.03,0.02
2012.07.02 12:29:37.790,0.27463,0.27495,0.03,0.02
2012.07.02 12:29:42.432,0.27474,0.27504,0.02,0.02
2012.07.02 12:29:43.150,0.27465,0.27497,0.03,0.02
2012.07.02 12:29:51.347,0.27461,0.27495,0.07,0.02
2012.07.02 12:29:51.411,0.27464,0.27499,0.03,0.03
2012.07.02 12:29:51.470,0.27458,0.2749,0.02,0.02
2012.07.02 12:29:51.591,0.27461,0.27492,0.05,0.02
2012.07.02 12:29:51.651,0.27464,0.27496,0.03,0.03
2012.07.02 12:29:52.021,0.27457,0.27489,0.03,0.02
2012.07.02 12:29:52.591,0.27458,0.27491,0.03,0.02
2012.07.02 12:29:55.561,0.27455,0.27489,0.03,0.02
2012.07.02 12:29:55.741,0.2746,0.27491,0.05,0.02
2012.07.02 12:29:58.011,0.27455,0.27489,0.03,0.02
2012.07.02 12:30:04.612,0.27455,0.27487,0.03,0.02
2012.07.02 12:30:05.175,0.27457,0.2749,0.03,0.02
2012.07.02 12:30:05.955,0.27463,0.27495,0.03,0.02
2012.07.02 12:30:06.022,0.27455,0.27487,0.02,0.02
2012.07.02 12:30:06.830,0.27461,0.27494,0.05,0.02
2012.07.02 12:30:07.825,0.27456,0.27489,0.05,0.02
2012.07.02 12:30:08.449,0.27454,0.27486,0.05,0.02
2012.07.02 12:30:08.591,0.27451,0.27485,0.10,0.02
2012.07.02 12:30:08.651,0.27454,0.27485,0.05,0.02
2012.07.02 12:30:09.481,0.27454,0.27487,0.05,0.02
2012.07.02 12:30:10.231,0.27451,0.27484,0.06,0.02
2012.07.02 12:30:10.681,0.27454,0.27489,0.03,0.03
2012.07.02 12:30:11.033,0.27447,0.2748,0.03,0.02
2012.07.02 12:30:11.230,0.27452,0.27485,0.03,0.03
2012.07.02 12:30:11.291,0.27445,0.27478,0.03,0.02
2012.07.02 12:30:12.476,0.27444,0.27478,0.05,0.02
2012.07.02 12:30:13.131,0.27439,0.2747,0.05,0.02
2012.07.02 12:30:13.343,0.27442,0.27474,0.05,0.02
2012.07.02 12:30:13.471,0.27444,0.27478,0.03,0.03
2012.07.02 12:30:13.812,0.27443,0.27474,0.03,0.02
2012.07.02 12:30:14.052,0.27443,0.27477,0.03,0.03
2012.07.02 12:30:14.831,0.27437,0.2747,0.03,0.02
2012.07.02 12:30:15.211,0.27443,0.27476,0.03,0.02
2012.07.02 12:30:16.661,0.27431,0.27469,0.05,0.03
2012.07.02 12:30:17.191,0.27434,0.2747,0.03,0.02
2012.07.02 12:30:18.673,0.27433,0.27464,0.03,0.02
2012.07.02 12:30:18.881,0.27434,0.27468,0.03,0.02
2012.07.02 12:30:19.002,0.27434,0.27466,0.03,0.03
2012.07.02 12:30:19.071,0.27428,0.2746,0.03,0.02
2012.07.02 12:30:21.112,0.27429,0.27462,0.03,0.02
2012.07.02 12:30:22.041,0.2743,0.27461,0.03,0.02
2012.07.02 12:30:23.261,0.27433,0.27465,0.03,0.02
2012.07.02 12:30:27.969,0.27433,0.27467,0.03,0.05
2012.07.02 12:30:28.305,0.27434,0.27467,0.03,0.02
2012.07.02 12:30:29.070,0.27434,0.2747,0.03,0.02
2012.07.02 12:30:30.021,0.27433,0.27465,0.03,0.02
2012.07.02 12:30:30.321,0.27433,0.27467,0.03,0.02
2012.07.02 12:30:31.819,0.27433,0.27472,0.03,0.02
2012.07.02 12:30:32.570,0.27434,0.27468,0.05,0.02
2012.07.02 12:30:33.191,0.27434,0.2747,0.05,0.02
2012.07.02 12:30:33.551,0.27443,0.27474,0.03,0.02
2012.07.02 12:30:33.871,0.27443,0.27478,0.03,0.02
2012.07.02 12:30:34.191,0.27449,0.27482,0.02,0.02
2012.07.02 12:30:36.666,0.27449,0.2748,0.02,0.02
2012.07.02 12:30:36.791,0.27454,0.27486,0.03,0.02
2012.07.02 12:30:37.648,0.27446,0.27478,0.03,0.02
2012.07.02 12:30:37.922,0.27443,0.27482,0.05,0.02
2012.07.02 12:30:38.161,0.27443,0.27479,0.05,0.02
2012.07.02 12:30:38.691,0.27445,0.27486,0.03,0.05
2012.07.02 12:30:38.942,0.27446,0.2748,0.05,0.02
2012.07.02 12:30:41.353,0.27443,0.27474,0.03,0.02
2012.07.02 12:30:41.881,0.27443,0.27476,0.03,0.02
2012.07.02 12:30:42.350,0.27443,0.27474,0.03,0.02
2012.07.02 12:30:45.285,0.27443,0.27475,0.03,0.02
2012.07.02 12:30:50.259,0.27443,0.27483,0.03,0.03
2012.07.02 12:30:50.381,0.27449,0.27482,0.03,0.03
2012.07.02 12:30:50.441,0.27443,0.27482,0.03,0.03
2012.07.02 12:30:51.021,0.27443,0.27474,0.03,0.02
2012.07.02 12:30:51.411,0.27443,0.27475,0.03,0.02
2012.07.02 12:31:11.216,0.27444,0.27483,0.03,0.02
2012.07.02 12:31:11.717,0.27443,0.27484,0.07,0.03
2012.07.02 12:31:11.841,0.27443,0.27479,0.07,0.02
2012.07.02 12:31:11.902,0.27445,0.27485,0.03,0.02
2012.07.02 12:31:13.071,0.27443,0.27483,0.05,0.03
2012.07.02 12:31:13.694,0.27444,0.27478,0.05,0.02
2012.07.02 12:31:27.268,0.27444,0.27481,0.05,0.02
2012.07.02 12:31:27.331,0.27443,0.27476,0.03,0.02
2012.07.02 12:31:30.461,0.27443,0.27478,0.03,0.02
2012.07.02 12:31:30.893,0.27443,0.27475,0.03,0.02
2012.07.02 12:31:33.264,0.27443,0.27476,0.03,0.02
2012.07.02 12:31:36.728,0.27443,0.27475,0.03,0.02
2012.07.02 12:31:37.391,0.27443,0.27476,0.03,0.02
2012.07.02 12:31:37.988,0.27443,0.27483,0.03,0.02
2012.07.02 12:31:38.341,0.27445,0.27481,0.02,0.02
2012.07.02 12:31:38.463,0.27444,0.27479,0.03,0.02
2012.07.02 12:31:42.203,0.27444,0.27484,0.05,0.02
2012.07.02 12:31:42.472,0.27445,0.27479,0.03,0.02
2012.07.02 12:31:45.083,0.27453,0.27488,0.03,0.03
2012.07.02 12:31:47.101,0.27447,0.2748,0.02,0.02
2012.07.02 12:31:47.162,0.27447,0.2748,0.03,0.02
2012.07.02 12:31:49.992,0.27448,0.27481,0.05,0.02
2012.07.02 12:31:50.510,0.27444,0.27476,0.03,0.02
2012.07.02 12:31:50.949,0.27444,0.27476,0.03,0.02
2012.07.02 12:31:51.792,0.27444,0.27482,0.03,0.02
2012.07.02 12:31:51.852,0.27444,0.27478,0.03,0.02
2012.07.02 12:31:54.104,0.27444,0.27476,0.05,0.02
2012.07.02 12:31:57.003,0.27444,0.2748,0.05,0.02
2012.07.02 12:31:57.661,0.27444,0.27479,0.05,0.02
2012.07.02 12:31:58.501,0.27445,0.2748,0.02,0.02
2012.07.02 12:32:00.263,0.27443,0.27479,0.05,0.02
2012.07.02 12:32:01.111,0.27444,0.27481,0.05,0.02
2012.07.02 12:32:01.561,0.2745,0.27485,0.02,0.02
2012.07.02 12:32:01.753,0.27454,0.27489,0.03,0.02
2012.07.02 12:32:02.087,0.27454,0.27492,0.03,0.03
2012.07.02 12:32:02.932,0.27453,0.27487,0.03,0.02
2012.07.02 12:32:03.641,0.2745,0.27481,0.05,0.02
2012.07.02 12:32:06.270,0.27453,0.27484,0.03,0.02
2012.07.02 12:32:06.820,0.27453,0.27487,0.03,0.03
2012.07.02 12:32:06.942,0.27447,0.27481,0.03,0.02
2012.07.02 12:32:07.966,0.27445,0.2748,0.03,0.02
2012.07.02 12:32:08.092,0.2745,0.27482,0.03,0.02
2012.07.02 12:32:08.521,0.27454,0.27487,0.03,0.02
2012.07.02 12:32:10.041,0.27447,0.2748,0.03,0.02
2012.07.02 12:32:10.161,0.2745,0.27482,0.05,0.02
2012.07.02 12:32:10.694,0.2745,0.27482,0.05,0.02
2012.07.02 12:32:11.449,0.27447,0.27481,0.03,0.02
2012.07.02 12:32:13.588,0.27453,0.27486,0.03,0.02
2012.07.02 12:32:13.674,0.27446,0.2748,0.05,0.02
2012.07.02 12:32:14.181,0.27454,0.27486,0.03,0.04
2012.07.02 12:32:14.895,0.27449,0.2748,0.03,0.02
2012.07.02 12:32:17.313,0.27447,0.27479,0.03,0.02
2012.07.02 12:32:17.681,0.27449,0.2748,0.03,0.02
2012.07.02 12:32:18.104,0.27447,0.27479,0.03,0.02
2012.07.02 12:32:19.205,0.27447,0.27481,0.03,0.02
2012.07.02 12:32:21.151,0.27445,0.27479,0.03,0.02
2012.07.02 12:32:23.301,0.27443,0.27483,0.07,0.02
2012.07.02 12:32:23.842,0.27443,0.2748,0.07,0.02
2012.07.02 12:32:41.290,0.27446,0.27479,0.03,0.02
2012.07.02 12:32:47.444,0.2745,0.27482,0.05,0.02
2012.07.02 12:32:47.571,0.27453,0.27487,0.03,0.05
2012.07.02 12:32:48.032,0.27448,0.2748,0.03,0.02
2012.07.02 12:32:48.143,0.2745,0.27482,0.05,0.02
2012.07.02 12:32:51.391,0.27453,0.27487,0.03,0.02
2012.07.02 12:32:52.081,0.2745,0.27484,0.03,0.02
2012.07.02 12:32:52.661,0.27453,0.27488,0.03,0.02
2012.07.02 12:32:56.701,0.27453,0.2749,0.03,0.03
2012.07.02 12:32:56.761,0.27453,0.27486,0.03,0.02
2012.07.02 12:32:56.822,0.2745,0.27484,0.03,0.02
2012.07.02 12:32:57.351,0.27454,0.27492,0.03,0.02
2012.07.02 12:32:58.005,0.27454,0.2749,0.03,0.02
2012.07.02 12:32:58.232,0.27454,0.27486,0.03,0.02
2012.07.02 12:32:59.000,0.27454,0.27485,0.03,0.02
2012.07.02 12:33:02.042,0.27454,0.27493,0.03,0.02
2012.07.02 12:33:02.161,0.27453,0.27487,0.05,0.02
2012.07.02 12:33:07.902,0.27463,0.27494,0.02,0.02
2012.07.02 12:33:08.731,0.27453,0.27487,0.05,0.02
2012.07.02 12:33:09.445,0.27454,0.27486,0.02,0.02
2012.07.02 12:33:09.992,0.27454,0.27486,0.02,0.02
2012.07.02 12:33:14.464,0.27453,0.27484,0.03,0.02
2012.07.02 12:33:15.122,0.2745,0.27482,0.03,0.02
2012.07.02 12:33:15.677,0.27453,0.2749,0.03,0.03
2012.07.02 12:33:15.742,0.27453,0.27485,0.02,0.02
2012.07.02 12:33:15.801,0.27453,0.27486,0.03,0.02
2012.07.02 12:33:16.741,0.27451,0.27484,0.03,0.02
2012.07.02 12:33:17.097,0.27454,0.27485,0.03,0.02
2012.07.02 12:33:17.264,0.27451,0.27483,0.03,0.02
2012.07.02 12:33:18.207,0.27454,0.27486,0.03,0.02
2012.07.02 12:33:18.271,0.27454,0.27485,0.03,0.02
2012.07.02 12:33:19.186,0.2745,0.27483,0.05,0.02
2012.07.02 12:33:19.253,0.27454,0.27486,0.03,0.03
2012.07.02 12:33:20.716,0.27453,0.27484,0.03,0.02
2012.07.02 12:33:27.939,0.27451,0.27483,0.03,0.02
2012.07.02 12:33:29.971,0.27447,0.2748,0.03,0.02
2012.07.02 12:33:30.577,0.27446,0.27479,0.03,0.02
2012.07.02 12:33:31.250,0.27447,0.2748,0.03,0.02
2012.07.02 12:33:31.929,0.27453,0.27485,0.03,0.02
2012.07.02 12:33:40.081,0.27454,0.27485,0.02,0.02
2012.07.02 12:33:51.059,0.27447,0.2748,0.03,0.02
2012.07.02 12:33:55.201,0.27453,0.27484,0.03,0.02
2012.07.02 12:34:00.102,0.2745,0.27483,0.05,0.02
2012.07.02 12:34:02.545,0.2745,0.27481,0.05,0.02
2012.07.02 12:34:02.613,0.27451,0.27483,0.03,0.02
2012.07.02 12:34:07.865,0.27446,0.2748,0.05,0.02
2012.07.02 12:34:12.612,0.27445,0.27478,0.05,0.02
2012.07.02 12:34:13.553,0.27446,0.27477,0.03,0.02
2012.07.02 12:34:17.901,0.27443,0.27476,0.03,0.02
2012.07.02 12:34:18.021,0.27441,0.27473,0.05,0.02
2012.07.02 12:34:21.464,0.27441,0.27474,0.03,0.02
2012.07.02 12:34:22.473,0.27444,0.27476,0.03,0.03
2012.07.02 12:34:22.542,0.27444,0.2748,0.03,0.03
2012.07.02 12:34:22.932,0.27439,0.27476,0.02,0.02
2012.07.02 12:34:23.054,0.27441,0.27473,0.05,0.02
2012.07.02 12:34:23.444,0.27441,0.27472,0.05,0.02
2012.07.02 12:34:23.807,0.27443,0.27477,0.03,0.02
2012.07.02 12:34:23.872,0.27444,0.27475,0.03,0.02
2012.07.02 12:34:31.347,0.27438,0.27473,0.03,0.02
2012.07.02 12:34:31.423,0.27444,0.27476,0.03,0.02
2012.07.02 12:34:31.955,0.27444,0.27476,0.02,0.03
2012.07.02 12:34:32.671,0.27444,0.27476,0.03,0.03
2012.07.02 12:34:33.259,0.27439,0.27472,0.03,0.02
2012.07.02 12:34:35.357,0.27441,0.27472,0.05,0.02
2012.07.02 12:34:38.299,0.27441,0.27472,0.05,0.02
2012.07.02 12:34:38.361,0.27438,0.2747,0.05,0.02
2012.07.02 12:34:40.342,0.27441,0.27471,0.05,0.02
2012.07.02 12:34:40.401,0.27444,0.27475,0.02,0.02
2012.07.02 12:34:41.752,0.27437,0.2747,0.05,0.02
2012.07.02 12:34:42.391,0.27436,0.27468,0.03,0.02
2012.07.02 12:34:42.611,0.27437,0.2747,0.05,0.02
2012.07.02 12:34:42.863,0.27438,0.2747,0.05,0.02
2012.07.02 12:34:45.822,0.27439,0.27472,0.05,0.02
2012.07.02 12:34:46.493,0.27433,0.27472,0.05,0.02
2012.07.02 12:34:46.631,0.27433,0.27467,0.05,0.02
2012.07.02 12:34:47.485,0.27433,0.27468,0.05,0.02
2012.07.02 12:34:48.621,0.27433,0.27467,0.03,0.02
2012.07.02 12:34:48.801,0.27431,0.27463,0.05,0.02
2012.07.02 12:34:49.215,0.27434,0.27467,0.03,0.02
2012.07.02 12:34:49.731,0.27429,0.27462,0.03,0.02
2012.07.02 12:34:50.041,0.27434,0.27465,0.02,0.02
2012.07.02 12:34:50.253,0.27431,0.27464,0.03,0.02
2012.07.02 12:34:50.381,0.27429,0.27462,0.03,0.02
2012.07.02 12:34:50.550,0.27431,0.27464,0.03,0.02
2012.07.02 12:34:51.262,0.27432,0.27465,0.03,0.02
2012.07.02 12:34:51.984,0.27431,0.27463,0.03,0.02
2012.07.02 12:34:52.431,0.27428,0.27461,0.03,0.02
2012.07.02 12:34:52.615,0.27425,0.27461,0.02,0.02
2012.07.02 12:34:52.742,0.27434,0.27465,0.02,0.02
2012.07.02 12:34:54.392,0.27429,0.27461,0.03,0.02
2012.07.02 12:34:55.515,0.27425,0.27458,0.03,0.02
2012.07.02 12:34:55.972,0.27421,0.27452,0.03,0.02
2012.07.02 12:34:56.161,0.27417,0.27452,0.02,0.02
2012.07.02 12:34:56.526,0.27424,0.27456,0.02,0.03
2012.07.02 12:34:57.203,0.27424,0.27454,0.03,0.02
2012.07.02 12:34:57.381,0.27421,0.27453,0.05,0.02
2012.07.02 12:34:58.118,0.27424,0.27459,0.03,0.02
2012.07.02 12:34:58.193,0.27424,0.27456,0.03,0.03
2012.07.02 12:34:58.761,0.27423,0.2746,0.03,0.02
2012.07.02 12:34:59.282,0.27424,0.27456,0.03,0.03
2012.07.02 12:35:00.576,0.27424,0.2746,0.03,0.02
2012.07.02 12:35:01.099,0.27423,0.27457,0.03,0.02
2012.07.02 12:35:02.522,0.27423,0.27456,0.03,0.02
2012.07.02 12:35:03.131,0.27423,0.27457,0.05,0.02
2012.07.02 12:35:03.192,0.27423,0.27459,0.05,0.02
2012.07.02 12:35:04.913,0.27433,0.27464,0.02,0.02
2012.07.02 12:35:05.392,0.27423,0.27458,0.05,0.02
2012.07.02 12:35:06.591,0.27434,0.27464,0.02,0.02
2012.07.02 12:35:07.209,0.27428,0.27459,0.03,0.02
2012.07.02 12:35:07.552,0.27425,0.27458,0.03,0.02
2012.07.02 12:35:08.220,0.27433,0.27464,0.02,0.02
2012.07.02 12:35:09.911,0.27434,0.27464,0.02,0.02
2012.07.02 12:35:09.971,0.27428,0.27459,0.03,0.02
2012.07.02 12:35:10.542,0.27433,0.27465,0.03,0.02
2012.07.02 12:35:10.602,0.27431,0.27464,0.03,0.02
2012.07.02 12:35:11.192,0.27434,0.27465,0.02,0.02
2012.07.02 12:35:11.529,0.2743,0.27463,0.03,0.02
2012.07.02 12:35:12.053,0.27433,0.27464,0.02,0.02
2012.07.02 12:35:18.552,0.27433,0.27466,0.03,0.02
2012.07.02 12:35:18.732,0.27431,0.27463,0.03,0.02
2012.07.02 12:35:19.548,0.27431,0.27463,0.03,0.02
2012.07.02 12:35:20.062,0.2743,0.27462,0.05,0.02
2012.07.02 12:35:20.423,0.27414,0.27447,0.03,0.02
2012.07.02 12:35:20.672,0.27414,0.27448,0.03,0.02
2012.07.02 12:35:23.132,0.27413,0.27447,0.03,0.03
2012.07.02 12:35:23.312,0.27413,0.27444,0.03,0.02
2012.07.02 12:35:23.582,0.27413,0.27447,0.03,0.04
2012.07.02 12:35:23.651,0.27414,0.27451,0.02,0.02
2012.07.02 12:35:24.413,0.27423,0.27456,0.03,0.02
2012.07.02 12:35:24.481,0.27424,0.27456,0.03,0.04
2012.07.02 12:35:25.071,0.27424,0.27455,0.03,0.02
2012.07.02 12:35:25.392,0.27424,0.27456,0.03,0.02
2012.07.02 12:35:26.866,0.27424,0.27458,0.03,0.02
2012.07.02 12:35:26.934,0.27424,0.27456,0.03,0.02
2012.07.02 12:35:30.002,0.27421,0.27454,0.05,0.02
2012.07.02 12:35:30.203,0.27423,0.27454,0.03,0.02
2012.07.02 12:35:35.452,0.27419,0.27452,0.03,0.02
2012.07.02 12:35:37.501,0.27421,0.27454,0.03,0.02
2012.07.02 12:35:38.661,0.27424,0.27455,0.02,0.02
2012.07.02 12:35:38.812,0.27418,0.27454,0.02,0.02
2012.07.02 12:35:50.620,0.27422,0.27454,0.03,0.02
2012.07.02 12:35:51.820,0.27423,0.27456,0.03,0.02
2012.07.02 12:35:52.909,0.27423,0.27453,0.03,0.02
2012.07.02 12:35:54.166,0.27424,0.27456,0.03,0.03
2012.07.02 12:35:54.684,0.27423,0.27455,0.03,0.02
2012.07.02 12:36:14.343,0.27423,0.27455,0.03,0.02
2012.07.02 12:36:15.240,0.27423,0.27457,0.03,0.04
2012.07.02 12:36:18.623,0.27422,0.27459,0.02,0.03
2012.07.02 12:36:18.751,0.27422,0.27458,0.02,0.02
2012.07.02 12:36:20.215,0.27421,0.27457,0.02,0.02
2012.07.02 12:36:20.802,0.27421,0.2746,0.02,0.02
2012.07.02 12:36:27.953,0.27421,0.27461,0.02,0.02
2012.07.02 12:36:28.012,0.27423,0.27459,0.02,0.02
2012.07.02 12:36:28.381,0.27426,0.27461,0.02,0.02
2012.07.02 12:36:32.243,0.27426,0.27463,0.02,0.02
2012.07.02 12:36:32.482,0.27426,0.27465,0.02,0.02
2012.07.02 12:36:32.602,0.27426,0.27467,0.02,0.03
2012.07.02 12:36:33.111,0.27431,0.27464,0.05,0.02
2012.07.02 12:36:36.933,0.2744,0.2747,0.04,0.02
2012.07.02 12:36:37.182,0.2744,0.27473,0.05,0.02
2012.07.02 12:36:37.253,0.2744,0.27474,0.05,0.02
2012.07.02 12:36:37.625,0.27437,0.27471,0.05,0.02
2012.07.02 12:36:39.463,0.27436,0.2747,0.05,0.02
2012.07.02 12:36:39.532,0.27435,0.27467,0.05,0.02
2012.07.02 12:36:39.592,0.27437,0.27469,0.05,0.02
2012.07.02 12:36:40.532,0.27433,0.27468,0.03,0.02
2012.07.02 12:36:40.592,0.27433,0.27469,0.03,0.02
2012.07.02 12:36:40.931,0.27423,0.27462,0.04,0.02
2012.07.02 12:36:40.995,0.27423,0.27459,0.05,0.02
2012.07.02 12:36:41.182,0.27423,0.27464,0.03,0.02
2012.07.02 12:36:41.242,0.27425,0.27462,0.02,0.02
2012.07.02 12:36:41.592,0.27424,0.2746,0.02,0.02
2012.07.02 12:36:41.875,0.27424,0.27461,0.02,0.02
2012.07.02 12:36:41.941,0.27424,0.27466,0.03,0.02
2012.07.02 12:36:42.992,0.27431,0.27463,0.05,0.02
2012.07.02 12:36:43.453,0.27431,0.27465,0.05,0.02
2012.07.02 12:36:43.881,0.27431,0.27463,0.05,0.02
2012.07.02 12:36:46.464,0.2743,0.27461,0.05,0.02
2012.07.02 12:36:46.524,0.2743,0.27464,0.05,0.02
2012.07.02 12:36:48.781,0.2743,0.27463,0.05,0.02
2012.07.02 12:36:49.551,0.27427,0.27461,0.05,0.02
2012.07.02 12:36:50.172,0.2743,0.27463,0.05,0.02
2012.07.02 12:36:50.375,0.2743,0.27466,0.05,0.05
2012.07.02 12:36:51.312,0.27424,0.27461,0.05,0.02
2012.07.02 12:36:54.411,0.27431,0.27463,0.05,0.02
2012.07.02 12:36:54.937,0.27431,0.27464,0.05,0.02
2012.07.02 12:36:58.062,0.27431,0.27463,0.05,0.02
2012.07.02 12:36:58.721,0.27431,0.27464,0.05,0.02
2012.07.02 12:37:00.314,0.27428,0.27462,0.05,0.02
2012.07.02 12:37:03.682,0.27431,0.27463,0.05,0.02
2012.07.02 12:37:11.422,0.27431,0.27465,0.05,0.02
2012.07.02 12:37:11.644,0.27431,0.27467,0.05,0.05
2012.07.02 12:37:11.832,0.27434,0.2747,0.03,0.02
2012.07.02 12:37:12.264,0.27434,0.27471,0.03,0.02
2012.07.02 12:37:12.772,0.27435,0.27471,0.02,0.02
2012.07.02 12:37:13.787,0.27435,0.27475,0.02,0.02
2012.07.02 12:37:14.243,0.27434,0.27473,0.02,0.02
2012.07.02 12:37:14.832,0.27438,0.27473,0.02,0.02
2012.07.02 12:37:15.011,0.27437,0.27477,0.02,0.02
2012.07.02 12:37:15.072,0.27439,0.27475,0.02,0.02
2012.07.02 12:37:15.192,0.27437,0.27473,0.02,0.02
2012.07.02 12:37:15.438,0.27434,0.27471,0.05,0.02
2012.07.02 12:37:17.034,0.27437,0.27473,0.02,0.02
2012.07.02 12:37:17.694,0.27436,0.27471,0.02,0.02
2012.07.02 12:37:18.341,0.27437,0.27474,0.02,0.02
2012.07.02 12:37:18.803,0.2744,0.27476,0.05,0.05
2012.07.02 12:37:19.283,0.2744,0.27475,0.05,0.02
2012.07.02 12:37:23.774,0.27434,0.2747,0.03,0.02
2012.07.02 12:37:24.291,0.27434,0.27471,0.07,0.02
2012.07.02 12:37:29.425,0.27434,0.27468,0.03,0.02
2012.07.02 12:37:31.444,0.27428,0.27461,0.07,0.02
2012.07.02 12:37:31.512,0.27431,0.27468,0.05,0.03
2012.07.02 12:37:31.582,0.27431,0.27464,0.05,0.02
2012.07.02 12:37:32.103,0.27431,0.27465,0.05,0.02
2012.07.02 12:37:32.184,0.27431,0.27461,0.05,0.02
2012.07.02 12:37:32.515,0.27428,0.2746,0.05,0.02
2012.07.02 12:37:32.641,0.27424,0.27463,0.02,0.02
2012.07.02 12:37:33.155,0.27424,0.27464,0.02,0.03
2012.07.02 12:37:33.222,0.27423,0.27458,0.03,0.02
2012.07.02 12:37:51.413,0.27423,0.27462,0.03,0.02
2012.07.02 12:37:51.542,0.27421,0.27456,0.05,0.02
2012.07.02 12:37:51.971,0.27422,0.27459,0.02,0.02
2012.07.02 12:37:52.092,0.27421,0.27457,0.05,0.02
2012.07.02 12:37:55.991,0.27422,0.27459,0.02,0.02
2012.07.02 12:38:00.102,0.27422,0.27463,0.02,0.02
2012.07.02 12:38:00.653,0.27423,0.27462,0.02,0.02
2012.07.02 12:38:01.313,0.27422,0.2746,0.02,0.02
2012.07.02 12:38:04.097,0.27423,0.27457,0.03,0.02
2012.07.02 12:38:04.612,0.27423,0.27459,0.03,0.02
2012.07.02 12:38:06.592,0.27423,0.27464,0.05,0.02
2012.07.02 12:38:06.652,0.27425,0.27461,0.02,0.02
2012.07.02 12:38:07.201,0.27423,0.27459,0.05,0.02
2012.07.02 12:38:09.292,0.27423,0.27464,0.03,0.03
2012.07.02 12:38:09.455,0.27423,0.27457,0.03,0.02
2012.07.02 12:38:11.063,0.27423,0.27459,0.03,0.02
2012.07.02 12:38:11.381,0.27424,0.27466,0.03,0.03
2012.07.02 12:38:11.604,0.27426,0.27463,0.02,0.02
2012.07.02 12:38:11.924,0.27425,0.27461,0.02,0.02
2012.07.02 12:38:14.002,0.27427,0.27461,0.05,0.02
2012.07.02 12:38:14.873,0.2743,0.27466,0.05,0.02
2012.07.02 12:38:15.123,0.2743,0.2747,0.05,0.02
2012.07.02 12:38:16.282,0.27431,0.27473,0.03,0.03
2012.07.02 12:38:16.681,0.27434,0.27469,0.05,0.02
2012.07.02 12:38:18.213,0.27434,0.27467,0.05,0.02
2012.07.02 12:38:18.531,0.27434,0.27469,0.05,0.02
2012.07.02 12:38:19.182,0.27435,0.27471,0.03,0.02
2012.07.02 12:38:19.502,0.27434,0.27469,0.03,0.02
2012.07.02 12:38:20.282,0.27441,0.27481,0.06,0.02
2012.07.02 12:38:20.454,0.27441,0.27478,0.05,0.02
2012.07.02 12:38:20.595,0.27441,0.27474,0.05,0.02
2012.07.02 12:38:20.872,0.27438,0.27472,0.03,0.02
2012.07.02 12:38:20.936,0.27441,0.27477,0.05,0.02
2012.07.02 12:38:21.266,0.27439,0.27474,0.02,0.02
2012.07.02 12:38:21.818,0.27437,0.27472,0.03,0.02
2012.07.02 12:38:22.601,0.27437,0.27474,0.03,0.02
2012.07.02 12:38:22.861,0.27437,0.27472,0.03,0.02
2012.07.02 12:38:23.473,0.27437,0.27476,0.02,0.03
2012.07.02 12:38:23.602,0.27435,0.2747,0.02,0.02
2012.07.02 12:38:25.432,0.2744,0.27475,0.02,0.02
2012.07.02 12:38:25.493,0.27444,0.27481,0.03,0.02
2012.07.02 12:38:25.561,0.27444,0.27478,0.03,0.02
2012.07.02 12:38:25.942,0.27443,0.27482,0.03,0.02
2012.07.02 12:38:27.052,0.27443,0.27482,0.03,0.02
2012.07.02 12:38:27.370,0.27443,0.27476,0.03,0.02
2012.07.02 12:38:27.494,0.27443,0.27478,0.03,0.02
2012.07.02 12:38:27.562,0.27444,0.27486,0.03,0.02
2012.07.02 12:38:27.872,0.27451,0.27481,0.05,0.02
2012.07.02 12:38:28.442,0.27451,0.27484,0.05,0.02
2012.07.02 12:38:28.501,0.27448,0.27479,0.05,0.02
2012.07.02 12:38:28.644,0.27451,0.27487,0.05,0.04
2012.07.02 12:38:29.172,0.27451,0.27484,0.05,0.02
2012.07.02 12:38:29.453,0.27451,0.27485,0.05,0.02
2012.07.02 12:38:29.522,0.27453,0.27494,0.03,0.02
2012.07.02 12:38:31.320,0.27451,0.27484,0.05,0.02
2012.07.02 12:38:31.693,0.27453,0.27486,0.06,0.02
2012.07.02 12:38:32.052,0.27453,0.27491,0.05,0.02
2012.07.02 12:38:32.539,0.27453,0.27486,0.05,0.02
2012.07.02 12:38:32.604,0.27446,0.27479,0.05,0.02
2012.07.02 12:38:32.672,0.27451,0.27483,0.05,0.02
2012.07.02 12:38:32.732,0.27444,0.27477,0.03,0.02
2012.07.02 12:38:32.932,0.27444,0.27478,0.03,0.02
2012.07.02 12:38:33.104,0.27444,0.2748,0.03,0.02
2012.07.02 12:38:33.173,0.27445,0.27486,0.03,0.03
2012.07.02 12:38:33.243,0.27445,0.27482,0.03,0.02
2012.07.02 12:38:33.593,0.27448,0.27488,0.03,0.02
2012.07.02 12:38:37.192,0.27448,0.2748,0.03,0.02
2012.07.02 12:38:37.251,0.27451,0.27486,0.05,0.02
2012.07.02 12:38:38.100,0.27451,0.27486,0.05,0.04
2012.07.02 12:38:38.173,0.27451,0.27491,0.05,0.02
2012.07.02 12:38:38.983,0.27451,0.27488,0.05,0.02
2012.07.02 12:38:39.203,0.27451,0.27485,0.05,0.02
2012.07.02 12:38:39.313,0.27451,0.27485,0.05,0.02
2012.07.02 12:38:39.385,0.27446,0.2748,0.05,0.02
2012.07.02 12:38:39.533,0.27446,0.27478,0.05,0.02
2012.07.02 12:38:40.082,0.27444,0.27479,0.05,0.02
2012.07.02 12:38:40.571,0.27444,0.27478,0.07,0.02
2012.07.02 12:38:58.063,0.27444,0.27477,0.03,0.02
2012.07.02 12:38:58.582,0.27444,0.27478,0.03,0.02
2012.07.02 12:38:59.232,0.27444,0.27476,0.03,0.02
2012.07.02 12:39:00.126,0.27444,0.27478,0.03,0.02
2012.07.02 12:39:00.402,0.27448,0.2748,0.05,0.02
2012.07.02 12:39:03.135,0.27444,0.27478,0.05,0.02
2012.07.02 12:39:08.962,0.27441,0.27471,0.08,0.02
2012.07.02 12:39:09.022,0.27444,0.27477,0.05,0.03
2012.07.02 12:39:09.603,0.27436,0.27477,0.03,0.04
2012.07.02 12:39:10.793,0.27437,0.27473,0.02,0.02
2012.07.02 12:39:10.942,0.27439,0.27475,0.02,0.02
2012.07.02 12:39:12.064,0.27441,0.27476,0.02,0.02
2012.07.02 12:39:12.252,0.27441,0.2748,0.02,0.02
2012.07.02 12:39:13.092,0.27441,0.2748,0.02,0.02
2012.07.02 12:39:14.079,0.27444,0.27479,0.03,0.02
2012.07.02 12:39:15.733,0.27444,0.27477,0.03,0.02
2012.07.02 12:39:16.412,0.27443,0.27478,0.03,0.02
2012.07.02 12:39:19.422,0.27443,0.27486,0.03,0.02
2012.07.02 12:39:19.504,0.27443,0.27478,0.03,0.02
2012.07.02 12:39:20.046,0.27443,0.27476,0.03,0.02
2012.07.02 12:39:21.017,0.27443,0.27478,0.03,0.02
2012.07.02 12:39:22.007,0.27443,0.27476,0.03,0.02
2012.07.02 12:39:22.227,0.27443,0.27478,0.03,0.02
2012.07.02 12:39:33.235,0.27443,0.27476,0.03,0.02
2012.07.02 12:39:36.371,0.27443,0.27477,0.03,0.02
2012.07.02 12:39:36.432,0.2744,0.27474,0.05,0.02
2012.07.02 12:39:36.792,0.27437,0.27472,0.05,0.02
2012.07.02 12:39:37.173,0.2744,0.27471,0.05,0.02
2012.07.02 12:39:37.691,0.27433,0.27469,0.05,0.02
2012.07.02 12:39:37.822,0.27434,0.27466,0.03,0.02
2012.07.02 12:39:37.942,0.27434,0.27468,0.03,0.02
2012.07.02 12:39:38.382,0.27434,0.27468,0.03,0.02
2012.07.02 12:39:38.643,0.27434,0.27467,0.03,0.02
2012.07.02 12:39:38.982,0.27434,0.27469,0.05,0.02
2012.07.02 12:39:39.231,0.27434,0.27472,0.05,0.02
2012.07.02 12:39:39.292,0.27435,0.27471,0.02,0.02
2012.07.02 12:39:39.451,0.27436,0.27476,0.03,0.04
2012.07.02 12:39:39.513,0.27444,0.27474,0.02,0.02
2012.07.02 12:39:39.842,0.27444,0.27477,0.05,0.02
2012.07.02 12:39:40.233,0.27445,0.2748,0.02,0.02
2012.07.02 12:39:40.441,0.27443,0.27484,0.07,0.02
2012.07.02 12:39:40.991,0.2745,0.27484,0.05,0.02
2012.07.02 12:39:41.066,0.2745,0.27483,0.05,0.02
2012.07.02 12:39:41.571,0.2745,0.27483,0.05,0.02
2012.07.02 12:39:41.643,0.27445,0.27479,0.05,0.02
2012.07.02 12:39:42.662,0.27445,0.27482,0.02,0.02
2012.07.02 12:39:42.782,0.27445,0.27486,0.02,0.02
2012.07.02 12:39:43.093,0.27444,0.2748,0.03,0.02
2012.07.02 12:39:43.312,0.27444,0.27484,0.05,0.02
2012.07.02 12:39:43.643,0.27444,0.27476,0.05,0.02
2012.07.02 12:39:43.911,0.27444,0.27477,0.03,0.02
2012.07.02 12:39:44.112,0.27444,0.27476,0.02,0.02
2012.07.02 12:39:44.172,0.2744,0.27474,0.05,0.03
2012.07.02 12:39:44.422,0.2744,0.27475,0.05,0.02
2012.07.02 12:39:44.852,0.27443,0.2748,0.05,0.02
2012.07.02 12:39:44.973,0.27443,0.27478,0.05,0.02
2012.07.02 12:39:45.032,0.27446,0.27482,0.02,0.02
2012.07.02 12:39:45.093,0.27446,0.27486,0.03,0.02
2012.07.02 12:39:45.393,0.27447,0.27484,0.02,0.02
2012.07.02 12:39:45.842,0.27451,0.27489,0.05,0.02
2012.07.02 12:39:45.962,0.27454,0.27487,0.05,0.02
2012.07.02 12:39:46.064,0.27454,0.27485,0.05,0.02
2012.07.02 12:39:46.542,0.27454,0.27489,0.05,0.02
2012.07.02 12:39:47.220,0.27454,0.27488,0.04,0.02
2012.07.02 12:39:47.621,0.27453,0.27491,0.03,0.02
2012.07.02 12:39:47.971,0.27453,0.27488,0.03,0.02
2012.07.02 12:39:48.383,0.27451,0.27486,0.05,0.02
2012.07.02 12:39:48.949,0.27451,0.27485,0.05,0.02
2012.07.02 12:39:49.112,0.27448,0.27481,0.05,0.02
2012.07.02 12:39:49.612,0.27444,0.27477,0.05,0.02
2012.07.02 12:39:49.832,0.27442,0.27477,0.02,0.02
2012.07.02 12:39:49.892,0.27441,0.27472,0.05,0.02
2012.07.02 12:39:50.432,0.27436,0.27474,0.02,0.02
2012.07.02 12:39:50.653,0.27434,0.27469,0.05,0.02
2012.07.02 12:39:50.842,0.27433,0.27472,0.05,0.02
2012.07.02 12:39:50.904,0.27435,0.27472,0.02,0.02
2012.07.02 12:39:51.083,0.27436,0.27469,0.03,0.02
2012.07.02 12:39:51.142,0.27433,0.27469,0.05,0.02
2012.07.02 12:39:51.439,0.27436,0.27471,0.02,0.02
2012.07.02 12:39:51.603,0.27433,0.27468,0.05,0.02
2012.07.02 12:39:51.666,0.27434,0.27469,0.02,0.02
2012.07.02 12:39:52.193,0.27437,0.27474,0.02,0.02
2012.07.02 12:39:52.274,0.27437,0.27477,0.02,0.05
2012.07.02 12:39:52.831,0.2744,0.27476,0.05,0.02
2012.07.02 12:39:52.973,0.27441,0.27478,0.02,0.02
2012.07.02 12:39:53.203,0.27443,0.27482,0.03,0.02
2012.07.02 12:39:53.314,0.27443,0.2748,0.03,0.02
2012.07.02 12:39:53.384,0.27444,0.27485,0.03,0.02
2012.07.02 12:39:53.922,0.27451,0.27485,0.05,0.02
2012.07.02 12:39:54.084,0.27451,0.27485,0.05,0.02
2012.07.02 12:39:54.523,0.27451,0.27483,0.05,0.02
2012.07.02 12:39:54.652,0.27453,0.27485,0.03,0.02
2012.07.02 12:39:54.722,0.27453,0.27488,0.03,0.02
2012.07.02 12:39:55.111,0.27454,0.27485,0.03,0.02
2012.07.02 12:39:55.172,0.27446,0.27476,0.04,0.02
2012.07.02 12:39:55.492,0.27438,0.27473,0.05,0.03
2012.07.02 12:39:55.552,0.27435,0.27473,0.02,0.03
2012.07.02 12:39:56.246,0.27435,0.27476,0.02,0.03
2012.07.02 12:39:56.324,0.27439,0.27476,0.02,0.02
2012.07.02 12:39:56.452,0.27444,0.27481,0.03,0.02
2012.07.02 12:39:56.734,0.27444,0.27478,0.03,0.02
2012.07.02 12:39:56.862,0.27444,0.2748,0.05,0.02
2012.07.02 12:39:57.042,0.27443,0.27484,0.07,0.02
2012.07.02 12:39:57.232,0.27443,0.27481,0.05,0.02
2012.07.02 12:39:57.412,0.27451,0.27481,0.04,0.02
2012.07.02 12:39:57.612,0.27445,0.27477,0.05,0.02
2012.07.02 12:39:57.732,0.27444,0.27476,0.05,0.02
2012.07.02 12:39:57.931,0.27443,0.27477,0.02,0.03
2012.07.02 12:39:57.991,0.27447,0.27479,0.05,0.03
2012.07.02 12:39:58.322,0.27446,0.27477,0.05,0.02
2012.07.02 12:39:58.505,0.27443,0.27477,0.03,0.02
2012.07.02 12:39:58.963,0.27443,0.27479,0.03,0.02
2012.07.02 12:39:59.462,0.27444,0.27479,0.02,0.02
2012.07.02 12:39:59.942,0.27444,0.27483,0.02,0.02
2012.07.02 12:40:00.281,0.27437,0.27469,0.05,0.02
2012.07.02 12:40:00.920,0.27434,0.27475,0.07,0.02
2012.07.02 12:40:00.983,0.27434,0.27472,0.05,0.02
2012.07.02 12:40:01.102,0.27434,0.27476,0.07,0.03
2012.07.02 12:40:01.632,0.27435,0.27471,0.02,0.02
2012.07.02 12:40:02.363,0.27437,0.27473,0.02,0.02
2012.07.02 12:40:02.972,0.27434,0.27472,0.07,0.03
2012.07.02 12:40:04.851,0.27441,0.27476,0.03,0.04
2012.07.02 12:40:05.545,0.27444,0.27479,0.03,0.02
2012.07.02 12:40:05.781,0.2744,0.27475,0.04,0.02
2012.07.02 12:40:05.842,0.27437,0.27471,0.05,0.02
2012.07.02 12:40:06.205,0.2744,0.27475,0.05,0.02
2012.07.02 12:40:06.393,0.27443,0.27477,0.03,0.04
2012.07.02 12:40:06.827,0.27436,0.2747,0.02,0.02
2012.07.02 12:40:06.893,0.27434,0.27473,0.05,0.02
2012.07.02 12:40:07.103,0.27435,0.27475,0.02,0.02
2012.07.02 12:40:07.953,0.27436,0.27473,0.02,0.02
2012.07.02 12:40:08.441,0.27436,0.27477,0.03,0.03
2012.07.02 12:40:09.192,0.27443,0.27477,0.03,0.02
2012.07.02 12:40:09.252,0.27443,0.27477,0.03,0.02
2012.07.02 12:40:10.034,0.27443,0.27478,0.03,0.02
2012.07.02 12:40:10.181,0.27444,0.27481,0.05,0.02
2012.07.02 12:40:10.242,0.27444,0.2748,0.05,0.02
2012.07.02 12:40:10.384,0.27444,0.27485,0.05,0.02
2012.07.02 12:40:10.730,0.27445,0.27485,0.03,0.02
2012.07.02 12:40:10.852,0.27444,0.27485,0.05,0.02
2012.07.02 12:40:10.912,0.27447,0.27484,0.02,0.02
2012.07.02 12:40:11.391,0.27447,0.27486,0.02,0.02
2012.07.02 12:40:11.723,0.27444,0.27476,0.05,0.02
2012.07.02 12:40:12.328,0.27451,0.27483,0.05,0.03
2012.07.02 12:40:12.405,0.27451,0.27483,0.05,0.02
2012.07.02 12:40:13.092,0.27444,0.27481,0.02,0.02
2012.07.02 12:40:13.617,0.27448,0.2748,0.05,0.02
2012.07.02 12:40:13.883,0.27451,0.27481,0.05,0.02
2012.07.02 12:40:14.302,0.27447,0.27481,0.05,0.03
2012.07.02 12:40:14.846,0.27443,0.27483,0.05,0.02
2012.07.02 12:40:15.034,0.27443,0.27478,0.05,0.02
2012.07.02 12:40:15.363,0.27444,0.27479,0.05,0.02
2012.07.02 12:40:15.943,0.27444,0.27476,0.03,0.02
2012.07.02 12:40:16.361,0.27441,0.27473,0.05,0.02
2012.07.02 12:40:16.662,0.27436,0.27468,0.05,0.02
2012.07.02 12:40:16.721,0.27436,0.27468,0.05,0.02
2012.07.02 12:40:17.753,0.27431,0.27464,0.05,0.02
2012.07.02 12:40:17.931,0.27431,0.27464,0.05,0.02
2012.07.02 12:40:17.991,0.27431,0.27462,0.05,0.02
2012.07.02 12:40:18.314,0.27428,0.2746,0.05,0.02
2012.07.02 12:40:18.833,0.27424,0.27463,0.05,0.02
2012.07.02 12:40:18.892,0.27427,0.27463,0.02,0.02
2012.07.02 12:40:18.952,0.27427,0.27467,0.03,0.02
2012.07.02 12:40:19.040,0.27427,0.27466,0.02,0.03
2012.07.02 12:40:19.677,0.2743,0.27463,0.05,0.02
2012.07.02 12:40:20.443,0.27427,0.2746,0.05,0.02
2012.07.02 12:40:20.742,0.2743,0.27467,0.02,0.06
2012.07.02 12:40:21.262,0.27433,0.27469,0.05,0.02
2012.07.02 12:40:21.491,0.27434,0.27473,0.05,0.02
2012.07.02 12:40:23.024,0.27434,0.27465,0.05,0.02
2012.07.02 12:40:23.142,0.27431,0.27468,0.05,0.02
2012.07.02 12:40:23.202,0.27431,0.27464,0.05,0.02
2012.07.02 12:40:23.526,0.27431,0.27466,0.05,0.02
2012.07.02 12:40:24.243,0.27431,0.27463,0.05,0.02
2012.07.02 12:40:24.317,0.27431,0.27463,0.05,0.02
2012.07.02 12:40:25.532,0.27427,0.27466,0.02,0.03
2012.07.02 12:40:25.730,0.2743,0.27465,0.02,0.02
2012.07.02 12:40:26.303,0.27427,0.27465,0.02,0.02
2012.07.02 12:40:30.373,0.27431,0.27463,0.05,0.02
2012.07.02 12:40:30.980,0.27431,0.27464,0.05,0.02
2012.07.02 12:40:33.765,0.27428,0.27462,0.05,0.02
2012.07.02 12:40:37.622,0.27424,0.27461,0.02,0.02
2012.07.02 12:40:37.745,0.27424,0.27459,0.02,0.02
2012.07.02 12:40:38.177,0.27426,0.27461,0.02,0.02
2012.07.02 12:40:39.222,0.27424,0.2746,0.02,0.02
2012.07.02 12:40:39.724,0.2742,0.27456,0.05,0.02
2012.07.02 12:40:39.792,0.27421,0.27458,0.02,0.02
2012.07.02 12:40:40.262,0.27421,0.27459,0.02,0.02
2012.07.02 12:40:40.782,0.27424,0.2746,0.02,0.02
2012.07.02 12:40:41.329,0.27427,0.27464,0.02,0.02
2012.07.02 12:40:41.392,0.27427,0.27465,0.02,0.02
2012.07.02 12:40:41.923,0.27429,0.27466,0.02,0.04
2012.07.02 12:40:42.042,0.27431,0.27469,0.05,0.02
2012.07.02 12:40:42.238,0.27431,0.27468,0.05,0.02
2012.07.02 12:40:43.963,0.27431,0.27466,0.05,0.02
2012.07.02 12:40:48.962,0.27431,0.27469,0.05,0.02
2012.07.02 12:40:49.624,0.27434,0.27474,0.05,0.02
2012.07.02 12:40:49.709,0.27434,0.27468,0.05,0.02
2012.07.02 12:40:50.672,0.27444,0.27476,0.04,0.02
2012.07.02 12:40:50.732,0.27441,0.27474,0.05,0.02
2012.07.02 12:40:50.791,0.27444,0.2748,0.05,0.02
2012.07.02 12:40:51.104,0.27444,0.27477,0.05,0.02
2012.07.02 12:40:51.560,0.27451,0.27484,0.05,0.02
2012.07.02 12:40:51.895,0.27441,0.27473,0.08,0.02
2012.07.02 12:40:52.112,0.27436,0.27476,0.02,0.02
2012.07.02 12:40:55.762,0.27438,0.27478,0.02,0.02
2012.07.02 12:41:12.972,0.2744,0.2747,0.05,0.02
2012.07.02 12:41:13.032,0.2744,0.27476,0.05,0.02
2012.07.02 12:41:13.525,0.27434,0.27468,0.03,0.02
2012.07.02 12:41:13.653,0.27433,0.27472,0.03,0.02
2012.07.02 12:41:14.179,0.27433,0.27466,0.03,0.02
2012.07.02 12:41:14.242,0.27433,0.2747,0.03,0.02
2012.07.02 12:41:14.510,0.27432,0.27467,0.02,0.02
2012.07.02 12:41:14.572,0.27436,0.27476,0.03,0.02
2012.07.02 12:41:15.060,0.27433,0.27475,0.07,0.03
2012.07.02 12:41:15.792,0.27434,0.2747,0.05,0.02
2012.07.02 12:41:15.852,0.27434,0.27465,0.05,0.02
2012.07.02 12:41:16.172,0.27438,0.27474,0.02,0.02
2012.07.02 12:41:16.502,0.27437,0.27469,0.03,0.02
2012.07.02 12:41:16.562,0.27434,0.27473,0.02,0.02
2012.07.02 12:41:16.872,0.27434,0.27471,0.03,0.03
2012.07.02 12:41:17.195,0.27434,0.27465,0.03,0.02
2012.07.02 12:41:17.443,0.27438,0.27473,0.02,0.02
2012.07.02 12:41:17.829,0.27443,0.27478,0.03,0.02
2012.07.02 12:41:17.944,0.27443,0.27475,0.03,0.02
2012.07.02 12:41:18.710,0.27444,0.2748,0.03,0.03
2012.07.02 12:41:18.773,0.27443,0.27477,0.03,0.02
2012.07.02 12:41:19.313,0.2745,0.2748,0.04,0.02
2012.07.02 12:41:19.812,0.27452,0.27492,0.03,0.04
2012.07.02 12:41:20.031,0.27453,0.27492,0.05,0.02
2012.07.02 12:41:20.128,0.27453,0.27488,0.05,0.02
2012.07.02 12:41:20.622,0.27457,0.27489,0.05,0.02
2012.07.02 12:41:21.230,0.27457,0.2749,0.05,0.02
2012.07.02 12:41:21.537,0.27455,0.27488,0.05,0.02
2012.07.02 12:41:22.293,0.27457,0.2749,0.05,0.02
2012.07.02 12:41:22.472,0.27455,0.27488,0.05,0.02
2012.07.02 12:41:24.542,0.27454,0.27492,0.05,0.02
2012.07.02 12:41:24.759,0.27454,0.27491,0.05,0.02
2012.07.02 12:41:25.458,0.27453,0.27485,0.03,0.02
2012.07.02 12:41:25.683,0.27451,0.27483,0.05,0.02
2012.07.02 12:41:26.573,0.27449,0.27482,0.02,0.02
2012.07.02 12:41:27.180,0.27451,0.27489,0.05,0.03
2012.07.02 12:41:27.302,0.27451,0.27486,0.05,0.02
2012.07.02 12:41:27.362,0.27444,0.27477,0.03,0.02
2012.07.02 12:41:27.729,0.27443,0.27476,0.05,0.02
2012.07.02 12:41:28.253,0.27441,0.27475,0.07,0.02
2012.07.02 12:41:28.793,0.27441,0.2748,0.05,0.02
2012.07.02 12:41:29.196,0.27437,0.27471,0.05,0.02
2012.07.02 12:41:29.381,0.27441,0.27474,0.05,0.02
2012.07.02 12:41:29.563,0.27434,0.27469,0.05,0.03
2012.07.02 12:41:29.872,0.27433,0.27473,0.03,0.02
2012.07.02 12:41:30.282,0.27433,0.27469,0.03,0.02
2012.07.02 12:41:30.502,0.27434,0.27476,0.07,0.05
2012.07.02 12:41:30.822,0.2744,0.27471,0.04,0.02
2012.07.02 12:41:30.883,0.2744,0.27474,0.05,0.02
2012.07.02 12:41:31.352,0.2744,0.27471,0.05,0.02
2012.07.02 12:41:31.413,0.27437,0.27469,0.05,0.02
2012.07.02 12:41:31.943,0.27434,0.27473,0.03,0.02
2012.07.02 12:41:32.422,0.27434,0.27466,0.03,0.02
2012.07.02 12:41:32.672,0.2743,0.27464,0.05,0.02
2012.07.02 12:41:32.732,0.27435,0.27471,0.02,0.02
2012.07.02 12:41:32.898,0.27435,0.27475,0.02,0.02
2012.07.02 12:41:33.202,0.27434,0.27467,0.04,0.02
2012.07.02 12:41:33.262,0.27434,0.27473,0.03,0.03
2012.07.02 12:41:33.903,0.27433,0.27471,0.03,0.02
2012.07.02 12:41:34.112,0.27431,0.27465,0.03,0.02
2012.07.02 12:41:34.603,0.27434,0.27468,0.02,0.03
2012.07.02 12:41:34.661,0.27433,0.27474,0.03,0.02
2012.07.02 12:41:35.103,0.27439,0.27472,0.05,0.02
2012.07.02 12:41:35.162,0.27432,0.27464,0.05,0.02
2012.07.02 12:41:35.793,0.2743,0.27471,0.05,0.02
2012.07.02 12:41:36.035,0.27432,0.27468,0.02,0.02
2012.07.02 12:41:36.162,0.2743,0.27466,0.05,0.02
2012.07.02 12:41:36.715,0.27433,0.27474,0.03,0.03
2012.07.02 12:41:36.794,0.27438,0.27476,0.02,0.02
2012.07.02 12:41:37.122,0.27443,0.27482,0.05,0.02
2012.07.02 12:41:37.182,0.27443,0.27478,0.05,0.02
2012.07.02 12:41:38.070,0.27443,0.27484,0.07,0.02
2012.07.02 12:41:38.693,0.27444,0.27481,0.02,0.02
2012.07.02 12:41:39.252,0.27447,0.27486,0.02,0.02
2012.07.02 12:41:39.794,0.27451,0.27486,0.05,0.05
2012.07.02 12:41:39.974,0.27445,0.27477,0.02,0.02
2012.07.02 12:41:40.042,0.27451,0.27484,0.05,0.03
2012.07.02 12:41:40.552,0.27446,0.27477,0.05,0.02
2012.07.02 12:41:41.662,0.27446,0.2748,0.03,0.02
2012.07.02 12:41:41.992,0.2744,0.27481,0.07,0.02
2012.07.02 12:41:42.661,0.2744,0.27475,0.07,0.02
2012.07.02 12:41:43.132,0.2744,0.27477,0.07,0.02
2012.07.02 12:41:43.832,0.27443,0.27482,0.05,0.02
2012.07.02 12:41:44.052,0.27445,0.27482,0.02,0.02
2012.07.02 12:41:44.232,0.27443,0.27479,0.05,0.02
2012.07.02 12:41:44.639,0.27445,0.27486,0.03,0.05
2012.07.02 12:41:45.034,0.27445,0.27481,0.03,0.02
2012.07.02 12:41:45.162,0.27447,0.27487,0.03,0.02
2012.07.02 12:41:45.663,0.27447,0.27483,0.03,0.02
2012.07.02 12:41:46.063,0.27447,0.27481,0.05,0.02
2012.07.02 12:41:46.574,0.27445,0.27476,0.05,0.02
2012.07.02 12:41:46.962,0.27447,0.27487,0.03,0.06
2012.07.02 12:41:47.051,0.27447,0.2748,0.03,0.02
2012.07.02 12:41:48.833,0.27451,0.27485,0.05,0.02
2012.07.02 12:41:49.511,0.27451,0.27489,0.05,0.02
2012.07.02 12:41:49.712,0.27451,0.27491,0.05,0.02
2012.07.02 12:41:49.772,0.27451,0.27487,0.05,0.05
2012.07.02 12:41:50.421,0.27445,0.27479,0.05,0.02
2012.07.02 12:41:50.494,0.27448,0.27482,0.03,0.02
2012.07.02 12:41:50.652,0.27451,0.27484,0.05,0.02
2012.07.02 12:41:50.870,0.27454,0.27491,0.03,0.03
2012.07.02 12:41:50.933,0.27453,0.27486,0.03,0.02
2012.07.02 12:41:52.214,0.2745,0.27483,0.03,0.02
2012.07.02 12:41:52.984,0.27451,0.27485,0.05,0.02
2012.07.02 12:41:53.891,0.27456,0.27496,0.02,0.02
2012.07.02 12:41:53.963,0.27455,0.27491,0.03,0.02
2012.07.02 12:41:54.082,0.27455,0.27488,0.03,0.02
2012.07.02 12:41:54.388,0.27461,0.27494,0.05,0.03
2012.07.02 12:41:54.512,0.27454,0.27486,0.03,0.02
2012.07.02 12:41:55.049,0.27459,0.27491,0.05,0.02
2012.07.02 12:41:55.293,0.27451,0.27486,0.05,0.02
2012.07.02 12:41:55.602,0.27455,0.27495,0.03,0.02
2012.07.02 12:41:55.782,0.27455,0.2749,0.03,0.02
2012.07.02 12:41:55.984,0.27461,0.27493,0.05,0.02
2012.07.02 12:41:56.052,0.27454,0.27486,0.05,0.02
2012.07.02 12:41:56.704,0.27451,0.27483,0.08,0.02
2012.07.02 12:41:56.952,0.27454,0.27485,0.03,0.02
2012.07.02 12:41:57.072,0.27456,0.27496,0.03,0.02
2012.07.02 12:41:57.143,0.27456,0.27497,0.03,0.06
2012.07.02 12:41:57.262,0.27453,0.27495,0.05,0.03
2012.07.02 12:41:58.354,0.27454,0.27486,0.05,0.02
2012.07.02 12:41:58.672,0.27454,0.27485,0.03,0.02
2012.07.02 12:41:58.732,0.27461,0.27493,0.05,0.02
2012.07.02 12:41:59.383,0.27455,0.27496,0.03,0.02
2012.07.02 12:41:59.452,0.27455,0.27487,0.03,0.02
2012.07.02 12:41:59.572,0.27454,0.27493,0.05,0.02
2012.07.02 12:41:59.632,0.27454,0.27486,0.05,0.02
2012.07.02 12:42:00.219,0.27454,0.27494,0.05,0.03
2012.07.02 12:42:00.315,0.27454,0.27488,0.05,0.02
2012.07.02 12:42:00.918,0.27461,0.27495,0.05,0.02
2012.07.02 12:42:01.212,0.27461,0.27491,0.05,0.02
2012.07.02 12:42:01.962,0.27454,0.27488,0.03,0.02
2012.07.02 12:42:04.095,0.27453,0.27485,0.03,0.02
2012.07.02 12:42:04.514,0.27453,0.27494,0.07,0.03
2012.07.02 12:42:04.584,0.27453,0.27488,0.07,0.02
2012.07.02 12:42:08.702,0.27454,0.27485,0.05,0.02
2012.07.02 12:42:08.823,0.2746,0.27491,0.05,0.02
2012.07.02 12:42:09.273,0.27453,0.2749,0.05,0.02
2012.07.02 12:42:09.393,0.27454,0.27494,0.03,0.02
2012.07.02 12:42:09.990,0.27454,0.27488,0.07,0.02
2012.07.02 12:42:10.654,0.27453,0.27486,0.03,0.02
2012.07.02 12:42:10.993,0.27456,0.27486,0.04,0.02
2012.07.02 12:42:11.063,0.2745,0.27486,0.05,0.02
2012.07.02 12:42:12.120,0.27448,0.27486,0.02,0.02
2012.07.02 12:42:12.243,0.27449,0.2749,0.03,0.02
2012.07.02 12:42:12.412,0.2745,0.27487,0.02,0.02
2012.07.02 12:42:12.473,0.27449,0.27485,0.03,0.02
2012.07.02 12:42:13.989,0.27453,0.27495,0.03,0.03
2012.07.02 12:42:14.052,0.27453,0.27488,0.06,0.02
2012.07.02 12:42:14.683,0.27453,0.27489,0.06,0.02
2012.07.02 12:42:15.132,0.2746,0.27496,0.05,0.05
2012.07.02 12:42:15.946,0.2746,0.27491,0.05,0.02
2012.07.02 12:42:16.874,0.27457,0.27489,0.05,0.02
2012.07.02 12:42:17.296,0.2746,0.27498,0.05,0.02
2012.07.02 12:42:17.363,0.2746,0.27492,0.05,0.02
2012.07.02 12:42:18.086,0.27457,0.27491,0.03,0.02
2012.07.02 12:42:21.326,0.2746,0.27492,0.05,0.02
2012.07.02 12:42:21.392,0.2746,0.275,0.05,0.02
2012.07.02 12:42:21.496,0.2746,0.27496,0.05,0.02
2012.07.02 12:42:21.802,0.27463,0.27494,0.03,0.02
2012.07.02 12:42:21.922,0.27463,0.27496,0.03,0.02
2012.07.02 12:42:22.419,0.2746,0.27494,0.05,0.02
2012.07.02 12:42:22.552,0.27463,0.27499,0.03,0.02
2012.07.02 12:42:22.613,0.27463,0.27502,0.03,0.02
2012.07.02 12:42:23.054,0.27471,0.27506,0.05,0.02
2012.07.02 12:42:23.403,0.27465,0.27496,0.03,0.02
2012.07.02 12:42:23.803,0.27471,0.2751,0.05,0.02
2012.07.02 12:42:23.872,0.27471,0.27503,0.05,0.02
2012.07.02 12:42:23.992,0.27468,0.27501,0.02,0.02
2012.07.02 12:42:24.053,0.27471,0.27507,0.05,0.05
2012.07.02 12:42:24.113,0.27466,0.27498,0.03,0.02
2012.07.02 12:42:24.294,0.27466,0.275,0.03,0.02
2012.07.02 12:42:26.170,0.27466,0.27499,0.03,0.03
2012.07.02 12:42:26.672,0.27465,0.27505,0.03,0.02
2012.07.02 12:42:27.072,0.27465,0.27496,0.02,0.02
2012.07.02 12:42:28.092,0.27465,0.27498,0.02,0.02
2012.07.02 12:42:28.463,0.27469,0.27502,0.05,0.03
2012.07.02 12:42:28.653,0.27471,0.27507,0.05,0.05
2012.07.02 12:42:28.772,0.27466,0.27498,0.02,0.02
2012.07.02 12:42:29.581,0.27468,0.275,0.05,0.02
2012.07.02 12:42:30.109,0.27466,0.27506,0.03,0.02
2012.07.02 12:42:35.167,0.27466,0.27502,0.03,0.02
2012.07.02 12:42:35.899,0.27466,0.27499,0.03,0.02
2012.07.02 12:42:37.466,0.27466,0.27501,0.03,0.02
2012.07.02 12:42:37.992,0.27465,0.27501,0.02,0.02
2012.07.02 12:42:38.101,0.27465,0.27505,0.03,0.02
2012.07.02 12:42:38.428,0.27467,0.27507,0.03,0.02
2012.07.02 12:42:39.006,0.27467,0.27498,0.02,0.02
2012.07.02 12:42:39.615,0.27469,0.27511,0.03,0.03
2012.07.02 12:42:39.914,0.27471,0.27504,0.05,0.02
2012.07.02 12:42:40.042,0.27474,0.27506,0.05,0.02
2012.07.02 12:42:42.603,0.27475,0.27508,0.05,0.02
2012.07.02 12:42:43.175,0.2748,0.27515,0.05,0.02
2012.07.02 12:42:45.065,0.27474,0.27506,0.05,0.02
2012.07.02 12:42:45.889,0.27475,0.27508,0.05,0.02
2012.07.02 12:42:47.508,0.2748,0.27516,0.05,0.07
2012.07.02 12:42:47.572,0.27477,0.2751,0.05,0.02
2012.07.02 12:42:47.752,0.2748,0.27514,0.05,0.02
2012.07.02 12:42:48.173,0.27474,0.27505,0.05,0.02
2012.07.02 12:42:50.309,0.27478,0.2751,0.05,0.02
2012.07.02 12:42:50.373,0.27465,0.27497,0.09,0.02
2012.07.02 12:42:51.189,0.27474,0.27506,0.05,0.03
2012.07.02 12:42:51.542,0.27465,0.27506,0.03,0.03
2012.07.02 12:42:57.238,0.27464,0.27503,0.03,0.02
2012.07.02 12:42:57.355,0.27464,0.27497,0.03,0.02
2012.07.02 12:42:58.462,0.27464,0.27503,0.03,0.02
2012.07.02 12:42:59.070,0.27463,0.27497,0.03,0.02
2012.07.02 12:42:59.442,0.27463,0.27501,0.03,0.02
2012.07.02 12:42:59.556,0.27461,0.27492,0.05,0.02
2012.07.02 12:42:59.633,0.27461,0.27494,0.05,0.02
2012.07.02 12:43:00.280,0.27464,0.27503,0.03,0.02
2012.07.02 12:43:00.353,0.27464,0.27498,0.03,0.02
2012.07.02 12:43:00.757,0.27464,0.27499,0.03,0.02
2012.07.02 12:43:00.882,0.27463,0.27495,0.03,0.02
2012.07.02 12:43:01.733,0.27461,0.27493,0.05,0.02
2012.07.02 12:43:02.073,0.27461,0.27492,0.05,0.02
2012.07.02 12:43:02.523,0.27461,0.275,0.05,0.02
2012.07.02 12:43:03.272,0.27464,0.27499,0.03,0.02
2012.07.02 12:43:03.442,0.27467,0.27508,0.03,0.03
2012.07.02 12:43:03.503,0.27467,0.27502,0.03,0.02
2012.07.02 12:43:04.307,0.2747,0.27506,0.05,0.02
2012.07.02 12:43:04.394,0.2747,0.27508,0.05,0.02
2012.07.02 12:43:04.523,0.2747,0.27507,0.05,0.02
2012.07.02 12:43:05.125,0.27467,0.27501,0.05,0.02
2012.07.02 12:43:05.192,0.2747,0.27502,0.05,0.02
2012.07.02 12:43:05.285,0.27463,0.27496,0.05,0.02
2012.07.02 12:43:05.352,0.27465,0.27499,0.05,0.02
2012.07.02 12:43:05.613,0.27463,0.27497,0.05,0.02
2012.07.02 12:43:05.933,0.27463,0.27502,0.03,0.03
2012.07.02 12:43:05.993,0.2746,0.27494,0.07,0.02
2012.07.02 12:43:06.233,0.27465,0.275,0.03,0.03
2012.07.02 12:43:06.353,0.27468,0.27504,0.02,0.02
2012.07.02 12:43:06.413,0.27473,0.27507,0.03,0.02
2012.07.02 12:43:07.227,0.2747,0.275,0.05,0.02
2012.07.02 12:43:07.360,0.27467,0.27499,0.03,0.02
2012.07.02 12:43:08.005,0.27464,0.27497,0.05,0.02
2012.07.02 12:43:08.352,0.2747,0.2751,0.03,0.02
2012.07.02 12:43:08.413,0.2747,0.27502,0.03,0.02
2012.07.02 12:43:08.564,0.27466,0.27507,0.03,0.02
2012.07.02 12:43:09.173,0.27466,0.275,0.05,0.02
2012.07.02 12:43:09.668,0.27471,0.27507,0.05,0.02
2012.07.02 12:43:09.733,0.27468,0.27502,0.05,0.02
2012.07.02 12:43:09.923,0.27471,0.27509,0.05,0.02
2012.07.02 12:43:10.480,0.27467,0.27501,0.02,0.02
2012.07.02 12:43:10.662,0.27471,0.27504,0.05,0.02
2012.07.02 12:43:10.722,0.27464,0.27496,0.05,0.02
2012.07.02 12:43:11.136,0.27466,0.27498,0.05,0.02
2012.07.02 12:43:11.702,0.27463,0.27501,0.05,0.02
2012.07.02 12:43:12.032,0.27461,0.27494,0.05,0.02
2012.07.02 12:43:13.153,0.27463,0.27495,0.03,0.02
2012.07.02 12:43:15.745,0.27464,0.27499,0.03,0.02
2012.07.02 12:43:15.872,0.27464,0.27503,0.05,0.02
2012.07.02 12:43:16.244,0.27464,0.27498,0.05,0.02
2012.07.02 12:43:16.302,0.27464,0.275,0.05,0.02
2012.07.02 12:43:16.882,0.27465,0.27501,0.02,0.02
2012.07.02 12:43:17.686,0.27464,0.275,0.05,0.02
2012.07.02 12:43:18.192,0.27468,0.27501,0.05,0.02
2012.07.02 12:43:18.252,0.27466,0.275,0.05,0.02
2012.07.02 12:43:18.772,0.27468,0.27501,0.05,0.02
2012.07.02 12:43:19.162,0.27471,0.27506,0.05,0.05
2012.07.02 12:43:19.222,0.27471,0.27502,0.05,0.02
2012.07.02 12:43:19.783,0.27465,0.27496,0.03,0.02
2012.07.02 12:43:19.852,0.27464,0.27501,0.05,0.02
2012.07.02 12:43:19.912,0.27464,0.27496,0.05,0.04
2012.07.02 12:43:20.272,0.27463,0.275,0.05,0.03
2012.07.02 12:43:20.513,0.27459,0.27493,0.03,0.02
2012.07.02 12:43:20.573,0.27461,0.27494,0.05,0.02
2012.07.02 12:43:21.292,0.27461,0.27496,0.05,0.04
2012.07.02 12:43:21.422,0.27461,0.27493,0.05,0.02
2012.07.02 12:43:21.542,0.27461,0.27496,0.05,0.02
2012.07.02 12:43:22.278,0.27463,0.27498,0.03,0.02
2012.07.02 12:43:22.483,0.27464,0.27502,0.03,0.02
2012.07.02 12:43:23.012,0.27463,0.27497,0.05,0.02
2012.07.02 12:43:23.198,0.27459,0.27496,0.05,0.03
2012.07.02 12:43:23.522,0.27455,0.27486,0.05,0.02
2012.07.02 12:43:23.782,0.27453,0.2749,0.05,0.02
2012.07.02 12:43:24.123,0.27455,0.27491,0.02,0.02
2012.07.02 12:43:24.489,0.27455,0.27495,0.02,0.02
2012.07.02 12:43:24.673,0.27459,0.27494,0.02,0.02
2012.07.02 12:43:25.377,0.2746,0.27498,0.05,0.02
2012.07.02 12:43:25.453,0.27464,0.27497,0.03,0.02
2012.07.02 12:43:26.024,0.2746,0.27496,0.05,0.02
2012.07.02 12:43:26.783,0.27464,0.27497,0.03,0.02
2012.07.02 12:43:27.082,0.27463,0.27496,0.03,0.02
2012.07.02 12:43:27.393,0.27463,0.27497,0.03,0.04
2012.07.02 12:43:27.942,0.27463,0.27494,0.02,0.02
2012.07.02 12:43:28.003,0.27454,0.27488,0.05,0.02
2012.07.02 12:43:28.383,0.27454,0.27488,0.05,0.02
2012.07.02 12:43:28.743,0.27451,0.27486,0.02,0.03
2012.07.02 12:43:29.408,0.2745,0.27483,0.05,0.02
2012.07.02 12:43:29.546,0.2745,0.27483,0.05,0.02
2012.07.02 12:43:30.073,0.27445,0.27482,0.02,0.02
2012.07.02 12:43:30.443,0.27449,0.27491,0.03,0.05
2012.07.02 12:43:30.596,0.2745,0.27486,0.02,0.06
2012.07.02 12:43:30.793,0.27453,0.27494,0.03,0.02
2012.07.02 12:43:30.853,0.27453,0.27488,0.03,0.02
2012.07.02 12:43:30.913,0.27455,0.27496,0.03,0.02
2012.07.02 12:43:30.982,0.27455,0.2749,0.03,0.02
2012.07.02 12:43:31.044,0.27456,0.27493,0.02,0.02
2012.07.02 12:43:31.463,0.27455,0.27492,0.02,0.02
2012.07.02 12:43:31.533,0.27454,0.27487,0.05,0.02
2012.07.02 12:43:32.969,0.27453,0.2749,0.05,0.02
2012.07.02 12:43:33.033,0.27453,0.27485,0.05,0.02
2012.07.02 12:43:33.596,0.27453,0.27485,0.03,0.02
2012.07.02 12:43:33.675,0.2745,0.27482,0.05,0.02
2012.07.02 12:43:36.695,0.27451,0.27484,0.05,0.02
2012.07.02 12:43:36.813,0.27446,0.2748,0.05,0.02
2012.07.02 12:43:37.082,0.27449,0.27482,0.05,0.02
2012.07.02 12:43:37.354,0.27451,0.27484,0.05,0.02
2012.07.02 12:43:37.793,0.27452,0.27492,0.02,0.02
2012.07.02 12:43:38.295,0.2745,0.27486,0.03,0.02
2012.07.02 12:43:39.062,0.27452,0.27488,0.02,0.02
2012.07.02 12:43:40.814,0.2745,0.27486,0.07,0.02
2012.07.02 12:43:41.422,0.2745,0.27484,0.07,0.02
2012.07.02 12:43:41.877,0.2745,0.27488,0.05,0.02
2012.07.02 12:43:41.942,0.2745,0.27483,0.05,0.02
2012.07.02 12:43:45.222,0.27447,0.27482,0.05,0.02
2012.07.02 12:43:45.482,0.2745,0.27483,0.05,0.02
2012.07.02 12:43:45.652,0.2745,0.27486,0.05,0.03
2012.07.02 12:43:46.501,0.27449,0.27484,0.02,0.02
2012.07.02 12:43:47.202,0.27449,0.27489,0.02,0.02
2012.07.02 12:43:47.532,0.27449,0.27486,0.02,0.02
2012.07.02 12:43:47.693,0.27449,0.27484,0.02,0.02
2012.07.02 12:43:49.652,0.27451,0.27487,0.05,0.02
2012.07.02 12:43:49.796,0.27451,0.27491,0.05,0.02
2012.07.02 12:43:53.352,0.27451,0.27484,0.05,0.02
2012.07.02 12:43:53.933,0.27451,0.27486,0.05,0.02
2012.07.02 12:43:57.055,0.27451,0.27484,0.05,0.02
2012.07.02 12:43:58.524,0.27451,0.27483,0.05,0.02
2012.07.02 12:43:58.599,0.27451,0.27483,0.05,0.02
2012.07.02 12:43:59.792,0.27445,0.27483,0.02,0.02
2012.07.02 12:43:59.983,0.27448,0.27485,0.02,0.02
2012.07.02 12:44:00.288,0.27448,0.27485,0.02,0.02
2012.07.02 12:44:01.280,0.27451,0.2749,0.05,0.02
2012.07.02 12:44:01.806,0.27451,0.27486,0.05,0.02
2012.07.02 12:44:02.552,0.27451,0.27484,0.05,0.02
2012.07.02 12:44:03.134,0.27451,0.27486,0.05,0.02
2012.07.02 12:44:04.138,0.27451,0.27488,0.05,0.02
2012.07.02 12:44:04.576,0.27454,0.2749,0.02,0.02
2012.07.02 12:44:04.642,0.27453,0.27488,0.02,0.02
2012.07.02 12:44:04.803,0.27454,0.27494,0.03,0.02
2012.07.02 12:44:05.507,0.27454,0.27489,0.03,0.02
2012.07.02 12:44:06.082,0.27458,0.2749,0.05,0.02
2012.07.02 12:44:06.752,0.27461,0.27492,0.05,0.02
2012.07.02 12:44:07.216,0.27456,0.27491,0.05,0.02
2012.07.02 12:44:07.283,0.27455,0.27487,0.05,0.02
2012.07.02 12:44:07.522,0.27453,0.2749,0.03,0.02
2012.07.02 12:44:07.582,0.27453,0.27489,0.03,0.02
2012.07.02 12:44:08.162,0.27453,0.27494,0.05,0.02
2012.07.02 12:44:08.222,0.27454,0.27491,0.02,0.02
2012.07.02 12:44:08.562,0.27453,0.27489,0.05,0.02
2012.07.02 12:44:09.353,0.27454,0.27495,0.05,0.02
2012.07.02 12:44:09.942,0.27454,0.2749,0.05,0.02
2012.07.02 12:44:10.085,0.27455,0.27492,0.02,0.02
2012.07.02 12:44:10.377,0.27454,0.2749,0.05,0.02
2012.07.02 12:44:11.058,0.27456,0.27488,0.05,0.02
2012.07.02 12:44:14.341,0.27454,0.27488,0.03,0.02
2012.07.02 12:44:14.722,0.27454,0.27494,0.05,0.02
2012.07.02 12:44:14.843,0.27458,0.27491,0.05,0.02
2012.07.02 12:44:19.413,0.27461,0.27493,0.05,0.02
2012.07.02 12:44:19.472,0.27461,0.27496,0.05,0.02
2012.07.02 12:44:19.955,0.27456,0.27491,0.03,0.02
2012.07.02 12:44:20.022,0.27454,0.27491,0.02,0.02
2012.07.02 12:44:20.083,0.27453,0.27487,0.03,0.02
2012.07.02 12:44:20.646,0.27453,0.27488,0.03,0.02
2012.07.02 12:44:21.185,0.27454,0.27487,0.03,0.02
2012.07.02 12:44:21.783,0.27454,0.27487,0.03,0.02
2012.07.02 12:44:24.046,0.27454,0.27493,0.03,0.02
2012.07.02 12:44:29.012,0.27454,0.27496,0.03,0.02
2012.07.02 12:44:29.072,0.27454,0.27491,0.03,0.02
2012.07.02 12:44:31.250,0.27461,0.27492,0.05,0.02
2012.07.02 12:44:32.127,0.27461,0.27496,0.05,0.02
2012.07.02 12:44:32.462,0.27461,0.27496,0.05,0.02
2012.07.02 12:44:33.012,0.27461,0.27497,0.05,0.02
2012.07.02 12:44:33.593,0.27461,0.27496,0.05,0.02
2012.07.02 12:44:33.662,0.27458,0.27492,0.05,0.02
2012.07.02 12:44:34.243,0.27458,0.2749,0.05,0.02
2012.07.02 12:44:37.213,0.27455,0.2749,0.03,0.02
2012.07.02 12:44:38.236,0.27455,0.27491,0.03,0.02
2012.07.02 12:44:45.525,0.27455,0.27489,0.03,0.02
2012.07.02 12:44:45.892,0.2746,0.27492,0.05,0.02
2012.07.02 12:44:46.283,0.27457,0.2749,0.05,0.02
2012.07.02 12:44:46.343,0.27457,0.27491,0.05,0.02
2012.07.02 12:44:46.850,0.2746,0.27492,0.05,0.02
2012.07.02 12:44:47.103,0.2746,0.27497,0.05,0.03
2012.07.02 12:44:47.843,0.27463,0.27496,0.03,0.02
2012.07.02 12:44:49.395,0.2746,0.27494,0.05,0.02
2012.07.02 12:44:49.542,0.27463,0.27496,0.03,0.02
2012.07.02 12:44:55.447,0.27463,0.27497,0.03,0.02
2012.07.02 12:45:03.403,0.27464,0.27503,0.03,0.02
2012.07.02 12:45:03.538,0.27464,0.275,0.03,0.02
2012.07.02 12:45:05.164,0.27471,0.27504,0.05,0.02
2012.07.02 12:45:05.233,0.27471,0.27503,0.05,0.02
2012.07.02 12:45:05.821,0.27467,0.27507,0.02,0.02
2012.07.02 12:45:07.523,0.27465,0.27501,0.03,0.02
2012.07.02 12:45:13.452,0.27467,0.27507,0.03,0.02
2012.07.02 12:45:13.573,0.27465,0.27507,0.03,0.03
2012.07.02 12:45:14.501,0.2747,0.27506,0.05,0.02
2012.07.02 12:45:15.603,0.27471,0.27506,0.02,0.02
2012.07.02 12:45:15.662,0.27473,0.27514,0.03,0.03
2012.07.02 12:45:16.491,0.27474,0.27514,0.03,0.02
2012.07.02 12:45:16.893,0.27474,0.27507,0.03,0.02
2012.07.02 12:45:18.342,0.27474,0.27508,0.03,0.02
2012.07.02 12:45:23.962,0.27476,0.2751,0.05,0.02
2012.07.02 12:45:24.202,0.27481,0.27516,0.05,0.02
2012.07.02 12:45:28.417,0.27476,0.27508,0.02,0.02
2012.07.02 12:45:31.693,0.27481,0.27521,0.07,0.02
2012.07.02 12:45:32.213,0.27484,0.27521,0.05,0.02
2012.07.02 12:45:33.021,0.27491,0.27523,0.04,0.02
2012.07.02 12:45:37.307,0.27484,0.27516,0.05,0.02
2012.07.02 12:45:41.752,0.27491,0.27525,0.05,0.03
2012.07.02 12:45:41.957,0.27482,0.27515,0.05,0.02
2012.07.02 12:45:42.503,0.27483,0.27515,0.05,0.02
2012.07.02 12:45:43.102,0.27483,0.27515,0.05,0.02
2012.07.02 12:45:43.442,0.27481,0.27513,0.02,0.02
2012.07.02 12:45:44.027,0.27484,0.27515,0.05,0.02
2012.07.02 12:45:44.092,0.27484,0.27518,0.05,0.02
2012.07.02 12:45:44.342,0.27484,0.2752,0.05,0.02
2012.07.02 12:45:45.873,0.27485,0.27525,0.03,0.02
2012.07.02 12:45:46.654,0.27491,0.27521,0.04,0.02
2012.07.02 12:45:48.423,0.27486,0.27519,0.05,0.02
2012.07.02 12:45:49.823,0.27488,0.27521,0.05,0.02
2012.07.02 12:45:51.546,0.27491,0.27531,0.05,0.02
2012.07.02 12:45:52.587,0.27491,0.27523,0.05,0.02
2012.07.02 12:45:52.855,0.27491,0.27524,0.05,0.02
2012.07.02 12:45:53.283,0.27491,0.27522,0.05,0.02
2012.07.02 12:45:53.949,0.27493,0.27524,0.03,0.02
2012.07.02 12:45:55.432,0.27489,0.27523,0.03,0.02
2012.07.02 12:45:56.142,0.27494,0.27526,0.05,0.02
2012.07.02 12:45:56.202,0.27494,0.27533,0.05,0.02
2012.07.02 12:45:56.627,0.27493,0.27523,0.03,0.02
2012.07.02 12:45:58.833,0.27492,0.27525,0.03,0.02
2012.07.02 12:46:01.692,0.27492,0.27523,0.03,0.02
2012.07.02 12:46:02.002,0.27494,0.27529,0.05,0.02
2012.07.02 12:46:02.333,0.27493,0.27535,0.05,0.03
2012.07.02 12:46:02.393,0.27493,0.27526,0.06,0.02
2012.07.02 12:46:02.573,0.27494,0.2753,0.07,0.02
2012.07.02 12:46:03.153,0.27494,0.27526,0.03,0.02
2012.07.02 12:46:03.485,0.27493,0.27528,0.07,0.02
2012.07.02 12:46:03.673,0.27498,0.27538,0.02,0.02
2012.07.02 12:46:03.733,0.27503,0.27534,0.02,0.02
2012.07.02 12:46:03.792,0.27503,0.2754,0.03,0.02
2012.07.02 12:46:05.923,0.275,0.27532,0.06,0.02
2012.07.02 12:46:06.790,0.275,0.27535,0.05,0.02
2012.07.02 12:46:07.064,0.275,0.27536,0.05,0.04
2012.07.02 12:46:07.833,0.27498,0.27538,0.02,0.02
2012.07.02 12:46:07.897,0.27498,0.2753,0.02,0.02
2012.07.02 12:46:08.877,0.27499,0.2754,0.02,0.05
2012.07.02 12:46:12.184,0.27499,0.27537,0.02,0.04
2012.07.02 12:46:13.652,0.27488,0.27522,0.05,0.02
2012.07.02 12:46:13.712,0.27498,0.2753,0.05,0.02
2012.07.02 12:46:14.074,0.2749,0.27523,0.05,0.02
2012.07.02 12:46:14.616,0.27487,0.27521,0.07,0.02
2012.07.02 12:46:14.782,0.2749,0.27523,0.06,0.02
2012.07.02 12:46:15.282,0.27487,0.27521,0.07,0.02
2012.07.02 12:46:15.562,0.2749,0.27527,0.05,0.03
2012.07.02 12:46:15.682,0.2749,0.27525,0.05,0.02
2012.07.02 12:46:16.191,0.27484,0.27518,0.05,0.02
2012.07.02 12:46:17.132,0.27484,0.27516,0.05,0.02
2012.07.02 12:46:18.624,0.27483,0.27522,0.05,0.03
2012.07.02 12:46:19.253,0.27484,0.27514,0.03,0.02
2012.07.02 12:46:20.194,0.27484,0.27516,0.03,0.02
2012.07.02 12:46:20.542,0.27483,0.27523,0.06,0.02
2012.07.02 12:46:20.636,0.27483,0.27518,0.06,0.02
2012.07.02 12:46:21.166,0.2749,0.27524,0.05,0.02
2012.07.02 12:46:22.712,0.27485,0.27519,0.05,0.02
2012.07.02 12:46:23.222,0.2749,0.27526,0.05,0.03
2012.07.02 12:46:23.342,0.27487,0.27521,0.05,0.02
2012.07.02 12:46:24.779,0.27497,0.27537,0.03,0.02
2012.07.02 12:46:24.854,0.27507,0.27538,0.05,0.02
2012.07.02 12:46:24.923,0.2751,0.27547,0.05,0.05
2012.07.02 12:46:25.313,0.27514,0.27549,0.03,0.02
2012.07.02 12:46:25.383,0.27511,0.27544,0.03,0.02
2012.07.02 12:46:25.453,0.27513,0.27552,0.03,0.03
2012.07.02 12:46:25.966,0.27519,0.27559,0.03,0.02
2012.07.02 12:46:26.067,0.27519,0.27553,0.03,0.02
2012.07.02 12:46:26.592,0.27524,0.27562,0.03,0.02
2012.07.02 12:46:27.178,0.27533,0.27563,0.02,0.02
2012.07.02 12:46:27.303,0.27542,0.27582,0.03,0.02
2012.07.02 12:46:27.493,0.27554,0.27584,0.04,0.03
2012.07.02 12:46:27.553,0.27554,0.27584,0.05,0.02
2012.07.02 12:46:27.673,0.27558,0.27598,0.02,0.02
2012.07.02 12:46:27.733,0.27554,0.27595,0.05,0.08
2012.07.02 12:46:27.793,0.27551,0.27585,0.05,0.02
2012.07.02 12:46:28.745,0.27556,0.27596,0.03,0.02
2012.07.02 12:46:29.248,0.27545,0.27577,0.05,0.02
2012.07.02 12:46:29.313,0.2756,0.27591,0.05,0.02
2012.07.02 12:46:29.563,0.27547,0.27578,0.05,0.02
2012.07.02 12:46:30.190,0.27553,0.27584,0.02,0.02
2012.07.02 12:46:30.312,0.27549,0.27589,0.03,0.02
2012.07.02 12:46:30.493,0.27553,0.27593,0.04,0.02
2012.07.02 12:46:30.812,0.27551,0.27593,0.03,0.03
2012.07.02 12:46:30.872,0.27544,0.27577,0.03,0.02
2012.07.02 12:46:31.182,0.27546,0.2758,0.05,0.02
2012.07.02 12:46:31.393,0.27544,0.27576,0.05,0.02
2012.07.02 12:46:31.512,0.2755,0.27584,0.05,0.02
2012.07.02 12:46:31.573,0.27543,0.27574,0.03,0.02
2012.07.02 12:46:32.074,0.27538,0.27572,0.07,0.02
2012.07.02 12:46:32.473,0.27544,0.27582,0.05,0.02
2012.07.02 12:46:32.843,0.27537,0.27571,0.03,0.02
2012.07.02 12:46:33.595,0.2754,0.2757,0.08,0.02
2012.07.02 12:46:33.783,0.27542,0.27576,0.03,0.03
2012.07.02 12:46:33.843,0.27542,0.27573,0.03,0.02
2012.07.02 12:46:34.220,0.2755,0.27585,0.05,0.02
2012.07.02 12:46:34.732,0.27534,0.27567,0.09,0.02
2012.07.02 12:46:34.913,0.27546,0.27579,0.05,0.03
2012.07.02 12:46:35.043,0.27537,0.2757,0.03,0.02
2012.07.02 12:46:35.593,0.27538,0.27571,0.05,0.02
2012.07.02 12:46:35.713,0.27541,0.27573,0.04,0.02
2012.07.02 12:46:36.251,0.27541,0.27578,0.05,0.02
2012.07.02 12:46:36.525,0.27541,0.27576,0.05,0.02
2012.07.02 12:46:36.670,0.27532,0.27564,0.05,0.02
2012.07.02 12:46:36.793,0.27534,0.27566,0.03,0.02
2012.07.02 12:46:36.923,0.27534,0.27565,0.03,0.02
2012.07.02 12:46:37.263,0.27541,0.27576,0.05,0.02
2012.07.02 12:46:38.003,0.27535,0.27566,0.03,0.02
2012.07.02 12:46:39.482,0.2753,0.27563,0.05,0.02
2012.07.02 12:46:40.072,0.27538,0.2757,0.05,0.03
2012.07.02 12:46:40.133,0.27525,0.27558,0.09,0.02
2012.07.02 12:46:40.683,0.27531,0.27562,0.04,0.02
2012.07.02 12:46:42.242,0.27529,0.27559,0.03,0.02
2012.07.02 12:46:43.252,0.27531,0.27571,0.06,0.02
2012.07.02 12:46:43.793,0.27527,0.27562,0.06,0.03
2012.07.02 12:46:44.618,0.27526,0.2756,0.03,0.02
2012.07.02 12:46:46.443,0.27529,0.27561,0.03,0.02
2012.07.02 12:46:46.931,0.27534,0.27566,0.02,0.02
2012.07.02 12:46:47.244,0.27529,0.27561,0.03,0.02
2012.07.02 12:46:48.352,0.27525,0.2756,0.03,0.02
2012.07.02 12:46:48.412,0.27531,0.27568,0.05,0.02
2012.07.02 12:46:50.042,0.27528,0.27561,0.02,0.02
2012.07.02 12:46:52.544,0.27526,0.27559,0.05,0.02
2012.07.02 12:46:52.624,0.27524,0.27555,0.06,0.02
2012.07.02 12:46:52.824,0.27524,0.27561,0.03,0.02
2012.07.02 12:46:53.455,0.27524,0.27561,0.03,0.02
2012.07.02 12:46:54.402,0.2752,0.27551,0.06,0.02
2012.07.02 12:46:54.753,0.2752,0.27553,0.06,0.02
2012.07.02 12:46:57.462,0.27523,0.27554,0.03,0.02
2012.07.02 12:46:57.794,0.27523,0.27556,0.05,0.02
2012.07.02 12:46:58.461,0.27524,0.27554,0.05,0.02
2012.07.02 12:46:59.203,0.27524,0.2756,0.05,0.02
2012.07.02 12:46:59.263,0.27521,0.27552,0.05,0.02
2012.07.02 12:47:01.963,0.27523,0.27562,0.03,0.02
2012.07.02 12:47:02.327,0.27523,0.27557,0.05,0.02
2012.07.02 12:47:03.102,0.27531,0.27562,0.04,0.02
2012.07.02 12:47:03.162,0.27531,0.27565,0.05,0.03
2012.07.02 12:47:03.283,0.27524,0.27554,0.02,0.02
2012.07.02 12:47:03.503,0.27524,0.27556,0.06,0.02
2012.07.02 12:47:05.547,0.27516,0.27549,0.05,0.02
2012.07.02 12:47:05.613,0.27523,0.2756,0.05,0.03
2012.07.02 12:47:05.864,0.27524,0.27555,0.02,0.02
2012.07.02 12:47:06.773,0.27513,0.27544,0.05,0.02
2012.07.02 12:47:06.833,0.27513,0.27555,0.06,0.02
2012.07.02 12:47:07.162,0.27513,0.27549,0.05,0.02
2012.07.02 12:47:07.247,0.2751,0.27543,0.05,0.03
2012.07.02 12:47:07.593,0.27513,0.27553,0.03,0.02
2012.07.02 12:47:07.653,0.27513,0.27548,0.03,0.02
2012.07.02 12:47:08.214,0.27515,0.27556,0.03,0.05
2012.07.02 12:47:08.933,0.27515,0.27547,0.03,0.02
2012.07.02 12:47:09.522,0.27513,0.27545,0.05,0.02
2012.07.02 12:47:09.943,0.27516,0.27548,0.05,0.02
2012.07.02 12:47:10.153,0.27518,0.2755,0.05,0.02
2012.07.02 12:47:11.952,0.27516,0.27548,0.05,0.02
2012.07.02 12:47:14.123,0.27503,0.27534,0.03,0.02
2012.07.02 12:47:14.183,0.27503,0.27534,0.05,0.02
2012.07.02 12:47:14.242,0.27499,0.27533,0.10,0.02
2012.07.02 12:47:14.362,0.275,0.27535,0.05,0.02
2012.07.02 12:47:14.542,0.275,0.27539,0.05,0.02
2012.07.02 12:47:14.710,0.275,0.27535,0.05,0.02
2012.07.02 12:47:15.144,0.275,0.27538,0.05,0.02
2012.07.02 12:47:15.382,0.275,0.27536,0.05,0.02
2012.07.02 12:47:15.577,0.275,0.27534,0.05,0.02
2012.07.02 12:47:15.763,0.275,0.27537,0.05,0.02
2012.07.02 12:47:16.515,0.27501,0.27535,0.03,0.02
2012.07.02 12:47:16.723,0.275,0.27535,0.05,0.02
2012.07.02 12:47:16.790,0.275,0.27533,0.05,0.03
2012.07.02 12:47:17.311,0.27497,0.27532,0.05,0.03
2012.07.02 12:47:17.982,0.275,0.27536,0.05,0.02
2012.07.02 12:47:20.513,0.275,0.27532,0.05,0.02
2012.07.02 12:47:20.573,0.275,0.27534,0.05,0.02
2012.07.02 12:47:20.632,0.275,0.27537,0.05,0.03
2012.07.02 12:47:21.105,0.275,0.27536,0.05,0.02
2012.07.02 12:47:21.173,0.27504,0.27537,0.03,0.02
2012.07.02 12:47:23.410,0.27497,0.2753,0.02,0.02
2012.07.02 12:47:23.654,0.275,0.27534,0.05,0.02
2012.07.02 12:47:24.721,0.275,0.27535,0.05,0.02
2012.07.02 12:47:24.984,0.275,0.27533,0.05,0.02
2012.07.02 12:47:25.423,0.27497,0.27532,0.05,0.02
2012.07.02 12:47:25.798,0.27507,0.2754,0.05,0.02
2012.07.02 12:47:26.003,0.27508,0.27541,0.05,0.02
2012.07.02 12:47:26.503,0.27504,0.27538,0.05,0.02
2012.07.02 12:47:26.816,0.27498,0.2753,0.03,0.02
2012.07.02 12:47:26.883,0.27503,0.27536,0.05,0.02
2012.07.02 12:47:27.518,0.27494,0.27528,0.05,0.02
2012.07.02 12:47:27.703,0.2749,0.27532,0.07,0.02
2012.07.02 12:47:27.764,0.2749,0.27522,0.05,0.02
2012.07.02 12:47:27.945,0.2749,0.27529,0.05,0.02
2012.07.02 12:47:28.013,0.27494,0.27528,0.03,0.02
2012.07.02 12:47:28.883,0.27494,0.27525,0.03,0.02
2012.07.02 12:47:29.093,0.2749,0.27522,0.05,0.02
2012.07.02 12:47:29.154,0.2749,0.27527,0.05,0.04
2012.07.02 12:47:29.212,0.2749,0.27526,0.05,0.02
2012.07.02 12:47:29.731,0.27493,0.27527,0.03,0.02
2012.07.02 12:47:29.873,0.27493,0.2753,0.03,0.02
2012.07.02 12:47:30.127,0.27494,0.27529,0.05,0.02
2012.07.02 12:47:30.477,0.27493,0.27529,0.05,0.02
2012.07.02 12:47:31.614,0.27494,0.27526,0.05,0.02
2012.07.02 12:47:31.743,0.27493,0.27526,0.03,0.02
2012.07.02 12:47:31.816,0.27487,0.2752,0.03,0.02
2012.07.02 12:47:33.923,0.27485,0.27519,0.05,0.02
2012.07.02 12:47:35.703,0.27483,0.27516,0.05,0.02
2012.07.02 12:47:36.253,0.27483,0.27522,0.05,0.02
2012.07.02 12:47:37.754,0.2749,0.27523,0.05,0.02
2012.07.02 12:47:38.342,0.27484,0.27517,0.05,0.02
2012.07.02 12:47:38.932,0.27484,0.27514,0.05,0.02
2012.07.02 12:47:39.823,0.2749,0.27523,0.05,0.02
2012.07.02 12:47:39.883,0.27485,0.27518,0.05,0.02
2012.07.02 12:47:40.093,0.2749,0.27522,0.05,0.02
2012.07.02 12:47:40.637,0.27484,0.27517,0.05,0.02
2012.07.02 12:47:40.763,0.27484,0.27515,0.04,0.02
2012.07.02 12:47:41.413,0.2749,0.27523,0.05,0.02
2012.07.02 12:47:42.053,0.27485,0.27519,0.05,0.02
2012.07.02 12:47:44.355,0.27483,0.27516,0.05,0.02
2012.07.02 12:47:46.373,0.27484,0.27519,0.05,0.02
2012.07.02 12:47:51.544,0.27486,0.27526,0.03,0.04
2012.07.02 12:47:51.683,0.2749,0.27526,0.02,0.05
2012.07.02 12:47:51.743,0.27493,0.2753,0.02,0.03
2012.07.02 12:47:52.102,0.27504,0.27535,0.03,0.02
2012.07.02 12:47:52.523,0.27504,0.27535,0.04,0.02
2012.07.02 12:47:53.280,0.27511,0.27543,0.04,0.02
2012.07.02 12:47:53.354,0.27509,0.27542,0.05,0.02
2012.07.02 12:47:53.524,0.27511,0.27543,0.05,0.02
2012.07.02 12:47:56.283,0.27498,0.2753,0.06,0.02
2012.07.02 12:47:56.403,0.27507,0.2754,0.05,0.02
2012.07.02 12:47:57.252,0.27501,0.2754,0.05,0.02
2012.07.02 12:47:57.373,0.27494,0.27528,0.02,0.02
2012.07.02 12:47:57.523,0.27501,0.27535,0.05,0.02
2012.07.02 12:47:58.042,0.27501,0.27535,0.05,0.02
2012.07.02 12:48:00.711,0.27496,0.27529,0.05,0.02
2012.07.02 12:48:01.222,0.27501,0.27538,0.05,0.02
2012.07.02 12:48:01.603,0.27498,0.27531,0.05,0.02
2012.07.02 12:48:01.723,0.27497,0.27529,0.02,0.02
2012.07.02 12:48:02.243,0.27504,0.27538,0.03,0.02
2012.07.02 12:48:02.602,0.27504,0.27539,0.03,0.02
2012.07.02 12:48:03.493,0.27498,0.27532,0.03,0.02
2012.07.02 12:48:03.732,0.27498,0.27529,0.03,0.02
2012.07.02 12:48:05.794,0.27503,0.27542,0.05,0.02
2012.07.02 12:48:05.875,0.27501,0.27532,0.05,0.02
2012.07.02 12:48:06.388,0.27511,0.27543,0.04,0.02
2012.07.02 12:48:06.516,0.27503,0.27535,0.05,0.02
2012.07.02 12:48:06.983,0.27511,0.27545,0.05,0.02
2012.07.02 12:48:07.513,0.27503,0.27537,0.06,0.02
2012.07.02 12:48:08.092,0.27504,0.27536,0.04,0.02
2012.07.02 12:48:08.268,0.27503,0.27536,0.02,0.02
2012.07.02 12:48:08.605,0.27501,0.27533,0.08,0.02
2012.07.02 12:48:09.059,0.27504,0.27535,0.05,0.02
2012.07.02 12:48:10.823,0.27511,0.27546,0.05,0.05
2012.07.02 12:48:11.243,0.27507,0.27549,0.03,0.02
2012.07.02 12:48:13.416,0.27501,0.27531,0.08,0.02
2012.07.02 12:48:13.483,0.27501,0.27531,0.08,0.02
2012.07.02 12:48:13.543,0.27492,0.27526,0.05,0.02
2012.07.02 12:48:14.154,0.27494,0.27529,0.03,0.02
2012.07.02 12:48:14.223,0.27494,0.27526,0.02,0.02
2012.07.02 12:48:14.283,0.27494,0.27526,0.06,0.02
2012.07.02 12:48:15.606,0.27493,0.27524,0.05,0.02
2012.07.02 12:48:15.673,0.27493,0.27533,0.05,0.02
2012.07.02 12:48:17.162,0.27491,0.27522,0.10,0.02
2012.07.02 12:48:18.111,0.27493,0.27529,0.03,0.02
2012.07.02 12:48:18.656,0.27489,0.27522,0.02,0.02
2012.07.02 12:48:20.552,0.27491,0.2753,0.05,0.02
2012.07.02 12:48:24.963,0.27491,0.27523,0.05,0.02
2012.07.02 12:48:25.303,0.27488,0.27522,0.02,0.02
2012.07.02 12:48:25.422,0.27491,0.27526,0.05,0.02
2012.07.02 12:48:28.230,0.27486,0.2752,0.03,0.02
2012.07.02 12:48:29.792,0.27491,0.27529,0.05,0.02
2012.07.02 12:48:29.853,0.27491,0.27522,0.05,0.02
2012.07.02 12:48:34.174,0.27493,0.27529,0.05,0.02
2012.07.02 12:48:34.283,0.27501,0.27533,0.04,0.02
2012.07.02 12:48:34.848,0.27493,0.27524,0.05,0.02
2012.07.02 12:48:38.003,0.27491,0.27523,0.08,0.02
2012.07.02 12:48:39.832,0.27494,0.27524,0.05,0.02
2012.07.02 12:48:43.786,0.27491,0.27523,0.08,0.02
2012.07.02 12:48:54.576,0.27487,0.27521,0.05,0.02
2012.07.02 12:48:54.912,0.27494,0.27526,0.02,0.05
2012.07.02 12:48:55.242,0.27491,0.27521,0.08,0.02
2012.07.02 12:48:55.485,0.27492,0.27525,0.03,0.02
2012.07.02 12:48:57.134,0.27491,0.27525,0.05,0.02
2012.07.02 12:48:57.264,0.27488,0.2752,0.05,0.02
2012.07.02 12:48:57.872,0.2748,0.27512,0.02,0.02
2012.07.02 12:48:57.944,0.27479,0.27512,0.03,0.02
2012.07.02 12:48:59.214,0.27476,0.2751,0.05,0.02
2012.07.02 12:48:59.283,0.27481,0.27514,0.05,0.02
2012.07.02 12:48:59.823,0.27473,0.27507,0.05,0.02
2012.07.02 12:49:00.184,0.27481,0.27513,0.05,0.02
2012.07.02 12:49:01.592,0.27479,0.27511,0.03,0.02
2012.07.02 12:49:01.903,0.27481,0.27513,0.05,0.02
2012.07.02 12:49:03.002,0.27483,0.2752,0.03,0.02
2012.07.02 12:49:03.063,0.27481,0.27516,0.05,0.03
2012.07.02 12:49:03.807,0.27484,0.27522,0.05,0.03
2012.07.02 12:49:03.874,0.27484,0.27518,0.05,0.02
2012.07.02 12:49:04.352,0.27484,0.27516,0.05,0.02
2012.07.02 12:49:04.802,0.27491,0.27524,0.05,0.02
2012.07.02 12:49:05.124,0.27481,0.27515,0.08,0.03
2012.07.02 12:49:05.533,0.27484,0.27519,0.05,0.02
2012.07.02 12:49:05.593,0.27484,0.27522,0.03,0.02
2012.07.02 12:49:05.923,0.27481,0.2752,0.05,0.03
2012.07.02 12:49:06.321,0.27481,0.27518,0.05,0.02
2012.07.02 12:49:07.024,0.27481,0.27512,0.05,0.02
2012.07.02 12:49:07.883,0.27481,0.27518,0.05,0.02
2012.07.02 12:49:08.812,0.27481,0.27512,0.05,0.02
2012.07.02 12:49:08.932,0.27483,0.27514,0.03,0.02
2012.07.02 12:49:09.423,0.27484,0.27514,0.02,0.02
2012.07.02 12:49:10.009,0.27481,0.27513,0.05,0.02
2012.07.02 12:49:10.086,0.27483,0.27515,0.03,0.02
2012.07.02 12:49:10.803,0.27479,0.27513,0.03,0.02
2012.07.02 12:49:10.863,0.27481,0.27517,0.05,0.02
2012.07.02 12:49:11.412,0.27478,0.27511,0.05,0.02
2012.07.02 12:49:12.203,0.27481,0.27513,0.05,0.02
2012.07.02 12:49:12.323,0.27478,0.27509,0.05,0.02
2012.07.02 12:49:14.743,0.27475,0.27509,0.03,0.02
2012.07.02 12:49:15.093,0.27475,0.27512,0.03,0.02
2012.07.02 12:49:15.801,0.27475,0.27508,0.03,0.02
2012.07.02 12:49:16.183,0.27474,0.27511,0.03,0.02
2012.07.02 12:49:16.711,0.27476,0.27517,0.03,0.03
2012.07.02 12:49:17.013,0.27475,0.27516,0.03,0.03
2012.07.02 12:49:17.995,0.27475,0.2751,0.03,0.02
2012.07.02 12:49:19.343,0.27477,0.27509,0.05,0.02
2012.07.02 12:49:20.866,0.27471,0.27504,0.05,0.02
2012.07.02 12:49:20.933,0.2748,0.27512,0.05,0.02
2012.07.02 12:49:23.393,0.27474,0.27507,0.03,0.02
2012.07.02 12:49:23.593,0.2747,0.27504,0.06,0.02
2012.07.02 12:49:24.094,0.2747,0.2751,0.05,0.02
2012.07.02 12:49:24.603,0.27474,0.27506,0.03,0.02
2012.07.02 12:49:24.782,0.27473,0.27512,0.05,0.02
2012.07.02 12:49:25.262,0.27474,0.27505,0.05,0.02
2012.07.02 12:49:25.783,0.27473,0.2751,0.05,0.02
2012.07.02 12:49:25.843,0.27475,0.27515,0.03,0.02
2012.07.02 12:49:26.218,0.27475,0.27509,0.03,0.02
2012.07.02 12:49:28.323,0.2748,0.27515,0.05,0.02
2012.07.02 12:49:28.866,0.27475,0.2751,0.05,0.02
2012.07.02 12:49:30.267,0.27475,0.27507,0.05,0.02
2012.07.02 12:49:31.193,0.27477,0.27509,0.05,0.02
2012.07.02 12:49:41.755,0.27474,0.27508,0.06,0.02
2012.07.02 12:49:43.934,0.27477,0.27509,0.05,0.02
2012.07.02 12:49:50.263,0.2748,0.27517,0.05,0.05
2012.07.02 12:49:50.375,0.2748,0.27511,0.05,0.02
2012.07.02 12:50:08.605,0.27477,0.27509,0.05,0.02
2012.07.02 12:50:10.127,0.2748,0.27511,0.05,0.02
2012.07.02 12:50:10.654,0.27476,0.2751,0.03,0.02
2012.07.02 12:50:10.933,0.2748,0.27516,0.05,0.02
2012.07.02 12:50:11.675,0.27473,0.27506,0.06,0.02
2012.07.02 12:50:12.676,0.27474,0.27508,0.05,0.02
2012.07.02 12:50:12.903,0.27473,0.27506,0.06,0.02
2012.07.02 12:50:13.235,0.27474,0.27508,0.05,0.02
2012.07.02 12:50:14.098,0.27474,0.27506,0.05,0.02
2012.07.02 12:50:14.433,0.27476,0.27508,0.03,0.02
2012.07.02 12:50:18.293,0.27474,0.27514,0.06,0.02
2012.07.02 12:50:18.353,0.27474,0.27506,0.06,0.02
2012.07.02 12:50:19.442,0.27474,0.27509,0.03,0.02
2012.07.02 12:50:22.883,0.27476,0.27517,0.03,0.05
2012.07.02 12:50:25.929,0.27474,0.27515,0.05,0.03
2012.07.02 12:50:29.073,0.27476,0.27511,0.03,0.02
2012.07.02 12:50:32.724,0.2748,0.27516,0.05,0.03
2012.07.02 12:50:34.393,0.27477,0.27509,0.05,0.02
2012.07.02 12:50:34.736,0.2748,0.27512,0.05,0.02
2012.07.02 12:50:34.855,0.27477,0.27511,0.05,0.03
2012.07.02 12:50:35.784,0.27475,0.2751,0.03,0.02
2012.07.02 12:50:45.563,0.2748,0.2751,0.05,0.02
2012.07.02 12:50:48.395,0.27475,0.2751,0.03,0.02
2012.07.02 12:50:55.220,0.2748,0.27514,0.05,0.02
2012.07.02 12:50:55.283,0.27475,0.27507,0.05,0.02
2012.07.02 12:50:55.991,0.27474,0.27516,0.06,0.05
2012.07.02 12:51:01.193,0.27471,0.27506,0.06,0.02
2012.07.02 12:51:01.792,0.27474,0.27507,0.06,0.02
2012.07.02 12:51:10.363,0.27476,0.27509,0.05,0.02
2012.07.02 12:51:11.043,0.27474,0.27507,0.06,0.02
2012.07.02 12:51:12.821,0.27475,0.27507,0.05,0.02
2012.07.02 12:51:12.956,0.27463,0.27497,0.05,0.02
2012.07.02 12:51:13.449,0.27463,0.27498,0.05,0.02
2012.07.02 12:51:13.573,0.27465,0.275,0.02,0.02
2012.07.02 12:51:13.633,0.27465,0.27506,0.02,0.03
2012.07.02 12:51:16.713,0.2747,0.27506,0.05,0.02
2012.07.02 12:51:17.987,0.27467,0.27498,0.05,0.02
2012.07.02 12:51:18.543,0.2747,0.27505,0.05,0.02
2012.07.02 12:51:18.863,0.27464,0.27505,0.05,0.02
2012.07.02 12:51:19.886,0.27464,0.27505,0.07,0.03
2012.07.02 12:51:21.573,0.27474,0.27508,0.03,0.02
2012.07.02 12:51:21.634,0.27469,0.27503,0.03,0.02
2012.07.02 12:51:23.705,0.27468,0.27502,0.03,0.03
2012.07.02 12:51:26.599,0.27473,0.27504,0.03,0.02
2012.07.02 12:51:26.663,0.27474,0.27512,0.05,0.02
2012.07.02 12:51:27.817,0.27474,0.27508,0.05,0.02
2012.07.02 12:51:27.883,0.27474,0.27516,0.07,0.05
2012.07.02 12:51:28.635,0.27474,0.27507,0.02,0.03
2012.07.02 12:51:32.683,0.2748,0.27513,0.05,0.02
2012.07.02 12:51:34.126,0.27471,0.27504,0.06,0.02
2012.07.02 12:51:34.845,0.27471,0.27504,0.06,0.02
2012.07.02 12:51:35.393,0.27471,0.27501,0.06,0.02
2012.07.02 12:51:35.948,0.27473,0.27503,0.02,0.02
2012.07.02 12:51:36.595,0.27473,0.27503,0.03,0.02
2012.07.02 12:51:37.517,0.27468,0.27503,0.03,0.03
2012.07.02 12:51:38.073,0.27474,0.27506,0.02,0.03
2012.07.02 12:51:38.602,0.27468,0.27503,0.03,0.03
2012.07.02 12:51:39.012,0.27471,0.27504,0.06,0.02
2012.07.02 12:51:39.519,0.27474,0.27508,0.03,0.02
2012.07.02 12:51:39.643,0.27468,0.27502,0.03,0.02
2012.07.02 12:51:42.545,0.27471,0.27503,0.05,0.02
2012.07.02 12:51:43.149,0.27471,0.2751,0.05,0.02
2012.07.02 12:51:47.473,0.27473,0.27505,0.03,0.02
2012.07.02 12:51:47.844,0.2748,0.27513,0.05,0.02
2012.07.02 12:51:50.063,0.27475,0.27506,0.05,0.02
2012.07.02 12:51:54.017,0.27473,0.27504,0.05,0.02
2012.07.02 12:52:06.593,0.27477,0.2751,0.05,0.02
2012.07.02 12:52:06.714,0.27479,0.27519,0.03,0.02
2012.07.02 12:52:06.814,0.27479,0.27513,0.03,0.02
2012.07.02 12:52:07.903,0.27481,0.27521,0.05,0.02
2012.07.02 12:52:08.978,0.2748,0.27513,0.03,0.02
2012.07.02 12:52:10.575,0.27478,0.27511,0.03,0.02
2012.07.02 12:52:11.509,0.27481,0.27518,0.05,0.02
2012.07.02 12:52:11.574,0.27476,0.27508,0.03,0.02
2012.07.02 12:52:14.213,0.27476,0.27511,0.03,0.02
2012.07.02 12:52:15.035,0.27476,0.2751,0.03,0.02
2012.07.02 12:52:15.163,0.27476,0.27508,0.03,0.02
2012.07.02 12:52:17.095,0.27478,0.27509,0.05,0.02
2012.07.02 12:52:17.633,0.27476,0.27509,0.03,0.02
2012.07.02 12:52:17.804,0.27479,0.27521,0.03,0.03
2012.07.02 12:52:18.468,0.27481,0.27513,0.04,0.02
2012.07.02 12:52:19.533,0.27481,0.27511,0.05,0.02
2012.07.02 12:52:23.524,0.27481,0.27514,0.05,0.03
2012.07.02 12:52:23.643,0.27483,0.27522,0.03,0.02
2012.07.02 12:52:26.839,0.27483,0.27521,0.03,0.02
2012.07.02 12:52:26.906,0.27481,0.27521,0.05,0.02
2012.07.02 12:52:33.679,0.27481,0.27519,0.05,0.03
2012.07.02 12:52:34.633,0.27477,0.2751,0.02,0.03
2012.07.02 12:52:35.293,0.27481,0.27519,0.05,0.02
2012.07.02 12:52:35.413,0.27479,0.27512,0.02,0.02
2012.07.02 12:52:35.583,0.27479,0.27509,0.02,0.02
2012.07.02 12:52:36.082,0.27479,0.27512,0.02,0.02
2012.07.02 12:52:36.203,0.27477,0.2751,0.05,0.02
2012.07.02 12:52:36.533,0.27481,0.27514,0.05,0.02
2012.07.02 12:52:37.073,0.27474,0.27506,0.03,0.02
2012.07.02 12:52:40.383,0.27474,0.27506,0.06,0.02
2012.07.02 12:52:51.386,0.27474,0.27507,0.06,0.02
2012.07.02 12:53:05.453,0.27474,0.27509,0.07,0.02
2012.07.02 12:53:06.094,0.27484,0.27522,0.03,0.02
2012.07.02 12:53:06.214,0.27475,0.27515,0.02,0.02
2012.07.02 12:53:06.333,0.27474,0.27506,0.02,0.02
2012.07.02 12:53:09.433,0.27471,0.27504,0.05,0.02
2012.07.02 12:53:10.713,0.27474,0.27507,0.06,0.02
2012.07.02 12:53:12.145,0.27474,0.27508,0.07,0.02
2012.07.02 12:53:14.593,0.27474,0.27506,0.06,0.02
2012.07.02 12:53:17.340,0.27475,0.27515,0.03,0.02
2012.07.02 12:53:18.044,0.27471,0.27504,0.05,0.02
2012.07.02 12:53:25.303,0.27474,0.27515,0.02,0.02
2012.07.02 12:53:25.374,0.27471,0.27506,0.05,0.03
2012.07.02 12:53:25.503,0.27464,0.27497,0.05,0.03
2012.07.02 12:53:26.225,0.27465,0.27498,0.03,0.02
2012.07.02 12:53:26.804,0.27465,0.275,0.03,0.02
2012.07.02 12:53:26.863,0.27465,0.27502,0.03,0.02
2012.07.02 12:53:26.924,0.27471,0.27511,0.02,0.02
2012.07.02 12:53:29.060,0.2747,0.27507,0.05,0.02
2012.07.02 12:53:29.184,0.27467,0.27498,0.02,0.02
2012.07.02 12:53:31.442,0.27467,0.275,0.02,0.02
2012.07.02 12:53:32.233,0.27467,0.27498,0.02,0.02
2012.07.02 12:53:34.944,0.27467,0.275,0.02,0.02
2012.07.02 12:53:36.759,0.2747,0.2751,0.03,0.02
2012.07.02 12:53:37.307,0.27473,0.27504,0.04,0.02
2012.07.02 12:53:37.373,0.27473,0.27504,0.05,0.02
2012.07.02 12:53:37.693,0.27473,0.27509,0.03,0.02
2012.07.02 12:53:37.754,0.27476,0.27507,0.05,0.02
2012.07.02 12:53:38.533,0.27469,0.27502,0.05,0.02
2012.07.02 12:53:39.131,0.27471,0.27503,0.05,0.02
2012.07.02 12:53:39.948,0.27471,0.27509,0.05,0.02
2012.07.02 12:53:40.013,0.27465,0.27498,0.05,0.02
2012.07.02 12:53:40.073,0.27468,0.27501,0.03,0.02
2012.07.02 12:53:40.314,0.27467,0.27498,0.03,0.02
2012.07.02 12:53:43.373,0.27467,0.27499,0.03,0.02
2012.07.02 12:53:44.954,0.27464,0.27499,0.05,0.02
2012.07.02 12:53:48.703,0.27467,0.275,0.03,0.02
2012.07.02 12:53:53.873,0.2747,0.2751,0.03,0.02
2012.07.02 12:53:54.434,0.27471,0.27512,0.03,0.03
2012.07.02 12:53:54.854,0.27471,0.27503,0.03,0.02
2012.07.02 12:53:55.598,0.27468,0.27502,0.03,0.03
2012.07.02 12:53:56.555,0.27473,0.27506,0.03,0.02
2012.07.02 12:54:00.474,0.27473,0.27508,0.05,0.02
2012.07.02 12:54:02.684,0.27474,0.27513,0.05,0.02
2012.07.02 12:54:04.198,0.2748,0.27516,0.05,0.06
2012.07.02 12:54:04.383,0.2748,0.27512,0.05,0.02
2012.07.02 12:54:04.444,0.2748,0.27514,0.05,0.02
2012.07.02 12:54:05.333,0.2748,0.27516,0.05,0.05
2012.07.02 12:54:05.393,0.27477,0.2751,0.05,0.02
2012.07.02 12:54:11.316,0.27475,0.27508,0.05,0.02
2012.07.02 12:54:15.738,0.27474,0.27506,0.03,0.02
2012.07.02 12:54:15.904,0.27472,0.27504,0.05,0.02
2012.07.02 12:54:16.517,0.27468,0.27508,0.03,0.02
2012.07.02 12:54:17.244,0.27469,0.27506,0.02,0.02
2012.07.02 12:54:17.374,0.27471,0.27511,0.02,0.02
2012.07.02 12:54:18.469,0.27471,0.27505,0.05,0.02
2012.07.02 12:54:18.983,0.27471,0.27512,0.06,0.03
2012.07.02 12:54:19.173,0.27473,0.27507,0.03,0.02
2012.07.02 12:54:21.637,0.27474,0.27508,0.05,0.02
2012.07.02 12:54:24.142,0.27474,0.27507,0.05,0.02
2012.07.02 12:54:31.654,0.27471,0.27505,0.06,0.02
2012.07.02 12:54:31.797,0.27471,0.27509,0.05,0.02
2012.07.02 12:54:32.763,0.27471,0.27505,0.05,0.02
2012.07.02 12:54:34.974,0.27471,0.27505,0.05,0.02
2012.07.02 12:54:35.553,0.27471,0.27506,0.05,0.02
2012.07.02 12:54:41.755,0.27467,0.27503,0.03,0.02
2012.07.02 12:54:49.765,0.2747,0.27504,0.05,0.02
2012.07.02 12:54:50.113,0.2747,0.27509,0.05,0.02
2012.07.02 12:54:52.507,0.2747,0.27512,0.07,0.03
2012.07.02 12:54:52.575,0.2747,0.27507,0.07,0.02
2012.07.02 12:54:53.686,0.2747,0.27505,0.07,0.02
2012.07.02 12:54:56.657,0.2747,0.27509,0.05,0.03
2012.07.02 12:55:16.014,0.27468,0.27502,0.03,0.02
2012.07.02 12:55:16.183,0.27466,0.27506,0.03,0.04
2012.07.02 12:55:16.703,0.27471,0.27506,0.05,0.07
2012.07.02 12:55:17.313,0.27471,0.27505,0.05,0.02
2012.07.02 12:55:18.986,0.27471,0.27503,0.05,0.02
2012.07.02 12:55:39.137,0.27471,0.27507,0.05,0.05
2012.07.02 12:55:41.506,0.27467,0.27504,0.02,0.02
2012.07.02 12:55:41.573,0.27466,0.27503,0.02,0.02
2012.07.02 12:55:42.093,0.27467,0.27505,0.02,0.02
2012.07.02 12:55:42.154,0.27467,0.27505,0.02,0.02
2012.07.02 12:55:43.094,0.27466,0.27502,0.02,0.02
2012.07.02 12:55:43.154,0.27466,0.27505,0.02,0.02
2012.07.02 12:55:43.224,0.27464,0.275,0.02,0.02
2012.07.02 12:55:43.798,0.27468,0.275,0.05,0.02
2012.07.02 12:55:44.463,0.27471,0.27502,0.05,0.02
2012.07.02 12:55:45.021,0.27467,0.275,0.05,0.02
2012.07.02 12:55:45.763,0.27471,0.27502,0.05,0.02
2012.07.02 12:55:48.104,0.27468,0.275,0.05,0.02
2012.07.02 12:56:04.074,0.27466,0.27499,0.05,0.02
2012.07.02 12:56:04.695,0.27463,0.27502,0.05,0.03
2012.07.02 12:56:05.526,0.27463,0.27497,0.05,0.02
2012.07.02 12:56:10.948,0.27463,0.27497,0.05,0.04
2012.07.02 12:56:11.073,0.27463,0.27497,0.05,0.03
2012.07.02 12:56:14.653,0.27463,0.27495,0.03,0.02
2012.07.02 12:56:16.873,0.27463,0.27497,0.03,0.04
2012.07.02 12:56:32.563,0.27463,0.27499,0.05,0.02
2012.07.02 12:56:32.628,0.27463,0.27499,0.05,0.02
2012.07.02 12:56:32.987,0.27463,0.27497,0.03,0.04
2012.07.02 12:56:33.508,0.27463,0.27497,0.03,0.02
2012.07.02 12:56:35.273,0.27463,0.27497,0.03,0.02
2012.07.02 12:56:41.510,0.27461,0.27493,0.05,0.02
2012.07.02 12:56:41.586,0.27461,0.27493,0.03,0.02
2012.07.02 12:56:44.995,0.27464,0.27495,0.03,0.02
2012.07.02 12:56:46.665,0.27463,0.27497,0.03,0.04
2012.07.02 12:56:49.178,0.27457,0.27491,0.02,0.02
2012.07.02 12:56:49.245,0.27453,0.27491,0.05,0.02
2012.07.02 12:56:49.525,0.27453,0.27495,0.07,0.02
2012.07.02 12:56:50.424,0.2746,0.27492,0.05,0.02
2012.07.02 12:56:53.595,0.27456,0.2749,0.05,0.02
2012.07.02 12:56:53.874,0.27456,0.27489,0.05,0.02
2012.07.02 12:56:54.734,0.27454,0.27491,0.05,0.02
2012.07.02 12:56:55.526,0.27457,0.27492,0.02,0.02
2012.07.02 12:56:56.434,0.27457,0.2749,0.05,0.02
2012.07.02 12:56:56.922,0.27456,0.27489,0.05,0.02
2012.07.02 12:56:57.811,0.27455,0.27492,0.02,0.02
2012.07.02 12:56:58.573,0.27461,0.27493,0.04,0.02
2012.07.02 12:57:03.073,0.27455,0.27492,0.02,0.02
2012.07.02 12:57:04.485,0.27455,0.27493,0.02,0.02
2012.07.02 12:57:11.394,0.2746,0.27494,0.05,0.02
2012.07.02 12:57:11.745,0.2746,0.27495,0.05,0.02
2012.07.02 12:57:19.095,0.27455,0.27492,0.03,0.02
2012.07.02 12:57:19.164,0.27455,0.27493,0.02,0.02
2012.07.02 12:57:19.394,0.2746,0.2749,0.04,0.02
2012.07.02 12:57:19.546,0.2746,0.27492,0.05,0.02
2012.07.02 12:57:20.043,0.27457,0.2749,0.05,0.02
2012.07.02 12:57:23.186,0.2746,0.27492,0.05,0.02
2012.07.02 12:57:24.195,0.2746,0.2749,0.05,0.02
2012.07.02 12:57:31.558,0.2746,0.27494,0.05,0.02
2012.07.02 12:57:31.744,0.2746,0.27499,0.05,0.02
2012.07.02 12:57:31.805,0.27466,0.27502,0.02,0.02
2012.07.02 12:57:31.935,0.27468,0.27503,0.02,0.04
2012.07.02 12:57:32.257,0.27463,0.27498,0.03,0.02
2012.07.02 12:57:36.884,0.27468,0.275,0.05,0.02
2012.07.02 12:57:47.664,0.27465,0.27506,0.03,0.02
2012.07.02 12:57:47.724,0.27465,0.27502,0.03,0.02
2012.07.02 12:57:48.444,0.27474,0.27511,0.03,0.02
2012.07.02 12:57:48.627,0.27474,0.27506,0.05,0.02
2012.07.02 12:57:48.755,0.27474,0.27509,0.05,0.02
2012.07.02 12:57:48.908,0.27473,0.27507,0.03,0.02
2012.07.02 12:57:49.174,0.27473,0.27509,0.05,0.02
2012.07.02 12:57:50.225,0.27474,0.27506,0.05,0.02
2012.07.02 12:57:52.834,0.27473,0.27515,0.07,0.02
2012.07.02 12:57:52.894,0.27474,0.27508,0.05,0.02
2012.07.02 12:57:59.628,0.2748,0.27516,0.05,0.02
2012.07.02 12:57:59.705,0.27477,0.27514,0.02,0.02
2012.07.02 12:58:00.193,0.27477,0.27518,0.02,0.02
2012.07.02 12:58:00.623,0.27476,0.2751,0.03,0.02
2012.07.02 12:58:02.401,0.27476,0.27509,0.03,0.02
2012.07.02 12:58:04.161,0.27477,0.27512,0.02,0.02
2012.07.02 12:58:09.083,0.27478,0.2751,0.03,0.02
2012.07.02 12:58:09.384,0.27468,0.27502,0.03,0.02
2012.07.02 12:58:09.984,0.2747,0.27506,0.05,0.02
2012.07.02 12:58:12.634,0.27465,0.27499,0.03,0.02
2012.07.02 12:58:13.304,0.27465,0.27501,0.03,0.02
2012.07.02 12:58:14.034,0.27467,0.27508,0.03,0.02
2012.07.02 12:58:19.727,0.27467,0.27503,0.03,0.02
2012.07.02 12:58:22.173,0.27467,0.27501,0.03,0.02
2012.07.02 12:58:22.744,0.27465,0.27504,0.02,0.02
2012.07.02 12:58:23.588,0.27463,0.275,0.07,0.02
2012.07.02 12:58:23.914,0.27465,0.27502,0.02,0.02
2012.07.02 12:58:24.553,0.27466,0.27501,0.02,0.02
2012.07.02 12:58:24.674,0.27467,0.27507,0.03,0.04
2012.07.02 12:58:37.745,0.2747,0.27503,0.05,0.02
2012.07.02 12:58:39.428,0.27467,0.275,0.03,0.02
2012.07.02 12:58:41.204,0.27467,0.27501,0.03,0.02
2012.07.02 12:58:48.464,0.27467,0.27503,0.03,0.02
2012.07.02 12:58:50.133,0.27469,0.27506,0.02,0.03
2012.07.02 12:58:50.253,0.27474,0.2751,0.03,0.02
2012.07.02 12:58:50.744,0.27473,0.27511,0.05,0.02
2012.07.02 12:58:54.698,0.27474,0.27508,0.05,0.02
2012.07.02 12:58:58.143,0.27474,0.27509,0.02,0.02
2012.07.02 12:58:59.310,0.27475,0.27507,0.05,0.02
2012.07.02 12:59:03.704,0.27474,0.27505,0.05,0.02
2012.07.02 12:59:07.075,0.27473,0.27508,0.03,0.02
2012.07.02 12:59:08.174,0.27468,0.27508,0.02,0.02
2012.07.02 12:59:08.693,0.27466,0.27507,0.03,0.03
2012.07.02 12:59:11.039,0.27468,0.27508,0.03,0.02
2012.07.02 12:59:11.104,0.27473,0.27505,0.03,0.02
2012.07.02 12:59:11.164,0.27473,0.27513,0.03,0.02
2012.07.02 12:59:11.284,0.27473,0.27509,0.03,0.02
2012.07.02 12:59:11.883,0.2747,0.27509,0.05,0.02
2012.07.02 12:59:12.285,0.27473,0.27512,0.05,0.02
2012.07.02 12:59:18.535,0.27474,0.27508,0.05,0.02
2012.07.02 12:59:18.664,0.2747,0.27501,0.05,0.02
2012.07.02 12:59:18.784,0.2747,0.27506,0.05,0.02
2012.07.02 12:59:19.794,0.27465,0.27505,0.03,0.02
2012.07.02 12:59:19.854,0.27465,0.27505,0.02,0.02
2012.07.02 12:59:19.914,0.27463,0.27499,0.07,0.02
2012.07.02 12:59:20.738,0.27471,0.27502,0.05,0.02
2012.07.02 12:59:21.064,0.27471,0.27504,0.05,0.02
2012.07.02 12:59:24.937,0.27464,0.27498,0.05,0.02
2012.07.02 12:59:29.264,0.27466,0.275,0.05,0.02
2012.07.02 12:59:30.053,0.27464,0.27498,0.05,0.02
2012.07.02 12:59:32.364,0.27468,0.27499,0.05,0.02
2012.07.02 12:59:32.715,0.27468,0.275,0.05,0.02
2012.07.02 12:59:33.063,0.27465,0.27506,0.03,0.05
2012.07.02 12:59:33.866,0.27465,0.27497,0.03,0.02
2012.07.02 12:59:33.984,0.27461,0.27499,0.05,0.02
2012.07.02 12:59:43.335,0.27456,0.27493,0.03,0.02
2012.07.02 12:59:47.362,0.27456,0.27494,0.02,0.02
2012.07.02 12:59:47.515,0.2746,0.2749,0.05,0.02
2012.07.02 12:59:50.573,0.2746,0.27494,0.05,0.02
2012.07.02 12:59:51.273,0.27455,0.27489,0.05,0.03
2012.07.02 12:59:53.843,0.27454,0.27491,0.02,0.02
2012.07.02 12:59:54.004,0.27453,0.27489,0.05,0.02
