2014.04.29 05:00:00.566,0.1952,0.19559,0.02,0.02
2014.04.29 05:00:08.058,0.19518,0.19558,0.02,0.06
2014.04.29 05:00:19.500,0.19517,0.19557,0.02,0.04
2014.04.29 05:00:38.600,0.19518,0.19558,0.02,0.02
2014.04.29 05:00:39.005,0.1952,0.19559,0.02,0.02
2014.04.29 05:00:48.220,0.19521,0.19561,0.02,0.02
2014.04.29 05:00:48.966,0.19522,0.19562,0.02,0.03
2014.04.29 05:00:49.872,0.19522,0.19562,0.02,0.05
2014.04.29 05:00:50.083,0.1952,0.1956,0.02,0.02
2014.04.29 05:00:50.303,0.19522,0.19562,0.02,0.04
2014.04.29 05:00:50.947,0.19521,0.19561,0.02,0.02
2014.04.29 05:00:53.953,0.19522,0.19562,0.02,0.03
2014.04.29 05:00:55.168,0.19523,0.19563,0.02,0.04
2014.04.29 05:00:55.568,0.19525,0.19563,0.02,0.02
2014.04.29 05:00:59.372,0.19525,0.19563,0.02,0.04
2014.04.29 05:00:59.431,0.19523,0.19563,0.02,0.06
2014.04.29 05:00:59.579,0.1952,0.1956,0.02,0.02
2014.04.29 05:00:59.980,0.19522,0.19561,0.02,0.02
2014.04.29 05:01:00.519,0.19522,0.19562,0.02,0.03
2014.04.29 05:01:01.229,0.19523,0.19562,0.02,0.02
2014.04.29 05:01:09.868,0.19522,0.19562,0.02,0.03
2014.04.29 05:01:11.737,0.19523,0.19562,0.02,0.02
2014.04.29 05:01:12.628,0.19522,0.19562,0.02,0.03
2014.04.29 05:01:19.095,0.19523,0.19562,0.02,0.02
2014.04.29 05:01:22.693,0.19522,0.19562,0.02,0.03
2014.04.29 05:01:24.514,0.19523,0.19562,0.02,0.02
2014.04.29 05:01:29.473,0.19522,0.19562,0.02,0.04
2014.04.29 05:01:30.453,0.19523,0.19562,0.02,0.02
2014.04.29 05:01:31.202,0.19522,0.19562,0.02,0.03
2014.04.29 05:01:52.117,0.19523,0.19562,0.02,0.02
2014.04.29 05:02:52.141,0.19517,0.19562,0.02,0.02
2014.04.29 05:03:14.986,0.19523,0.19562,0.02,0.02
2014.04.29 05:03:15.578,0.19522,0.19562,0.02,0.04
2014.04.29 05:03:18.928,0.19523,0.19562,0.02,0.02
2014.04.29 05:03:19.996,0.19522,0.19562,0.02,0.04
2014.04.29 05:03:20.561,0.19523,0.19562,0.02,0.02
2014.04.29 05:03:22.229,0.19522,0.19562,0.02,0.03
2014.04.29 05:03:23.302,0.19523,0.19562,0.02,0.02
2014.04.29 05:04:05.150,0.19522,0.19562,0.02,0.04
2014.04.29 05:04:06.799,0.19523,0.19562,0.02,0.02
2014.04.29 05:04:10.183,0.19522,0.19562,0.02,0.04
2014.04.29 05:04:11.227,0.19522,0.19558,0.02,0.05
2014.04.29 05:04:11.278,0.19517,0.19557,0.02,0.04
2014.04.29 05:04:12.032,0.19516,0.19556,0.02,0.02
2014.04.29 05:04:17.142,0.19517,0.19557,0.02,0.04
2014.04.29 05:04:17.653,0.19518,0.19557,0.02,0.02
2014.04.29 05:04:18.869,0.19517,0.19557,0.02,0.04
2014.04.29 05:04:19.539,0.19516,0.19556,0.02,0.02
2014.04.29 05:04:20.295,0.19517,0.19557,0.02,0.04
2014.04.29 05:04:27.556,0.19516,0.19556,0.02,0.02
2014.04.29 05:04:29.177,0.19515,0.19555,0.02,0.02
2014.04.29 05:04:29.277,0.19512,0.19552,0.02,0.03
2014.04.29 05:04:29.808,0.19513,0.19552,0.02,0.02
2014.04.29 05:04:30.534,0.19512,0.19552,0.02,0.03
2014.04.29 05:04:35.265,0.19513,0.19553,0.02,0.03
2014.04.29 05:04:35.770,0.19515,0.19554,0.02,0.02
2014.04.29 05:04:37.947,0.19515,0.19554,0.02,0.02
2014.04.29 05:04:38.067,0.19513,0.19553,0.02,0.06
2014.04.29 05:04:38.786,0.19512,0.19552,0.02,0.03
2014.04.29 05:04:40.335,0.19513,0.19552,0.02,0.02
2014.04.29 05:04:41.145,0.19512,0.19552,0.02,0.03
2014.04.29 05:04:43.185,0.19513,0.19552,0.02,0.01
2014.04.29 05:04:44.165,0.19512,0.19552,0.02,0.04
2014.04.29 05:04:45.574,0.19513,0.19552,0.02,0.02
2014.04.29 05:04:59.420,0.19512,0.19552,0.02,0.04
2014.04.29 05:05:00.290,0.19513,0.19552,0.02,0.02
2014.04.29 05:05:01.780,0.19512,0.19552,0.02,0.04
2014.04.29 05:05:03.104,0.19513,0.19552,0.02,0.02
2014.04.29 05:05:08.604,0.19512,0.19552,0.02,0.04
2014.04.29 05:05:10.452,0.19513,0.19552,0.02,0.02
2014.04.29 05:05:14.101,0.19512,0.19552,0.02,0.04
2014.04.29 05:05:14.659,0.19513,0.19552,0.02,0.02
2014.04.29 05:05:15.425,0.19512,0.19552,0.02,0.04
2014.04.29 05:05:16.085,0.19513,0.19552,0.02,0.02
2014.04.29 05:05:17.050,0.19512,0.19552,0.02,0.04
2014.04.29 05:05:18.696,0.19513,0.19552,0.02,0.02
2014.04.29 05:05:29.937,0.19512,0.19552,0.02,0.04
2014.04.29 05:05:31.007,0.19513,0.19552,0.02,0.02
2014.04.29 05:05:33.518,0.19512,0.19552,0.02,0.04
2014.04.29 05:05:35.666,0.19511,0.19551,0.02,0.02
2014.04.29 05:05:36.218,0.1951,0.1955,0.02,0.02
2014.04.29 05:05:37.005,0.1951,0.19549,0.02,0.04
2014.04.29 05:05:37.066,0.19507,0.19547,0.02,0.04
2014.04.29 05:05:37.872,0.19508,0.19547,0.02,0.02
2014.04.29 05:05:38.495,0.19507,0.19547,0.02,0.04
2014.04.29 05:05:40.939,0.19508,0.19548,0.02,0.03
2014.04.29 05:05:41.039,0.1951,0.19549,0.02,0.02
2014.04.29 05:05:41.369,0.1951,0.19549,0.02,0.02
2014.04.29 05:05:41.880,0.19508,0.19548,0.02,0.06
2014.04.29 05:05:42.542,0.19507,0.19547,0.02,0.03
2014.04.29 05:05:44.219,0.19507,0.19547,0.02,0.06
2014.04.29 05:05:44.363,0.19505,0.19545,0.02,0.04
2014.04.29 05:05:44.840,0.19508,0.19547,0.02,0.03
2014.04.29 05:05:45.060,0.19505,0.19545,0.02,0.02
2014.04.29 05:05:45.795,0.19506,0.19546,0.02,0.02
2014.04.29 05:05:46.433,0.19505,0.19545,0.02,0.02
2014.04.29 05:05:48.238,0.19507,0.19547,0.02,0.05
2014.04.29 05:05:51.222,0.19502,0.19542,0.03,0.02
2014.04.29 05:05:51.784,0.19503,0.19542,0.02,0.02
2014.04.29 05:05:53.866,0.19503,0.19543,0.02,0.02
2014.04.29 05:05:54.171,0.19505,0.19545,0.02,0.02
2014.04.29 05:06:08.715,0.19505,0.19544,0.02,0.04
2014.04.29 05:06:08.838,0.19502,0.19542,0.02,0.04
2014.04.29 05:06:09.375,0.19503,0.19543,0.02,0.03
2014.04.29 05:06:09.922,0.19502,0.19542,0.02,0.03
2014.04.29 05:06:12.213,0.19503,0.19543,0.02,0.02
2014.04.29 05:06:12.836,0.19503,0.19543,0.02,0.03
2014.04.29 05:06:12.987,0.19505,0.19544,0.02,0.02
2014.04.29 05:06:13.376,0.19503,0.19543,0.02,0.03
2014.04.29 05:06:13.933,0.19504,0.19544,0.02,0.04
2014.04.29 05:06:14.543,0.19503,0.19543,0.02,0.03
2014.04.29 05:06:15.196,0.19503,0.19543,0.02,0.02
2014.04.29 05:06:15.348,0.19505,0.19543,0.02,0.01
2014.04.29 05:06:15.446,0.19503,0.19543,0.02,0.03
2014.04.29 05:06:15.697,0.19507,0.19547,0.02,0.04
2014.04.29 05:06:17.235,0.19506,0.19546,0.02,0.04
2014.04.29 05:06:17.845,0.19505,0.19545,0.02,0.02
2014.04.29 05:06:18.295,0.19507,0.19547,0.02,0.04
2014.04.29 05:06:25.210,0.19508,0.19547,0.02,0.02
2014.04.29 05:06:26.424,0.19508,0.19548,0.02,0.04
2014.04.29 05:06:26.767,0.1951,0.19548,0.02,0.02
2014.04.29 05:06:28.243,0.1951,0.19548,0.02,0.04
2014.04.29 05:06:28.393,0.19507,0.19547,0.02,0.04
2014.04.29 05:06:28.898,0.19508,0.19547,0.02,0.02
2014.04.29 05:06:29.408,0.19507,0.19547,0.02,0.03
2014.04.29 05:06:30.068,0.19508,0.19547,0.02,0.02
2014.04.29 05:06:30.872,0.19507,0.19547,0.02,0.03
2014.04.29 05:06:31.387,0.19508,0.19547,0.02,0.02
2014.04.29 05:06:41.723,0.19508,0.19548,0.02,0.04
2014.04.29 05:06:41.774,0.1951,0.19548,0.02,0.02
2014.04.29 05:06:51.905,0.1951,0.19548,0.02,0.04
2014.04.29 05:06:51.955,0.19507,0.19547,0.02,0.04
2014.04.29 05:06:52.477,0.19508,0.19547,0.02,0.02
2014.04.29 05:06:53.169,0.19507,0.19547,0.02,0.03
2014.04.29 05:06:54.876,0.19508,0.19547,0.02,0.02
2014.04.29 05:06:57.620,0.19507,0.19547,0.02,0.03
2014.04.29 05:07:04.553,0.19508,0.19547,0.02,0.02
2014.04.29 05:07:04.664,0.1951,0.19548,0.02,0.02
2014.04.29 05:07:06.023,0.1951,0.19548,0.02,0.04
2014.04.29 05:07:06.124,0.19507,0.19547,0.02,0.04
2014.04.29 05:07:06.944,0.1951,0.19548,0.02,0.02
2014.04.29 05:07:17.510,0.1951,0.19548,0.02,0.04
2014.04.29 05:07:17.570,0.19508,0.19548,0.02,0.06
2014.04.29 05:07:28.587,0.19507,0.19547,0.02,0.04
2014.04.29 05:07:29.537,0.19508,0.19547,0.02,0.02
2014.04.29 05:07:30.199,0.19507,0.19547,0.02,0.04
2014.04.29 05:07:31.277,0.19508,0.19547,0.02,0.02
2014.04.29 05:07:39.185,0.19507,0.19547,0.02,0.04
2014.04.29 05:07:39.934,0.19508,0.19547,0.02,0.02
2014.04.29 05:07:50.222,0.19507,0.19547,0.02,0.03
2014.04.29 05:08:01.979,0.19508,0.19547,0.02,0.02
2014.04.29 05:08:11.597,0.19507,0.19547,0.02,0.04
2014.04.29 05:08:13.946,0.19508,0.19547,0.02,0.01
2014.04.29 05:08:14.764,0.19507,0.19547,0.02,0.03
2014.04.29 05:08:17.305,0.19508,0.19547,0.02,0.01
2014.04.29 05:08:24.604,0.19507,0.19547,0.02,0.03
2014.04.29 05:08:29.287,0.19508,0.19547,0.02,0.02
2014.04.29 05:08:29.792,0.19507,0.19547,0.02,0.04
2014.04.29 05:08:30.763,0.19508,0.19547,0.02,0.02
2014.04.29 05:08:31.632,0.19507,0.19547,0.02,0.03
2014.04.29 05:08:32.185,0.19508,0.19547,0.02,0.02
2014.04.29 05:08:32.869,0.19507,0.19547,0.02,0.04
2014.04.29 05:08:44.669,0.19508,0.19547,0.02,0.01
2014.04.29 05:08:47.402,0.19508,0.19548,0.02,0.04
2014.04.29 05:08:47.554,0.1951,0.1955,0.02,0.04
2014.04.29 05:09:10.812,0.19511,0.1955,0.02,0.02
2014.04.29 05:09:15.258,0.19511,0.19551,0.02,0.02
2014.04.29 05:09:15.817,0.1951,0.1955,0.02,0.02
2014.04.29 05:09:17.560,0.19511,0.19551,0.02,0.02
2014.04.29 05:09:18.128,0.19512,0.19552,0.02,0.06
2014.04.29 05:09:27.588,0.19513,0.19552,0.02,0.04
2014.04.29 05:09:40.399,0.19512,0.19552,0.02,0.04
2014.04.29 05:09:40.925,0.19513,0.19552,0.02,0.03
2014.04.29 05:09:41.570,0.19512,0.19552,0.02,0.05
2014.04.29 05:09:43.434,0.19513,0.19552,0.02,0.03
2014.04.29 05:09:44.944,0.19512,0.19552,0.02,0.05
2014.04.29 05:09:45.593,0.19513,0.19552,0.02,0.03
2014.04.29 05:09:53.507,0.19512,0.19552,0.02,0.05
2014.04.29 05:09:54.117,0.19513,0.19552,0.02,0.03
2014.04.29 05:10:05.137,0.19512,0.19552,0.02,0.05
2014.04.29 05:10:07.946,0.19513,0.19552,0.02,0.03
2014.04.29 05:10:18.455,0.19512,0.19552,0.02,0.05
2014.04.29 05:10:43.287,0.19513,0.19552,0.02,0.03
2014.04.29 05:10:45.026,0.19512,0.19552,0.02,0.05
2014.04.29 05:11:09.617,0.19513,0.19552,0.02,0.02
2014.04.29 05:11:10.460,0.19515,0.19552,0.02,0.02
2014.04.29 05:11:13.408,0.19512,0.19552,0.02,0.05
2014.04.29 05:11:40.883,0.19513,0.19552,0.02,0.03
2014.04.29 05:11:41.652,0.19512,0.19552,0.02,0.05
2014.04.29 05:11:48.230,0.19513,0.19552,0.02,0.03
2014.04.29 05:11:49.100,0.19512,0.19552,0.02,0.05
2014.04.29 05:12:12.157,0.19513,0.19552,0.02,0.03
2014.04.29 05:12:16.034,0.19512,0.19552,0.02,0.05
2014.04.29 05:12:16.728,0.19513,0.19552,0.02,0.03
2014.04.29 05:12:22.782,0.19515,0.19552,0.02,0.02
2014.04.29 05:12:24.964,0.19513,0.19552,0.02,0.03
2014.04.29 05:12:25.491,0.19512,0.19552,0.02,0.05
2014.04.29 05:12:28.012,0.19513,0.19552,0.02,0.03
2014.04.29 05:12:31.540,0.19512,0.19552,0.02,0.05
2014.04.29 05:12:33.171,0.19513,0.19552,0.02,0.03
2014.04.29 05:12:37.295,0.19512,0.19552,0.02,0.05
2014.04.29 05:12:37.869,0.19513,0.19552,0.02,0.03
2014.04.29 05:12:49.816,0.19512,0.19552,0.02,0.05
2014.04.29 05:13:01.952,0.19513,0.19552,0.02,0.03
2014.04.29 05:13:04.591,0.19512,0.19552,0.02,0.05
2014.04.29 05:13:10.420,0.19513,0.19552,0.02,0.03
2014.04.29 05:13:11.206,0.19512,0.19552,0.02,0.05
2014.04.29 05:13:51.070,0.19513,0.19552,0.02,0.03
2014.04.29 05:14:10.643,0.19513,0.19553,0.02,0.02
2014.04.29 05:14:21.332,0.19513,0.19553,0.02,0.04
2014.04.29 05:14:21.462,0.19515,0.19553,0.02,0.02
2014.04.29 05:14:26.152,0.19513,0.19553,0.02,0.05
2014.04.29 05:14:26.811,0.19512,0.19552,0.02,0.05
2014.04.29 05:14:28.651,0.19513,0.19552,0.02,0.03
2014.04.29 05:14:29.970,0.19512,0.19552,0.02,0.05
2014.04.29 05:14:38.752,0.19513,0.19552,0.02,0.03
2014.04.29 05:15:19.119,0.19512,0.19552,0.02,0.05
2014.04.29 05:15:22.488,0.19513,0.19552,0.02,0.03
2014.04.29 05:15:26.587,0.19513,0.19553,0.02,0.02
2014.04.29 05:16:01.898,0.19512,0.19552,0.02,0.02
2014.04.29 05:16:16.574,0.19513,0.19553,0.02,0.02
2014.04.29 05:16:20.594,0.19512,0.19552,0.02,0.02
2014.04.29 05:16:27.272,0.19513,0.19553,0.02,0.02
2014.04.29 05:16:29.771,0.19512,0.19552,0.02,0.02
2014.04.29 05:16:40.583,0.19513,0.19552,0.02,0.04
2014.04.29 05:16:48.505,0.19512,0.19552,0.02,0.06
2014.04.29 05:16:50.546,0.19513,0.19552,0.02,0.04
2014.04.29 05:16:56.674,0.19512,0.19552,0.02,0.06
2014.04.29 05:17:04.793,0.19513,0.19552,0.02,0.04
2014.04.29 05:17:07.392,0.19512,0.19552,0.02,0.06
2014.04.29 05:17:20.550,0.19513,0.19552,0.02,0.04
2014.04.29 05:17:21.088,0.19512,0.19552,0.02,0.06
2014.04.29 05:17:23.608,0.19513,0.19552,0.02,0.04
2014.04.29 05:17:29.546,0.19512,0.19552,0.02,0.06
2014.04.29 05:17:30.196,0.19513,0.19552,0.02,0.04
2014.04.29 05:17:36.864,0.19512,0.19552,0.02,0.06
2014.04.29 05:17:57.166,0.19513,0.19553,0.02,0.02
2014.04.29 05:18:12.348,0.19513,0.19553,0.02,0.05
2014.04.29 05:18:15.145,0.19514,0.19553,0.02,0.03
2014.04.29 05:18:15.255,0.19512,0.19552,0.02,0.05
2014.04.29 05:18:25.312,0.19513,0.19552,0.02,0.02
2014.04.29 05:18:25.962,0.19512,0.19552,0.02,0.05
2014.04.29 05:18:29.322,0.19513,0.19553,0.02,0.02
2014.04.29 05:18:29.454,0.19517,0.19557,0.02,0.06
2014.04.29 05:18:31.548,0.19518,0.19557,0.02,0.04
2014.04.29 05:18:54.006,0.19517,0.19557,0.02,0.05
2014.04.29 05:19:01.547,0.19518,0.19557,0.02,0.03
2014.04.29 05:19:02.157,0.19517,0.19557,0.02,0.05
2014.04.29 05:19:04.553,0.19518,0.19557,0.02,0.03
2014.04.29 05:19:05.543,0.19517,0.19557,0.02,0.05
2014.04.29 05:19:06.120,0.19518,0.19557,0.02,0.03
2014.04.29 05:19:09.992,0.19517,0.19557,0.02,0.05
2014.04.29 05:19:11.841,0.19518,0.19557,0.02,0.03
2014.04.29 05:19:13.890,0.19517,0.19557,0.02,0.05
2014.04.29 05:19:30.207,0.19518,0.19557,0.02,0.03
2014.04.29 05:19:31.716,0.19517,0.19557,0.02,0.05
2014.04.29 05:19:42.033,0.19518,0.19557,0.02,0.03
2014.04.29 05:19:45.793,0.19517,0.19557,0.02,0.05
2014.04.29 05:19:48.272,0.19518,0.19557,0.02,0.03
2014.04.29 05:20:01.679,0.19517,0.19557,0.02,0.05
2014.04.29 05:20:05.269,0.19518,0.19557,0.02,0.03
2014.04.29 05:20:05.819,0.19517,0.19557,0.02,0.05
2014.04.29 05:20:11.987,0.19518,0.19558,0.02,0.02
2014.04.29 05:20:23.534,0.19517,0.19557,0.02,0.02
2014.04.29 05:20:25.463,0.19518,0.19558,0.02,0.02
2014.04.29 05:20:35.771,0.19517,0.19557,0.02,0.02
2014.04.29 05:20:42.359,0.19518,0.19557,0.02,0.02
2014.04.29 05:21:09.634,0.19517,0.19557,0.02,0.05
2014.04.29 05:21:10.625,0.19518,0.19557,0.02,0.03
2014.04.29 05:21:11.692,0.19517,0.19557,0.02,0.05
2014.04.29 05:21:53.012,0.19518,0.19557,0.02,0.03
2014.04.29 05:21:53.818,0.19518,0.19558,0.02,0.02
2014.04.29 05:22:10.701,0.19518,0.19558,0.02,0.04
2014.04.29 05:22:13.964,0.19518,0.19558,0.02,0.02
2014.04.29 05:22:14.312,0.1952,0.19559,0.02,0.02
2014.04.29 05:22:18.355,0.1952,0.19559,0.02,0.03
2014.04.29 05:22:18.406,0.19517,0.19557,0.02,0.05
2014.04.29 05:22:18.935,0.19518,0.19557,0.02,0.03
2014.04.29 05:22:22.195,0.19518,0.19558,0.02,0.02
2014.04.29 05:22:22.295,0.1952,0.19559,0.02,0.02
2014.04.29 05:22:23.497,0.19518,0.19558,0.02,0.02
2014.04.29 05:22:24.041,0.19517,0.19557,0.02,0.02
2014.04.29 05:22:24.092,0.1952,0.19559,0.02,0.02
2014.04.29 05:22:24.641,0.19517,0.19557,0.02,0.05
2014.04.29 05:22:25.154,0.1952,0.19559,0.02,0.02
2014.04.29 05:22:25.631,0.19517,0.19557,0.02,0.05
2014.04.29 05:22:26.170,0.1952,0.19559,0.02,0.02
2014.04.29 05:22:26.664,0.19517,0.19557,0.02,0.05
2014.04.29 05:22:27.165,0.19518,0.19557,0.02,0.03
2014.04.29 05:22:28.735,0.19517,0.19557,0.02,0.05
2014.04.29 05:22:29.757,0.1952,0.19557,0.02,0.02
2014.04.29 05:22:29.943,0.19517,0.19557,0.02,0.03
2014.04.29 05:22:30.467,0.19518,0.19558,0.02,0.03
2014.04.29 05:22:33.074,0.19518,0.19558,0.02,0.02
2014.04.29 05:22:33.690,0.19517,0.19557,0.02,0.03
2014.04.29 05:22:33.740,0.1952,0.19559,0.02,0.02
2014.04.29 05:22:34.321,0.19517,0.19557,0.02,0.03
2014.04.29 05:22:34.761,0.1952,0.19559,0.02,0.02
2014.04.29 05:22:35.311,0.19517,0.19557,0.02,0.05
2014.04.29 05:22:35.826,0.1952,0.19559,0.02,0.02
2014.04.29 05:22:36.241,0.19517,0.19557,0.02,0.05
2014.04.29 05:22:36.832,0.19518,0.19557,0.02,0.03
2014.04.29 05:22:45.898,0.19517,0.19557,0.02,0.06
2014.04.29 05:22:46.768,0.19518,0.19557,0.02,0.04
2014.04.29 05:22:48.342,0.19517,0.19557,0.02,0.06
2014.04.29 05:22:48.951,0.19518,0.19557,0.02,0.04
2014.04.29 05:22:51.061,0.19517,0.19557,0.02,0.05
2014.04.29 05:22:57.646,0.19518,0.19557,0.02,0.03
2014.04.29 05:23:03.724,0.19517,0.19557,0.02,0.05
2014.04.29 05:23:20.174,0.19518,0.19557,0.02,0.03
2014.04.29 05:23:39.915,0.19517,0.19557,0.02,0.05
2014.04.29 05:23:52.022,0.19518,0.19557,0.02,0.03
2014.04.29 05:23:53.772,0.19517,0.19557,0.02,0.05
2014.04.29 05:23:54.311,0.19518,0.19557,0.02,0.03
2014.04.29 05:24:00.921,0.19517,0.19557,0.02,0.05
2014.04.29 05:24:01.615,0.19518,0.19557,0.02,0.03
2014.04.29 05:24:02.670,0.19517,0.19557,0.02,0.05
2014.04.29 05:24:13.877,0.19518,0.19557,0.02,0.03
2014.04.29 05:24:30.163,0.19517,0.19557,0.02,0.05
2014.04.29 05:24:39.962,0.19518,0.19557,0.02,0.03
2014.04.29 05:24:42.820,0.19517,0.19557,0.02,0.05
2014.04.29 05:24:43.459,0.19518,0.19557,0.02,0.03
2014.04.29 05:24:44.200,0.19517,0.19557,0.02,0.05
2014.04.29 05:24:46.379,0.19518,0.19557,0.02,0.03
2014.04.29 05:24:47.988,0.19517,0.19557,0.02,0.05
2014.04.29 05:24:49.200,0.19518,0.19557,0.02,0.03
2014.04.29 05:24:51.347,0.19517,0.19557,0.02,0.05
2014.04.29 05:24:52.119,0.19518,0.19557,0.02,0.03
2014.04.29 05:24:58.605,0.19517,0.19557,0.02,0.05
2014.04.29 05:25:17.003,0.19518,0.19557,0.02,0.03
2014.04.29 05:25:33.866,0.19522,0.19557,0.02,0.02
2014.04.29 05:25:33.916,0.19522,0.19562,0.02,0.06
2014.04.29 05:25:34.550,0.19523,0.19562,0.02,0.04
2014.04.29 05:26:02.341,0.19524,0.19562,0.02,0.02
2014.04.29 05:26:03.095,0.19525,0.19562,0.02,0.02
2014.04.29 05:26:06.580,0.19522,0.19562,0.02,0.05
2014.04.29 05:26:09.089,0.19523,0.19562,0.02,0.03
2014.04.29 05:26:13.528,0.19522,0.19562,0.02,0.05
2014.04.29 05:26:15.768,0.19523,0.19562,0.02,0.03
2014.04.29 05:26:16.023,0.19525,0.19562,0.02,0.02
2014.04.29 05:26:19.357,0.19522,0.19562,0.02,0.04
2014.04.29 05:26:19.907,0.19523,0.19562,0.02,0.03
2014.04.29 05:26:28.605,0.19522,0.19562,0.02,0.05
2014.04.29 05:26:32.954,0.19523,0.19562,0.02,0.03
2014.04.29 05:26:33.330,0.19525,0.19562,0.02,0.02
2014.04.29 05:26:33.583,0.19525,0.19564,0.02,0.02
2014.04.29 05:26:34.999,0.19525,0.19563,0.02,0.04
2014.04.29 05:26:35.114,0.19523,0.19563,0.02,0.06
2014.04.29 05:26:35.779,0.19522,0.19562,0.02,0.04
2014.04.29 05:26:36.323,0.19523,0.19562,0.02,0.02
2014.04.29 05:26:37.188,0.19523,0.19563,0.02,0.02
2014.04.29 05:26:37.338,0.19525,0.19564,0.02,0.02
2014.04.29 05:26:44.146,0.19525,0.19563,0.02,0.04
2014.04.29 05:26:44.271,0.19522,0.19562,0.02,0.03
2014.04.29 05:26:45.910,0.19523,0.19563,0.02,0.02
2014.04.29 05:26:46.064,0.19525,0.19564,0.02,0.02
2014.04.29 05:26:47.583,0.19525,0.19563,0.02,0.04
2014.04.29 05:26:47.683,0.19522,0.19562,0.02,0.03
2014.04.29 05:26:59.327,0.19523,0.19562,0.02,0.02
2014.04.29 05:27:03.166,0.19522,0.19562,0.02,0.03
2014.04.29 05:27:03.838,0.19523,0.19562,0.02,0.02
2014.04.29 05:27:04.693,0.19523,0.19563,0.02,0.02
2014.04.29 05:27:04.808,0.19525,0.19564,0.02,0.02
2014.04.29 05:27:07.036,0.19525,0.19564,0.02,0.02
2014.04.29 05:27:07.096,0.19522,0.19562,0.02,0.02
2014.04.29 05:27:07.625,0.19523,0.19562,0.02,0.02
2014.04.29 05:27:13.594,0.19522,0.19562,0.02,0.03
2014.04.29 05:27:18.572,0.19523,0.19562,0.02,0.02
2014.04.29 05:27:18.682,0.19525,0.19564,0.02,0.02
2014.04.29 05:27:19.003,0.19525,0.19564,0.02,0.04
2014.04.29 05:27:19.053,0.19523,0.19563,0.02,0.04
2014.04.29 05:27:19.684,0.19522,0.19562,0.02,0.03
2014.04.29 05:27:23.897,0.19523,0.19562,0.02,0.02
2014.04.29 05:27:25.290,0.19522,0.19562,0.02,0.04
2014.04.29 05:27:25.951,0.19523,0.19562,0.02,0.02
2014.04.29 05:27:26.570,0.19524,0.19564,0.02,0.04
2014.04.29 05:27:34.837,0.19523,0.19563,0.02,0.06
2014.04.29 05:27:35.525,0.19522,0.19562,0.02,0.03
2014.04.29 05:27:36.236,0.19523,0.19562,0.02,0.02
2014.04.29 05:27:42.514,0.19523,0.19563,0.02,0.02
2014.04.29 05:27:42.587,0.19525,0.19564,0.02,0.02
2014.04.29 05:27:44.435,0.19525,0.19565,0.02,0.02
2014.04.29 05:27:44.770,0.19528,0.19567,0.02,0.02
2014.04.29 05:27:45.335,0.19527,0.19567,0.02,0.04
2014.04.29 05:27:48.505,0.19528,0.19567,0.02,0.02
2014.04.29 05:27:50.894,0.19527,0.19567,0.02,0.04
2014.04.29 05:27:51.764,0.19528,0.19567,0.02,0.02
2014.04.29 05:27:52.365,0.19527,0.19567,0.02,0.04
2014.04.29 05:27:54.504,0.19528,0.19567,0.02,0.02
2014.04.29 05:27:55.236,0.19528,0.19568,0.02,0.04
2014.04.29 05:27:56.006,0.19527,0.19567,0.02,0.02
2014.04.29 05:28:00.066,0.19528,0.19567,0.02,0.02
2014.04.29 05:28:10.849,0.19527,0.19567,0.02,0.04
2014.04.29 05:28:11.489,0.19528,0.19567,0.02,0.02
2014.04.29 05:28:12.178,0.19527,0.19567,0.02,0.04
2014.04.29 05:28:17.510,0.19528,0.19567,0.02,0.02
2014.04.29 05:28:18.119,0.19527,0.19567,0.02,0.04
2014.04.29 05:28:19.871,0.19528,0.19567,0.02,0.02
2014.04.29 05:28:20.837,0.19527,0.19567,0.02,0.04
2014.04.29 05:28:24.111,0.19528,0.19567,0.02,0.02
2014.04.29 05:28:25.101,0.19527,0.19567,0.02,0.03
2014.04.29 05:28:25.712,0.19528,0.19567,0.02,0.01
2014.04.29 05:28:37.318,0.19527,0.19567,0.02,0.03
2014.04.29 05:28:40.115,0.19528,0.19567,0.02,0.01
2014.04.29 05:28:40.764,0.19527,0.19567,0.02,0.03
2014.04.29 05:28:41.987,0.19528,0.19567,0.02,0.01
2014.04.29 05:28:43.500,0.19527,0.19567,0.02,0.03
2014.04.29 05:28:44.197,0.19528,0.19567,0.02,0.02
2014.04.29 05:28:51.180,0.19527,0.19567,0.02,0.04
2014.04.29 05:29:02.128,0.19528,0.19567,0.02,0.02
2014.04.29 05:29:03.337,0.19527,0.19567,0.02,0.04
2014.04.29 05:29:07.235,0.19528,0.19567,0.02,0.02
2014.04.29 05:29:08.021,0.19527,0.19567,0.02,0.03
2014.04.29 05:29:10.514,0.19528,0.19567,0.02,0.02
2014.04.29 05:29:14.763,0.19527,0.19567,0.02,0.04
2014.04.29 05:29:15.563,0.19528,0.19567,0.02,0.02
2014.04.29 05:29:16.224,0.19527,0.19567,0.02,0.04
2014.04.29 05:29:16.801,0.19528,0.19567,0.02,0.02
2014.04.29 05:29:17.544,0.19527,0.19567,0.02,0.04
2014.04.29 05:29:22.410,0.19528,0.19567,0.02,0.02
2014.04.29 05:29:25.201,0.19527,0.19567,0.02,0.04
2014.04.29 05:29:26.508,0.19528,0.19567,0.02,0.02
2014.04.29 05:29:27.550,0.19527,0.19567,0.02,0.04
2014.04.29 05:29:28.970,0.19526,0.19566,0.02,0.02
2014.04.29 05:29:29.757,0.19527,0.19567,0.02,0.04
2014.04.29 05:29:30.400,0.19528,0.19567,0.02,0.02
2014.04.29 05:29:31.669,0.19525,0.19565,0.02,0.02
2014.04.29 05:29:32.399,0.19526,0.19566,0.02,0.04
2014.04.29 05:29:32.878,0.19528,0.19567,0.02,0.03
2014.04.29 05:29:33.819,0.19527,0.19567,0.02,0.05
2014.04.29 05:29:36.448,0.19528,0.19567,0.02,0.03
2014.04.29 05:29:38.390,0.19527,0.19567,0.02,0.05
2014.04.29 05:29:41.692,0.19528,0.19567,0.02,0.03
2014.04.29 05:29:42.416,0.19527,0.19567,0.02,0.05
2014.04.29 05:29:43.726,0.19528,0.19567,0.02,0.03
2014.04.29 05:29:46.286,0.19527,0.19567,0.02,0.05
2014.04.29 05:29:47.326,0.19526,0.19566,0.02,0.02
2014.04.29 05:29:47.755,0.19528,0.19567,0.02,0.03
2014.04.29 05:29:50.665,0.19527,0.19567,0.02,0.05
2014.04.29 05:29:51.213,0.19522,0.19562,0.02,0.05
2014.04.29 05:29:51.873,0.19523,0.19562,0.02,0.03
2014.04.29 05:29:58.552,0.19522,0.19562,0.02,0.05
2014.04.29 05:29:59.845,0.19523,0.19562,0.02,0.03
2014.04.29 05:30:00.456,0.19522,0.19562,0.02,0.04
2014.04.29 05:30:01.301,0.19522,0.19564,0.03,0.02
2014.04.29 05:30:01.459,0.19526,0.19567,0.02,0.04
2014.04.29 05:30:02.322,0.19525,0.19567,0.02,0.05
2014.04.29 05:30:03.402,0.19527,0.19567,0.02,0.03
2014.04.29 05:30:04.083,0.19526,0.19567,0.02,0.03
2014.04.29 05:30:05.296,0.19525,0.19567,0.02,0.05
2014.04.29 05:30:05.751,0.19524,0.19565,0.02,0.02
2014.04.29 05:30:08.945,0.19521,0.19562,0.02,0.01
2014.04.29 05:30:09.920,0.19522,0.19562,0.02,0.02
2014.04.29 05:30:10.670,0.19521,0.19562,0.02,0.02
2014.04.29 05:30:12.829,0.19522,0.19562,0.02,0.02
2014.04.29 05:30:13.479,0.19521,0.19562,0.02,0.02
2014.04.29 05:30:14.368,0.19522,0.19562,0.02,0.02
2014.04.29 05:30:16.729,0.19521,0.19562,0.02,0.02
2014.04.29 05:30:17.600,0.19522,0.19562,0.02,0.02
2014.04.29 05:30:19.363,0.19522,0.19562,0.02,0.04
2014.04.29 05:30:19.548,0.19519,0.1956,0.02,0.02
2014.04.29 05:30:19.658,0.19516,0.19558,0.02,0.02
2014.04.29 05:30:19.768,0.19519,0.1956,0.02,0.02
2014.04.29 05:30:23.216,0.19519,0.19558,0.02,0.04
2014.04.29 05:30:23.267,0.19517,0.19557,0.02,0.02
2014.04.29 05:30:30.648,0.19517,0.19558,0.02,0.02
2014.04.29 05:30:31.157,0.19517,0.19557,0.02,0.02
2014.04.29 05:30:43.292,0.19516,0.19557,0.02,0.02
2014.04.29 05:30:44.371,0.19517,0.19557,0.02,0.02
2014.04.29 05:30:46.172,0.19517,0.19558,0.02,0.02
2014.04.29 05:30:46.222,0.19519,0.19558,0.02,0.02
2014.04.29 05:30:47.284,0.19519,0.19558,0.02,0.04
2014.04.29 05:30:47.435,0.19516,0.19557,0.02,0.02
2014.04.29 05:30:48.387,0.19517,0.19557,0.02,0.02
2014.04.29 05:30:49.250,0.19516,0.19557,0.02,0.02
2014.04.29 05:30:51.100,0.19517,0.19557,0.02,0.02
2014.04.29 05:30:53.845,0.19517,0.19558,0.02,0.02
2014.04.29 05:30:53.899,0.19519,0.19558,0.02,0.02
2014.04.29 05:31:01.118,0.19516,0.19558,0.02,0.04
2014.04.29 05:31:01.627,0.19517,0.19557,0.02,0.02
2014.04.29 05:31:02.201,0.19516,0.19557,0.02,0.02
2014.04.29 05:31:04.367,0.19517,0.19557,0.02,0.02
2014.04.29 05:31:04.467,0.19517,0.19559,0.02,0.02
2014.04.29 05:31:04.517,0.19519,0.1956,0.02,0.02
2014.04.29 05:31:06.543,0.19519,0.19558,0.02,0.04
2014.04.29 05:31:06.594,0.19516,0.19557,0.02,0.02
2014.04.29 05:31:07.026,0.19517,0.19559,0.02,0.02
2014.04.29 05:31:07.235,0.19519,0.1956,0.02,0.02
2014.04.29 05:31:19.328,0.19519,0.19561,0.02,0.02
2014.04.29 05:31:19.643,0.19521,0.19562,0.02,0.04
2014.04.29 05:31:30.400,0.19522,0.19562,0.02,0.03
2014.04.29 05:31:31.977,0.19521,0.19562,0.02,0.03
2014.04.29 05:31:35.049,0.19522,0.19562,0.02,0.03
2014.04.29 05:31:35.607,0.19521,0.19562,0.02,0.03
2014.04.29 05:31:36.217,0.19522,0.19562,0.02,0.03
2014.04.29 05:31:47.164,0.19521,0.19562,0.02,0.03
2014.04.29 05:31:48.537,0.19522,0.19562,0.02,0.04
2014.04.29 05:31:49.076,0.19521,0.19562,0.02,0.04
2014.04.29 05:31:49.755,0.19522,0.19562,0.02,0.04
2014.04.29 05:32:03.882,0.19521,0.19562,0.02,0.04
2014.04.29 05:32:06.262,0.19522,0.19562,0.02,0.04
2014.04.29 05:32:06.782,0.19521,0.19563,0.02,0.04
2014.04.29 05:32:07.607,0.19522,0.19563,0.02,0.02
2014.04.29 05:32:10.119,0.19522,0.19563,0.02,0.02
2014.04.29 05:32:10.422,0.19524,0.19565,0.02,0.02
2014.04.29 05:32:11.720,0.19522,0.19564,0.02,0.02
2014.04.29 05:32:11.770,0.19522,0.19562,0.02,0.02
2014.04.29 05:32:12.344,0.19522,0.19564,0.02,0.02
2014.04.29 05:32:12.524,0.19524,0.19565,0.02,0.02
2014.04.29 05:32:21.695,0.19524,0.19563,0.02,0.04
2014.04.29 05:32:21.757,0.19522,0.19562,0.02,0.02
2014.04.29 05:32:22.298,0.19521,0.19562,0.02,0.02
2014.04.29 05:32:24.826,0.19522,0.19562,0.02,0.02
2014.04.29 05:32:26.253,0.19521,0.19562,0.02,0.02
2014.04.29 05:32:26.966,0.19522,0.19562,0.02,0.02
2014.04.29 05:32:27.556,0.19521,0.19562,0.02,0.03
2014.04.29 05:32:29.565,0.19522,0.19562,0.02,0.03
2014.04.29 05:32:30.655,0.19521,0.19562,0.02,0.03
2014.04.29 05:32:31.625,0.19524,0.19562,0.02,0.03
2014.04.29 05:32:31.675,0.19524,0.19564,0.02,0.02
2014.04.29 05:32:31.776,0.19523,0.19564,0.02,0.04
2014.04.29 05:32:31.876,0.19521,0.19562,0.02,0.02
2014.04.29 05:32:33.564,0.19522,0.19562,0.02,0.03
2014.04.29 05:32:36.048,0.19524,0.19562,0.02,0.02
2014.04.29 05:32:36.434,0.19522,0.19562,0.02,0.03
2014.04.29 05:32:37.083,0.19521,0.19562,0.02,0.03
2014.04.29 05:32:46.286,0.19522,0.19562,0.02,0.03
2014.04.29 05:32:46.896,0.19521,0.19562,0.02,0.03
2014.04.29 05:32:56.638,0.19522,0.19562,0.02,0.03
2014.04.29 05:33:04.447,0.19521,0.19562,0.02,0.03
2014.04.29 05:33:05.806,0.19522,0.19562,0.02,0.03
2014.04.29 05:33:14.024,0.19523,0.19562,0.02,0.02
2014.04.29 05:33:14.629,0.19524,0.19562,0.02,0.02
2014.04.29 05:33:15.764,0.19522,0.19562,0.02,0.02
2014.04.29 05:33:16.404,0.19521,0.19562,0.02,0.03
2014.04.29 05:33:16.923,0.19522,0.19562,0.02,0.03
2014.04.29 05:33:17.383,0.19524,0.19562,0.02,0.02
2014.04.29 05:33:17.736,0.19524,0.19566,0.02,0.02
2014.04.29 05:33:18.393,0.19524,0.19565,0.02,0.02
2014.04.29 05:33:18.799,0.19527,0.19567,0.02,0.04
2014.04.29 05:33:19.645,0.19526,0.19567,0.02,0.04
2014.04.29 05:33:26.781,0.19527,0.19567,0.02,0.04
2014.04.29 05:33:31.240,0.19526,0.19567,0.02,0.04
2014.04.29 05:33:34.579,0.19525,0.19567,0.02,0.06
2014.04.29 05:33:42.621,0.19526,0.19567,0.02,0.04
2014.04.29 05:33:46.806,0.19527,0.19567,0.02,0.04
2014.04.29 05:33:47.325,0.19526,0.19567,0.02,0.04
2014.04.29 05:33:55.124,0.19525,0.19567,0.02,0.06
2014.04.29 05:33:55.763,0.19526,0.19567,0.02,0.04
2014.04.29 05:34:01.698,0.19525,0.19567,0.02,0.06
2014.04.29 05:34:02.523,0.19526,0.19567,0.02,0.04
2014.04.29 05:34:21.934,0.19526,0.19567,0.02,0.04
2014.04.29 05:34:22.087,0.19524,0.19565,0.02,0.02
2014.04.29 05:34:22.369,0.19524,0.19565,0.02,0.04
2014.04.29 05:34:22.419,0.19522,0.19562,0.02,0.02
2014.04.29 05:34:34.195,0.19523,0.19564,0.02,0.02
2014.04.29 05:34:35.296,0.19522,0.19562,0.02,0.04
2014.04.29 05:34:46.250,0.19523,0.19564,0.02,0.02
2014.04.29 05:34:47.079,0.19524,0.19564,0.02,0.02
2014.04.29 05:34:57.496,0.19524,0.19564,0.02,0.04
2014.04.29 05:34:57.628,0.19522,0.19562,0.02,0.04
2014.04.29 05:35:18.163,0.19521,0.19562,0.02,0.04
2014.04.29 05:35:23.833,0.19522,0.19562,0.02,0.04
2014.04.29 05:35:27.979,0.19521,0.19562,0.02,0.04
2014.04.29 05:35:30.602,0.19522,0.19562,0.02,0.04
2014.04.29 05:35:32.026,0.19521,0.19562,0.02,0.03
2014.04.29 05:35:33.015,0.19522,0.19562,0.02,0.03
2014.04.29 05:35:34.060,0.19521,0.19562,0.02,0.03
2014.04.29 05:35:36.780,0.19522,0.19562,0.02,0.03
2014.04.29 05:35:37.430,0.19521,0.19562,0.02,0.03
2014.04.29 05:35:38.013,0.19522,0.19564,0.04,0.02
2014.04.29 05:35:38.080,0.19524,0.19566,0.02,0.02
2014.04.29 05:35:38.521,0.19527,0.19567,0.02,0.04
2014.04.29 05:35:42.419,0.19526,0.19567,0.02,0.04
2014.04.29 05:35:43.117,0.19527,0.19567,0.02,0.04
2014.04.29 05:35:45.348,0.19526,0.19567,0.02,0.04
2014.04.29 05:35:45.992,0.19527,0.19567,0.02,0.04
2014.04.29 05:35:46.503,0.19526,0.19567,0.02,0.04
2014.04.29 05:35:47.162,0.19527,0.19567,0.02,0.04
2014.04.29 05:35:48.127,0.19526,0.19567,0.02,0.04
2014.04.29 05:35:51.174,0.19527,0.19567,0.02,0.04
2014.04.29 05:35:55.465,0.19526,0.19567,0.02,0.04
2014.04.29 05:36:00.601,0.19527,0.19567,0.02,0.04
2014.04.29 05:36:01.864,0.19526,0.19567,0.02,0.04
2014.04.29 05:36:12.531,0.19527,0.19567,0.02,0.04
2014.04.29 05:36:15.130,0.19527,0.19569,0.04,0.02
2014.04.29 05:36:15.180,0.1953,0.19572,0.02,0.06
2014.04.29 05:36:15.500,0.19532,0.19572,0.02,0.04
2014.04.29 05:36:16.810,0.19536,0.19572,0.02,0.03
2014.04.29 05:36:16.961,0.19531,0.19573,0.02,0.04
2014.04.29 05:36:17.538,0.19532,0.19572,0.02,0.02
2014.04.29 05:36:17.770,0.19532,0.19574,0.03,0.02
2014.04.29 05:36:17.921,0.19536,0.19577,0.02,0.02
2014.04.29 05:36:19.096,0.19537,0.19577,0.02,0.02
2014.04.29 05:36:19.819,0.19536,0.19577,0.02,0.02
2014.04.29 05:36:20.369,0.19537,0.19578,0.02,0.02
2014.04.29 05:36:20.909,0.19537,0.19577,0.02,0.02
2014.04.29 05:36:23.337,0.19536,0.19577,0.02,0.02
2014.04.29 05:36:24.139,0.19537,0.19577,0.02,0.02
2014.04.29 05:36:24.302,0.19531,0.19573,0.02,0.03
2014.04.29 05:36:24.870,0.19532,0.19574,0.02,0.04
2014.04.29 05:36:28.587,0.19531,0.19573,0.02,0.03
2014.04.29 05:36:30.791,0.19531,0.19572,0.02,0.02
2014.04.29 05:36:33.349,0.1953,0.19572,0.02,0.04
2014.04.29 05:36:34.801,0.19531,0.19572,0.02,0.02
2014.04.29 05:36:35.335,0.19531,0.19571,0.02,0.02
2014.04.29 05:36:35.436,0.19529,0.19571,0.02,0.04
2014.04.29 05:36:35.941,0.1953,0.19571,0.02,0.02
2014.04.29 05:36:37.154,0.1953,0.19572,0.02,0.04
2014.04.29 05:36:37.673,0.19531,0.19572,0.02,0.02
2014.04.29 05:36:50.936,0.19532,0.19572,0.02,0.02
2014.04.29 05:36:53.282,0.19535,0.19572,0.02,0.02
2014.04.29 05:36:53.333,0.19535,0.19577,0.02,0.04
2014.04.29 05:36:53.433,0.19537,0.19577,0.02,0.02
2014.04.29 05:36:53.721,0.19535,0.19577,0.02,0.04
2014.04.29 05:36:55.559,0.19535,0.19575,0.02,0.02
2014.04.29 05:36:55.701,0.19535,0.19577,0.02,0.04
2014.04.29 05:36:57.113,0.19534,0.19576,0.02,0.02
2014.04.29 05:36:58.831,0.19535,0.19577,0.02,0.04
2014.04.29 05:36:58.883,0.19535,0.19575,0.02,0.02
2014.04.29 05:36:59.469,0.19534,0.19575,0.02,0.02
2014.04.29 05:37:00.605,0.19534,0.19576,0.02,0.02
2014.04.29 05:37:01.120,0.19536,0.19577,0.02,0.02
2014.04.29 05:37:01.663,0.19535,0.19577,0.02,0.04
2014.04.29 05:37:12.576,0.19534,0.19576,0.02,0.02
2014.04.29 05:37:13.329,0.19535,0.19577,0.02,0.04
2014.04.29 05:37:14.006,0.19536,0.19577,0.02,0.02
2014.04.29 05:37:27.279,0.19536,0.19577,0.02,0.02
2014.04.29 05:37:27.442,0.19534,0.19575,0.02,0.02
2014.04.29 05:37:28.393,0.19534,0.19576,0.02,0.02
2014.04.29 05:37:28.444,0.19536,0.19577,0.02,0.02
2014.04.29 05:37:30.230,0.19536,0.19577,0.02,0.02
2014.04.29 05:37:30.332,0.19535,0.19577,0.02,0.04
2014.04.29 05:37:35.321,0.19536,0.19577,0.02,0.02
2014.04.29 05:37:36.325,0.19535,0.19577,0.02,0.04
2014.04.29 05:37:40.279,0.19533,0.19573,0.01,0.02
2014.04.29 05:37:40.330,0.19531,0.19573,0.02,0.04
2014.04.29 05:37:40.879,0.19532,0.19572,0.02,0.02
2014.04.29 05:37:41.241,0.19532,0.19574,0.03,0.02
2014.04.29 05:37:41.292,0.19535,0.19577,0.02,0.04
2014.04.29 05:37:41.793,0.19534,0.19576,0.02,0.02
2014.04.29 05:37:41.843,0.19536,0.19577,0.02,0.02
2014.04.29 05:37:42.407,0.19535,0.19577,0.02,0.04
2014.04.29 05:37:51.935,0.19535,0.19575,0.02,0.02
2014.04.29 05:37:53.197,0.19534,0.19575,0.02,0.02
2014.04.29 05:37:55.888,0.19536,0.19577,0.02,0.02
2014.04.29 05:37:56.602,0.19535,0.19577,0.02,0.04
2014.04.29 05:37:57.415,0.19536,0.19577,0.02,0.02
2014.04.29 05:38:01.064,0.19535,0.19577,0.02,0.04
2014.04.29 05:38:01.869,0.19536,0.19577,0.02,0.02
2014.04.29 05:38:02.545,0.19535,0.19577,0.02,0.04
2014.04.29 05:38:02.938,0.19535,0.19575,0.02,0.02
2014.04.29 05:38:03.536,0.19534,0.19575,0.02,0.02
2014.04.29 05:38:05.259,0.19534,0.19576,0.02,0.02
2014.04.29 05:38:05.564,0.19536,0.19577,0.02,0.02
2014.04.29 05:38:06.178,0.19537,0.19577,0.02,0.02
2014.04.29 05:38:06.571,0.19536,0.19577,0.02,0.02
2014.04.29 05:38:06.622,0.19534,0.19575,0.02,0.02
2014.04.29 05:38:08.208,0.19535,0.19575,0.02,0.02
2014.04.29 05:38:08.288,0.19535,0.19577,0.02,0.04
2014.04.29 05:38:08.797,0.19536,0.19577,0.02,0.02
2014.04.29 05:38:16.550,0.19537,0.19577,0.02,0.02
2014.04.29 05:38:21.742,0.19538,0.19579,0.02,0.02
2014.04.29 05:38:21.892,0.19541,0.19583,0.02,0.06
2014.04.29 05:38:25.320,0.1954,0.19582,0.02,0.02
2014.04.29 05:38:25.799,0.19539,0.1958,0.02,0.03
2014.04.29 05:38:25.858,0.19536,0.19578,0.02,0.03
2014.04.29 05:38:27.277,0.19537,0.19578,0.02,0.03
2014.04.29 05:38:27.965,0.19536,0.19578,0.02,0.05
2014.04.29 05:38:29.254,0.19537,0.19578,0.02,0.02
2014.04.29 05:38:29.797,0.19539,0.1958,0.02,0.02
2014.04.29 05:38:30.107,0.19541,0.1958,0.02,0.02
2014.04.29 05:38:30.158,0.19541,0.19582,0.02,0.02
2014.04.29 05:38:30.866,0.1954,0.19582,0.02,0.04
2014.04.29 05:38:31.369,0.19541,0.19582,0.02,0.02
2014.04.29 05:38:32.146,0.19542,0.19582,0.02,0.02
2014.04.29 05:38:32.488,0.1954,0.19582,0.02,0.04
2014.04.29 05:38:33.298,0.1954,0.1958,0.02,0.02
2014.04.29 05:38:33.855,0.19539,0.1958,0.02,0.02
2014.04.29 05:38:38.347,0.19536,0.19578,0.02,0.05
2014.04.29 05:38:38.885,0.19537,0.19578,0.02,0.03
2014.04.29 05:38:39.745,0.19536,0.19578,0.02,0.06
2014.04.29 05:38:40.308,0.19537,0.19578,0.02,0.04
2014.04.29 05:38:40.840,0.19536,0.19578,0.02,0.06
2014.04.29 05:38:42.764,0.19535,0.19577,0.02,0.02
2014.04.29 05:38:43.479,0.19534,0.19576,0.02,0.02
2014.04.29 05:38:44.293,0.19535,0.19577,0.02,0.04
2014.04.29 05:38:45.383,0.19534,0.19576,0.02,0.02
2014.04.29 05:38:47.269,0.19534,0.19575,0.02,0.04
2014.04.29 05:38:47.402,0.19532,0.19573,0.02,0.02
2014.04.29 05:38:47.873,0.19533,0.19575,0.02,0.02
2014.04.29 05:38:48.273,0.19535,0.19577,0.02,0.04
2014.04.29 05:38:48.761,0.19537,0.19577,0.02,0.02
2014.04.29 05:38:49.422,0.19536,0.19577,0.02,0.02
2014.04.29 05:38:50.872,0.19537,0.19577,0.02,0.02
2014.04.29 05:38:51.402,0.19536,0.19577,0.02,0.02
2014.04.29 05:38:51.969,0.19537,0.19577,0.02,0.02
2014.04.29 05:38:53.371,0.19536,0.19577,0.02,0.02
2014.04.29 05:38:58.430,0.19537,0.19577,0.02,0.02
2014.04.29 05:38:58.980,0.19536,0.19577,0.02,0.02
2014.04.29 05:38:59.620,0.19537,0.19577,0.02,0.02
2014.04.29 05:39:03.483,0.19537,0.19579,0.02,0.04
2014.04.29 05:39:04.988,0.19536,0.19578,0.02,0.03
2014.04.29 05:39:05.597,0.19537,0.19579,0.02,0.04
2014.04.29 05:39:07.158,0.19536,0.19578,0.02,0.03
2014.04.29 05:39:07.908,0.19536,0.19577,0.02,0.02
2014.04.29 05:39:10.449,0.19537,0.19577,0.02,0.02
2014.04.29 05:39:10.962,0.19536,0.19577,0.02,0.02
2014.04.29 05:39:12.410,0.19537,0.19577,0.02,0.02
2014.04.29 05:39:13.194,0.19536,0.19577,0.02,0.02
2014.04.29 05:39:13.855,0.19537,0.19577,0.02,0.02
2014.04.29 05:39:22.730,0.19537,0.19579,0.02,0.04
2014.04.29 05:39:25.233,0.19536,0.19578,0.02,0.03
2014.04.29 05:39:28.096,0.19537,0.19578,0.02,0.01
2014.04.29 05:39:33.928,0.19536,0.19578,0.02,0.03
2014.04.29 05:39:52.139,0.19537,0.19578,0.02,0.01
2014.04.29 05:39:52.806,0.19536,0.19577,0.02,0.02
2014.04.29 05:39:57.915,0.19537,0.19577,0.02,0.02
2014.04.29 05:40:09.972,0.19536,0.19577,0.02,0.02
2014.04.29 05:40:12.179,0.19537,0.19577,0.02,0.02
2014.04.29 05:40:21.529,0.19536,0.19577,0.02,0.02
2014.04.29 05:40:24.264,0.19536,0.19578,0.02,0.03
2014.04.29 05:40:24.874,0.19537,0.19579,0.02,0.04
2014.04.29 05:40:30.378,0.19536,0.19578,0.02,0.03
2014.04.29 05:40:31.144,0.19536,0.19577,0.02,0.02
2014.04.29 05:40:32.097,0.19537,0.19577,0.02,0.02
2014.04.29 05:40:49.809,0.19537,0.19579,0.02,0.04
2014.04.29 05:40:50.783,0.19536,0.19578,0.02,0.03
2014.04.29 05:40:51.330,0.19537,0.19579,0.02,0.04
2014.04.29 05:40:53.461,0.19536,0.19578,0.02,0.03
2014.04.29 05:40:54.771,0.19537,0.19579,0.02,0.04
2014.04.29 05:40:55.570,0.19536,0.19578,0.02,0.03
2014.04.29 05:40:57.040,0.19537,0.19579,0.02,0.04
2014.04.29 05:40:58.263,0.19536,0.19578,0.02,0.03
2014.04.29 05:41:10.811,0.19536,0.19577,0.02,0.02
2014.04.29 05:41:12.736,0.19537,0.19577,0.02,0.02
2014.04.29 05:41:17.466,0.19536,0.19577,0.02,0.02
2014.04.29 05:41:24.094,0.19537,0.19577,0.02,0.02
2014.04.29 05:41:24.625,0.19536,0.19577,0.02,0.02
2014.04.29 05:41:27.363,0.19537,0.19577,0.02,0.02
2014.04.29 05:41:30.292,0.19536,0.19577,0.02,0.02
2014.04.29 05:41:31.823,0.19537,0.19577,0.02,0.02
2014.04.29 05:41:32.462,0.19536,0.19577,0.02,0.02
2014.04.29 05:41:36.304,0.19536,0.19578,0.02,0.03
2014.04.29 05:41:36.841,0.19537,0.19579,0.02,0.04
2014.04.29 05:41:38.965,0.19537,0.19579,0.03,0.02
2014.04.29 05:41:39.015,0.19539,0.19581,0.02,0.04
2014.04.29 05:41:46.523,0.19539,0.19579,0.02,0.02
2014.04.29 05:41:58.433,0.19539,0.19578,0.02,0.04
2014.04.29 05:41:58.487,0.19537,0.19577,0.02,0.02
2014.04.29 05:41:59.345,0.19536,0.19577,0.02,0.02
2014.04.29 05:41:59.948,0.19537,0.19577,0.02,0.02
2014.04.29 05:42:00.607,0.19536,0.19577,0.02,0.02
2014.04.29 05:42:21.712,0.19537,0.19577,0.02,0.02
2014.04.29 05:42:23.450,0.19536,0.19577,0.02,0.02
2014.04.29 05:42:24.052,0.19537,0.19577,0.02,0.02
2014.04.29 05:42:24.714,0.19536,0.19577,0.02,0.02
2014.04.29 05:42:25.489,0.19537,0.19577,0.02,0.02
2014.04.29 05:42:28.113,0.19536,0.19577,0.02,0.02
2014.04.29 05:42:29.633,0.19537,0.19577,0.02,0.02
2014.04.29 05:42:31.927,0.19536,0.19577,0.02,0.02
2014.04.29 05:42:32.636,0.19537,0.19577,0.02,0.02
2014.04.29 05:42:34.994,0.19538,0.19577,0.02,0.02
2014.04.29 05:42:39.176,0.19537,0.19577,0.02,0.02
2014.04.29 05:42:39.835,0.19536,0.19577,0.02,0.02
2014.04.29 05:42:40.419,0.19537,0.19577,0.02,0.02
2014.04.29 05:42:41.218,0.19538,0.19577,0.02,0.02
2014.04.29 05:42:41.877,0.19537,0.19577,0.02,0.02
2014.04.29 05:42:44.714,0.19538,0.19577,0.02,0.02
2014.04.29 05:42:45.273,0.19537,0.19577,0.02,0.02
2014.04.29 05:42:45.837,0.19538,0.19577,0.02,0.02
2014.04.29 05:42:48.783,0.19537,0.19577,0.02,0.02
2014.04.29 05:42:53.481,0.19538,0.19577,0.02,0.02
2014.04.29 05:42:57.493,0.19537,0.19577,0.02,0.02
2014.04.29 05:42:58.053,0.19538,0.19577,0.02,0.02
2014.04.29 05:42:58.675,0.19537,0.19577,0.02,0.02
2014.04.29 05:43:00.492,0.19538,0.19577,0.02,0.02
2014.04.29 05:43:03.989,0.19538,0.1958,0.02,0.02
2014.04.29 05:43:04.090,0.1954,0.19582,0.02,0.04
2014.04.29 05:43:04.495,0.19539,0.1958,0.02,0.02
2014.04.29 05:43:13.295,0.19538,0.19578,0.02,0.03
2014.04.29 05:43:17.974,0.19539,0.19578,0.02,0.02
2014.04.29 05:43:18.940,0.19538,0.19578,0.02,0.02
2014.04.29 05:43:19.685,0.19539,0.19578,0.02,0.03
2014.04.29 05:43:29.623,0.19537,0.19578,0.02,0.04
2014.04.29 05:43:30.283,0.19538,0.19578,0.02,0.04
2014.04.29 05:43:40.390,0.19539,0.19578,0.02,0.03
2014.04.29 05:43:45.709,0.19538,0.19578,0.02,0.02
2014.04.29 05:43:46.668,0.19539,0.19578,0.02,0.02
2014.04.29 05:43:47.655,0.19538,0.19578,0.02,0.02
2014.04.29 05:44:05.039,0.19538,0.1958,0.02,0.04
2014.04.29 05:44:05.464,0.1954,0.1958,0.02,0.02
2014.04.29 05:44:06.053,0.19539,0.1958,0.02,0.02
2014.04.29 05:44:06.434,0.19537,0.19579,0.02,0.02
2014.04.29 05:44:06.961,0.19537,0.19578,0.02,0.04
2014.04.29 05:44:07.593,0.19538,0.19578,0.02,0.04
2014.04.29 05:44:13.492,0.19537,0.19578,0.02,0.04
2014.04.29 05:44:16.771,0.19538,0.19578,0.02,0.04
2014.04.29 05:44:18.089,0.19538,0.1958,0.02,0.04
2014.04.29 05:44:18.211,0.19539,0.1958,0.02,0.02
2014.04.29 05:44:18.934,0.19538,0.19578,0.02,0.03
2014.04.29 05:44:19.594,0.19539,0.19578,0.02,0.02
2014.04.29 05:44:20.290,0.19538,0.19578,0.02,0.02
2014.04.29 05:44:21.625,0.19539,0.19578,0.02,0.02
2014.04.29 05:44:22.286,0.19538,0.19578,0.02,0.02
2014.04.29 05:44:23.932,0.19539,0.1958,0.02,0.02
2014.04.29 05:44:24.471,0.19538,0.1958,0.02,0.04
2014.04.29 05:45:13.518,0.19539,0.1958,0.02,0.03
2014.04.29 05:45:19.827,0.19538,0.19578,0.02,0.03
2014.04.29 05:45:20.486,0.19539,0.19578,0.02,0.03
2014.04.29 05:45:21.506,0.19539,0.1958,0.02,0.02
2014.04.29 05:45:21.881,0.19539,0.1958,0.02,0.02
2014.04.29 05:45:22.646,0.19538,0.1958,0.02,0.04
2014.04.29 05:45:25.265,0.19539,0.1958,0.02,0.02
2014.04.29 05:45:28.038,0.19539,0.1958,0.02,0.02
2014.04.29 05:45:29.562,0.19539,0.1958,0.02,0.03
2014.04.29 05:45:30.237,0.19538,0.19578,0.02,0.03
2014.04.29 05:45:37.922,0.19537,0.19578,0.02,0.03
2014.04.29 05:45:38.691,0.19536,0.19578,0.02,0.05
2014.04.29 05:45:41.732,0.19536,0.19577,0.02,0.02
2014.04.29 05:45:52.852,0.19536,0.19578,0.02,0.05
2014.04.29 05:45:53.364,0.19538,0.19578,0.02,0.03
2014.04.29 05:46:00.477,0.19537,0.19578,0.02,0.03
2014.04.29 05:46:02.166,0.19538,0.19578,0.02,0.03
2014.04.29 05:46:02.991,0.19537,0.19578,0.02,0.03
2014.04.29 05:46:04.495,0.19538,0.19578,0.02,0.03
2014.04.29 05:46:05.252,0.19537,0.19578,0.02,0.03
2014.04.29 05:46:05.912,0.19538,0.19578,0.02,0.03
2014.04.29 05:46:09.534,0.19537,0.19578,0.02,0.03
2014.04.29 05:46:10.743,0.19538,0.19578,0.02,0.03
2014.04.29 05:46:12.994,0.19537,0.19578,0.02,0.03
2014.04.29 05:46:13.763,0.19538,0.19578,0.02,0.03
2014.04.29 05:46:32.948,0.19537,0.19578,0.02,0.03
2014.04.29 05:46:33.588,0.19538,0.19578,0.02,0.03
2014.04.29 05:46:35.757,0.19537,0.19578,0.02,0.03
2014.04.29 05:46:38.557,0.19538,0.19578,0.02,0.03
2014.04.29 05:46:40.496,0.19537,0.19578,0.02,0.03
2014.04.29 05:46:44.177,0.19538,0.19578,0.02,0.03
2014.04.29 05:46:56.577,0.19537,0.19578,0.02,0.03
2014.04.29 05:46:57.082,0.19538,0.19578,0.02,0.03
2014.04.29 05:47:17.047,0.19537,0.19578,0.02,0.03
2014.04.29 05:47:17.878,0.19538,0.19578,0.02,0.03
2014.04.29 05:47:20.746,0.19537,0.19578,0.02,0.03
2014.04.29 05:47:27.890,0.19538,0.19578,0.02,0.03
2014.04.29 05:47:28.445,0.19537,0.19578,0.02,0.03
2014.04.29 05:47:29.125,0.19538,0.19578,0.02,0.03
2014.04.29 05:47:32.393,0.19537,0.19578,0.02,0.03
2014.04.29 05:47:36.232,0.19538,0.19578,0.02,0.03
2014.04.29 05:47:37.432,0.19537,0.19578,0.02,0.03
2014.04.29 05:47:38.861,0.19538,0.19578,0.02,0.03
2014.04.29 05:47:46.800,0.19537,0.19578,0.02,0.03
2014.04.29 05:47:57.892,0.19538,0.19578,0.02,0.03
2014.04.29 05:47:58.926,0.19537,0.19578,0.02,0.03
2014.04.29 05:48:00.307,0.19538,0.19578,0.02,0.03
2014.04.29 05:48:02.755,0.19537,0.19578,0.02,0.03
2014.04.29 05:48:06.414,0.19538,0.19578,0.02,0.03
2014.04.29 05:48:07.083,0.19537,0.19578,0.02,0.03
2014.04.29 05:48:07.743,0.19538,0.19578,0.02,0.03
2014.04.29 05:48:11.874,0.19537,0.19578,0.02,0.03
2014.04.29 05:48:12.694,0.19538,0.19578,0.02,0.03
2014.04.29 05:48:15.442,0.19537,0.19578,0.02,0.03
2014.04.29 05:48:18.025,0.19538,0.19578,0.02,0.03
2014.04.29 05:48:24.700,0.19537,0.19578,0.02,0.03
2014.04.29 05:48:27.829,0.19536,0.19578,0.02,0.05
2014.04.29 05:48:28.334,0.19535,0.19577,0.02,0.04
2014.04.29 05:48:28.870,0.19535,0.19575,0.02,0.02
2014.04.29 05:48:29.284,0.19535,0.19575,0.02,0.03
2014.04.29 05:48:29.349,0.19533,0.19573,0.02,0.03
2014.04.29 05:48:29.895,0.19532,0.19573,0.02,0.03
2014.04.29 05:48:43.006,0.19533,0.19573,0.02,0.03
2014.04.29 05:48:43.278,0.19534,0.19575,0.02,0.02
2014.04.29 05:48:44.057,0.19535,0.19575,0.02,0.02
2014.04.29 05:48:45.678,0.19535,0.19577,0.02,0.02
2014.04.29 05:48:45.729,0.19538,0.19578,0.02,0.04
2014.04.29 05:48:46.255,0.19537,0.19578,0.02,0.04
2014.04.29 05:48:47.027,0.19538,0.19578,0.02,0.04
2014.04.29 05:48:47.686,0.19537,0.19578,0.02,0.04
2014.04.29 05:48:53.073,0.19538,0.19578,0.02,0.04
2014.04.29 05:48:54.593,0.19537,0.19578,0.02,0.04
2014.04.29 05:48:58.452,0.19538,0.19578,0.02,0.04
2014.04.29 05:49:02.461,0.19537,0.19578,0.02,0.04
2014.04.29 05:49:06.887,0.19538,0.19578,0.02,0.04
2014.04.29 05:49:07.430,0.19537,0.19578,0.02,0.04
2014.04.29 05:49:12.288,0.19538,0.19578,0.02,0.04
2014.04.29 05:49:15.578,0.19537,0.19578,0.02,0.04
2014.04.29 05:49:16.797,0.19538,0.19578,0.02,0.04
2014.04.29 05:49:29.234,0.19537,0.19578,0.02,0.04
2014.04.29 05:49:50.149,0.19538,0.19578,0.02,0.04
2014.04.29 05:49:53.306,0.19537,0.19578,0.02,0.04
2014.04.29 05:49:55.284,0.19537,0.19575,0.02,0.05
2014.04.29 05:49:55.387,0.19532,0.19573,0.02,0.02
2014.04.29 05:49:55.894,0.19533,0.19573,0.02,0.04
2014.04.29 05:49:57.314,0.19533,0.19574,0.02,0.02
2014.04.29 05:49:57.517,0.19535,0.19574,0.02,0.02
2014.04.29 05:49:59.139,0.19535,0.19574,0.02,0.02
2014.04.29 05:49:59.292,0.19533,0.19573,0.02,0.04
2014.04.29 05:50:00.237,0.19534,0.19573,0.02,0.02
2014.04.29 05:50:01.226,0.19533,0.19573,0.02,0.02
2014.04.29 05:50:05.766,0.19534,0.19573,0.02,0.02
2014.04.29 05:50:06.274,0.19533,0.19573,0.02,0.04
2014.04.29 05:50:10.615,0.19532,0.19572,0.02,0.02
2014.04.29 05:50:12.327,0.19532,0.19574,0.02,0.04
2014.04.29 05:50:12.496,0.19535,0.19574,0.02,0.02
2014.04.29 05:50:20.284,0.19535,0.19577,0.02,0.02
2014.04.29 05:50:20.334,0.19537,0.19578,0.02,0.04
2014.04.29 05:50:20.567,0.19535,0.19577,0.02,0.02
2014.04.29 05:50:21.129,0.19535,0.19576,0.02,0.02
2014.04.29 05:50:21.890,0.19536,0.19576,0.02,0.02
2014.04.29 05:50:22.412,0.19535,0.19576,0.02,0.02
2014.04.29 05:50:26.302,0.19536,0.19576,0.02,0.02
2014.04.29 05:50:26.884,0.19535,0.19576,0.02,0.02
2014.04.29 05:50:27.431,0.19536,0.19576,0.02,0.02
2014.04.29 05:50:28.150,0.19535,0.19576,0.02,0.02
2014.04.29 05:50:28.721,0.19536,0.19576,0.02,0.02
2014.04.29 05:50:31.741,0.19535,0.19576,0.02,0.02
2014.04.29 05:50:34.509,0.19536,0.19576,0.02,0.02
2014.04.29 05:50:38.828,0.19537,0.19576,0.02,0.02
2014.04.29 05:50:38.947,0.19537,0.19578,0.02,0.04
2014.04.29 05:50:39.587,0.19538,0.19578,0.02,0.04
2014.04.29 05:50:43.746,0.19537,0.19578,0.02,0.04
2014.04.29 05:50:44.296,0.19538,0.19578,0.02,0.04
2014.04.29 05:50:44.896,0.19537,0.19578,0.02,0.04
2014.04.29 05:50:46.928,0.19538,0.19578,0.02,0.04
2014.04.29 05:50:49.485,0.19537,0.19578,0.02,0.04
2014.04.29 05:50:51.744,0.19538,0.19578,0.02,0.04
2014.04.29 05:50:54.354,0.19537,0.19578,0.02,0.04
2014.04.29 05:51:01.402,0.19538,0.19578,0.02,0.04
2014.04.29 05:51:18.324,0.19537,0.19578,0.02,0.04
2014.04.29 05:51:24.647,0.19538,0.19578,0.02,0.04
2014.04.29 05:51:26.606,0.19537,0.19578,0.02,0.04
2014.04.29 05:51:30.198,0.19538,0.19578,0.02,0.04
2014.04.29 05:51:34.736,0.19537,0.19578,0.02,0.04
2014.04.29 05:51:36.553,0.19538,0.19578,0.02,0.04
2014.04.29 05:51:37.058,0.19537,0.19578,0.02,0.04
2014.04.29 05:51:38.413,0.19536,0.19578,0.02,0.06
2014.04.29 05:51:39.040,0.19537,0.19578,0.02,0.04
2014.04.29 05:51:40.206,0.19537,0.19577,0.02,0.02
2014.04.29 05:51:40.257,0.19533,0.19575,0.02,0.05
2014.04.29 05:51:40.411,0.19533,0.19574,0.02,0.02
2014.04.29 05:51:40.562,0.19535,0.19574,0.02,0.02
2014.04.29 05:51:43.711,0.19535,0.19575,0.02,0.02
2014.04.29 05:51:44.507,0.19535,0.19574,0.02,0.04
2014.04.29 05:51:44.558,0.19532,0.19573,0.02,0.02
2014.04.29 05:51:49.386,0.19533,0.19573,0.02,0.02
2014.04.29 05:51:52.859,0.19534,0.19574,0.02,0.02
2014.04.29 05:51:53.499,0.19533,0.19574,0.02,0.02
2014.04.29 05:51:58.028,0.19532,0.19573,0.02,0.02
2014.04.29 05:52:01.539,0.19533,0.19573,0.02,0.04
2014.04.29 05:52:07.206,0.19532,0.19573,0.02,0.03
2014.04.29 05:52:07.761,0.19533,0.19573,0.02,0.03
2014.04.29 05:52:12.615,0.19532,0.19573,0.02,0.03
2014.04.29 05:52:14.458,0.19533,0.19573,0.02,0.03
2014.04.29 05:52:15.520,0.19532,0.19573,0.02,0.03
2014.04.29 05:52:16.728,0.19533,0.19573,0.02,0.03
2014.04.29 05:52:21.572,0.19532,0.19573,0.02,0.03
2014.04.29 05:52:22.389,0.19533,0.19573,0.02,0.03
2014.04.29 05:52:23.883,0.19532,0.19573,0.02,0.03
2014.04.29 05:52:28.430,0.19533,0.19573,0.02,0.03
2014.04.29 05:52:28.971,0.19532,0.19573,0.02,0.03
2014.04.29 05:52:39.559,0.19533,0.19573,0.02,0.03
2014.04.29 05:52:41.983,0.19532,0.19573,0.02,0.03
2014.04.29 05:52:43.666,0.19533,0.19573,0.02,0.03
2014.04.29 05:52:44.408,0.19532,0.19573,0.02,0.03
2014.04.29 05:52:53.405,0.19533,0.19573,0.02,0.03
2014.04.29 05:52:56.883,0.19532,0.19573,0.02,0.03
2014.04.29 05:53:20.688,0.19533,0.19573,0.02,0.03
2014.04.29 05:53:21.835,0.19533,0.19571,0.02,0.03
2014.04.29 05:53:21.937,0.19532,0.19571,0.02,0.02
2014.04.29 05:53:22.045,0.19529,0.19571,0.02,0.04
2014.04.29 05:53:22.187,0.19531,0.19571,0.02,0.02
2014.04.29 05:53:25.106,0.1953,0.19571,0.02,0.02
2014.04.29 05:53:27.566,0.19528,0.1957,0.02,0.02
2014.04.29 05:53:27.616,0.19528,0.19568,0.02,0.02
2014.04.29 05:53:32.344,0.19529,0.19568,0.02,0.02
2014.04.29 05:53:35.300,0.19528,0.19568,0.02,0.02
2014.04.29 05:53:37.579,0.19527,0.19568,0.02,0.02
2014.04.29 05:53:38.220,0.19528,0.19568,0.02,0.02
2014.04.29 05:53:42.564,0.19527,0.19568,0.02,0.02
2014.04.29 05:53:44.372,0.19528,0.19568,0.02,0.02
2014.04.29 05:53:45.032,0.19527,0.19568,0.02,0.02
2014.04.29 05:53:46.971,0.19528,0.19568,0.02,0.02
2014.04.29 05:53:48.847,0.19527,0.19568,0.02,0.02
2014.04.29 05:53:49.449,0.19528,0.19568,0.02,0.02
2014.04.29 05:53:51.169,0.19527,0.19568,0.02,0.02
2014.04.29 05:53:55.732,0.19526,0.19568,0.02,0.06
2014.04.29 05:53:58.823,0.19526,0.19566,0.02,0.03
2014.04.29 05:53:58.924,0.19523,0.19563,0.02,0.02
2014.04.29 05:53:59.893,0.19522,0.19563,0.02,0.02
2014.04.29 05:54:00.748,0.19523,0.19563,0.02,0.02
2014.04.29 05:54:04.255,0.19522,0.19563,0.02,0.02
2014.04.29 05:54:04.965,0.19523,0.19563,0.02,0.02
2014.04.29 05:54:08.317,0.19522,0.19563,0.02,0.02
2014.04.29 05:54:08.881,0.19523,0.19563,0.02,0.02
2014.04.29 05:54:12.015,0.19518,0.19563,0.02,0.02
2014.04.29 05:54:12.065,0.19518,0.19566,0.03,0.02
2014.04.29 05:54:12.379,0.19526,0.19568,0.02,0.06
2014.04.29 05:54:12.769,0.19526,0.19566,0.02,0.02
2014.04.29 05:54:13.300,0.19525,0.19566,0.02,0.02
2014.04.29 05:54:17.323,0.19526,0.19566,0.02,0.02
2014.04.29 05:54:17.374,0.19526,0.19568,0.02,0.06
2014.04.29 05:54:17.433,0.19528,0.19568,0.02,0.04
2014.04.29 05:54:18.174,0.19527,0.19568,0.02,0.04
2014.04.29 05:54:23.852,0.19528,0.19568,0.02,0.04
2014.04.29 05:54:24.974,0.19526,0.19568,0.02,0.06
2014.04.29 05:54:25.478,0.19527,0.19568,0.02,0.04
2014.04.29 05:54:26.097,0.19528,0.19568,0.02,0.04
2014.04.29 05:54:26.756,0.19527,0.19568,0.02,0.04
2014.04.29 05:54:27.341,0.19528,0.19568,0.02,0.04
2014.04.29 05:54:33.886,0.19529,0.19571,0.02,0.04
2014.04.29 05:54:34.519,0.19528,0.1957,0.02,0.03
2014.04.29 05:54:43.907,0.19527,0.19568,0.02,0.02
2014.04.29 05:54:44.579,0.19526,0.19568,0.02,0.06
2014.04.29 05:54:45.239,0.19527,0.19568,0.02,0.04
2014.04.29 05:54:55.984,0.19526,0.19568,0.02,0.06
2014.04.29 05:55:07.844,0.19526,0.19566,0.02,0.02
2014.04.29 05:55:07.947,0.19526,0.19568,0.02,0.06
2014.04.29 05:55:08.511,0.19525,0.19567,0.02,0.02
2014.04.29 05:55:12.191,0.19526,0.19568,0.02,0.06
2014.04.29 05:55:13.610,0.19527,0.19568,0.02,0.04
2014.04.29 05:55:14.391,0.19528,0.19569,0.01,0.02
2014.04.29 05:55:14.498,0.19529,0.19571,0.02,0.02
2014.04.29 05:55:14.935,0.19528,0.19569,0.01,0.02
2014.04.29 05:55:15.608,0.19528,0.19568,0.02,0.04
2014.04.29 05:55:15.920,0.19526,0.19568,0.02,0.06
2014.04.29 05:55:16.470,0.19526,0.19567,0.02,0.02
2014.04.29 05:55:17.714,0.19526,0.19568,0.02,0.06
2014.04.29 05:55:17.764,0.19528,0.19568,0.02,0.04
2014.04.29 05:55:21.329,0.19531,0.19568,0.02,0.04
2014.04.29 05:55:21.707,0.19532,0.19573,0.02,0.04
2014.04.29 05:55:22.249,0.19533,0.19573,0.02,0.04
2014.04.29 05:55:23.172,0.19533,0.19573,0.02,0.04
2014.04.29 05:55:23.272,0.1953,0.19572,0.02,0.04
2014.04.29 05:55:23.323,0.19532,0.19573,0.02,0.02
2014.04.29 05:55:27.956,0.19533,0.19573,0.02,0.02
2014.04.29 05:55:28.533,0.19534,0.19574,0.02,0.02
2014.04.29 05:55:29.144,0.19535,0.19574,0.02,0.02
2014.04.29 05:55:29.926,0.19534,0.19574,0.02,0.02
2014.04.29 05:55:36.544,0.19535,0.19574,0.02,0.02
2014.04.29 05:55:39.704,0.19536,0.19574,0.02,0.02
2014.04.29 05:55:39.754,0.19536,0.19578,0.02,0.06
2014.04.29 05:55:39.863,0.19538,0.19578,0.02,0.04
2014.04.29 05:55:40.793,0.19537,0.19578,0.02,0.04
2014.04.29 05:55:43.293,0.19538,0.19578,0.02,0.04
2014.04.29 05:55:50.181,0.19537,0.19578,0.02,0.04
2014.04.29 05:55:52.900,0.19538,0.19578,0.02,0.04
2014.04.29 05:55:53.452,0.19537,0.19578,0.02,0.04
2014.04.29 05:55:54.410,0.19538,0.19578,0.02,0.04
2014.04.29 05:55:59.203,0.19539,0.19578,0.02,0.03
2014.04.29 05:56:05.907,0.19538,0.19578,0.02,0.03
2014.04.29 05:56:06.163,0.19539,0.19581,0.02,0.02
2014.04.29 05:56:07.374,0.19539,0.1958,0.02,0.04
2014.04.29 05:56:07.484,0.19537,0.19578,0.02,0.02
2014.04.29 05:56:08.094,0.19538,0.19578,0.02,0.04
2014.04.29 05:56:10.687,0.19537,0.19578,0.02,0.04
2014.04.29 05:56:11.775,0.19538,0.19578,0.02,0.04
2014.04.29 05:56:12.434,0.19537,0.19578,0.02,0.04
2014.04.29 05:56:13.145,0.19538,0.19578,0.02,0.04
2014.04.29 05:56:16.174,0.19539,0.19578,0.02,0.03
2014.04.29 05:56:16.225,0.19539,0.19581,0.02,0.02
2014.04.29 05:56:16.325,0.19542,0.19583,0.02,0.04
2014.04.29 05:56:16.861,0.19541,0.19583,0.02,0.06
2014.04.29 05:56:17.464,0.19542,0.19583,0.02,0.04
2014.04.29 05:56:18.130,0.19542,0.19583,0.02,0.04
2014.04.29 05:56:18.224,0.19538,0.1958,0.02,0.02
2014.04.29 05:56:18.275,0.19538,0.1958,0.02,0.03
2014.04.29 05:56:19.257,0.19538,0.1958,0.02,0.02
2014.04.29 05:56:19.425,0.19543,0.19583,0.02,0.04
2014.04.29 05:56:19.938,0.19542,0.19583,0.02,0.04
2014.04.29 05:56:20.944,0.1954,0.19582,0.02,0.02
2014.04.29 05:56:22.873,0.19541,0.19583,0.02,0.06
2014.04.29 05:56:23.522,0.19542,0.19583,0.02,0.04
2014.04.29 05:56:23.573,0.19539,0.19581,0.02,0.04
2014.04.29 05:56:31.259,0.19539,0.19579,0.02,0.04
2014.04.29 05:56:31.381,0.19537,0.19578,0.02,0.02
2014.04.29 05:56:39.549,0.19538,0.19578,0.02,0.02
2014.04.29 05:57:18.512,0.19537,0.19578,0.02,0.02
2014.04.29 05:57:37.956,0.19536,0.19578,0.02,0.04
2014.04.29 05:57:39.095,0.19537,0.19578,0.02,0.02
2014.04.29 05:57:42.931,0.19535,0.19577,0.02,0.02
2014.04.29 05:57:43.523,0.19536,0.19578,0.02,0.05
2014.04.29 05:57:44.894,0.19536,0.19575,0.02,0.04
2014.04.29 05:57:44.994,0.19532,0.19573,0.02,0.02
2014.04.29 05:57:47.882,0.19533,0.19573,0.02,0.04
2014.04.29 05:58:17.034,0.19532,0.19573,0.02,0.04
2014.04.29 05:58:31.291,0.19533,0.19573,0.02,0.04
2014.04.29 05:58:33.066,0.19534,0.19575,0.02,0.02
2014.04.29 05:58:33.681,0.19533,0.19575,0.02,0.04
2014.04.29 05:58:38.959,0.19534,0.19575,0.02,0.02
2014.04.29 05:58:42.891,0.19533,0.19573,0.02,0.01
2014.04.29 05:59:18.179,0.19532,0.19573,0.02,0.03
2014.04.29 05:59:19.168,0.19533,0.19573,0.02,0.03
2014.04.29 05:59:56.335,0.19532,0.19573,0.02,0.03
2014.04.29 05:59:59.119,0.19531,0.19573,0.02,0.05
