2018.01.30 10:00:00.447,0.17208,0.17238,0.04,0.04
2018.01.30 10:00:00.519,0.17216,0.17242,0.47,0.20
2018.01.30 10:00:00.569,0.17209,0.17238,0.04,0.04
2018.01.30 10:00:00.890,0.1722,0.17242,0.39,0.04
2018.01.30 10:00:02.185,0.1722,0.17243,0.17,0.04
2018.01.30 10:00:03.744,0.17222,0.17243,0.29,0.04
2018.01.30 10:00:04.237,0.17225,0.17247,0.30,0.04
2018.01.30 10:00:04.481,0.1722,0.17246,0.41,0.15
2018.01.30 10:00:04.532,0.1722,0.17243,0.31,0.04
2018.01.30 10:00:05.099,0.17219,0.17242,0.04,0.04
2018.01.30 10:00:06.439,0.17213,0.17243,0.04,0.04
2018.01.30 10:00:07.078,0.1722,0.17243,0.02,0.04
2018.01.30 10:00:12.583,0.17218,0.17241,0.40,0.04
2018.01.30 10:00:34.796,0.17219,0.17242,0.12,0.04
2018.01.30 10:00:39.135,0.17219,0.17243,0.28,0.04
2018.01.30 10:00:42.324,0.17223,0.17247,0.04,0.04
2018.01.30 10:00:44.023,0.17206,0.17236,0.04,0.04
2018.01.30 10:00:44.074,0.1721,0.17239,0.03,0.16
2018.01.30 10:00:44.176,0.17214,0.17236,0.34,0.04
2018.01.30 10:00:44.506,0.17218,0.17239,0.25,0.04
2018.01.30 10:00:45.026,0.17217,0.17239,0.34,0.03
2018.01.30 10:00:45.636,0.17218,0.17239,0.13,0.04
2018.01.30 10:00:46.362,0.17218,0.1724,0.13,0.04
2018.01.30 10:00:50.638,0.17218,0.17241,0.12,0.04
2018.01.30 10:00:51.525,0.17218,0.17242,0.04,0.04
2018.01.30 10:00:57.029,0.17221,0.17247,0.30,0.22
2018.01.30 10:00:57.130,0.17223,0.17247,0.28,0.04
2018.01.30 10:00:57.720,0.17223,0.17248,0.28,0.04
2018.01.30 10:01:04.157,0.1722,0.17244,0.04,0.04
2018.01.30 10:01:04.312,0.17218,0.17243,0.32,0.04
2018.01.30 10:01:06.540,0.17223,0.17248,0.04,0.04
2018.01.30 10:01:26.507,0.17223,0.17247,0.39,0.04
2018.01.30 10:01:38.028,0.17223,0.17248,0.29,0.04
2018.01.30 10:01:39.680,0.17224,0.17248,0.36,0.01
2018.01.30 10:01:39.731,0.17224,0.1725,0.36,0.17
2018.01.30 10:01:40.251,0.17223,0.17245,0.30,0.01
2018.01.30 10:01:40.950,0.17223,0.17248,0.30,0.04
2018.01.30 10:01:50.736,0.17221,0.17247,0.04,0.28
2018.01.30 10:01:54.975,0.17215,0.17247,0.04,0.04
2018.01.30 10:01:55.582,0.17218,0.17243,0.28,0.04
2018.01.30 10:02:01.896,0.17218,0.17242,0.31,0.04
2018.01.30 10:02:02.314,0.17212,0.17242,0.04,0.04
2018.01.30 10:02:02.364,0.17216,0.17242,0.38,0.21
2018.01.30 10:02:02.415,0.17216,0.17242,0.38,0.21
2018.01.30 10:02:12.615,0.17214,0.17239,0.22,0.04
2018.01.30 10:02:12.717,0.17213,0.17239,0.37,0.40
2018.01.30 10:02:13.436,0.17213,0.17238,0.04,0.04
2018.01.30 10:02:43.015,0.17213,0.17237,0.21,0.04
2018.01.30 10:02:55.578,0.17213,0.17232,0.04,0.04
2018.01.30 10:02:55.629,0.17207,0.17232,0.04,0.04
2018.01.30 10:02:56.802,0.17208,0.17233,0.35,0.04
2018.01.30 10:02:59.963,0.17208,0.17233,0.04,0.04
2018.01.30 10:03:06.312,0.17209,0.17235,0.35,0.09
2018.01.30 10:03:07.054,0.17207,0.17233,0.04,0.28
2018.01.30 10:03:10.037,0.17207,0.17233,0.04,0.34
2018.01.30 10:03:21.630,0.17205,0.17228,0.19,0.04
2018.01.30 10:03:21.731,0.17205,0.17231,0.36,0.45
2018.01.30 10:03:24.168,0.17207,0.17233,0.04,0.39
2018.01.30 10:03:25.330,0.17206,0.17232,0.35,0.31
2018.01.30 10:03:26.199,0.17206,0.17228,0.13,0.04
2018.01.30 10:03:26.300,0.17202,0.17228,0.05,0.36
2018.01.30 10:03:26.945,0.17204,0.17229,0.33,0.04
2018.01.30 10:03:27.036,0.17204,0.17229,0.33,0.03
2018.01.30 10:03:27.653,0.17204,0.17229,0.10,0.04
2018.01.30 10:03:28.242,0.17203,0.17227,0.35,0.04
2018.01.30 10:03:28.855,0.17203,0.17229,0.48,0.30
2018.01.30 10:03:30.808,0.17204,0.17228,0.04,0.04
2018.01.30 10:03:30.858,0.17204,0.1723,0.39,0.12
2018.01.30 10:03:31.634,0.17205,0.1723,0.13,0.04
2018.01.30 10:03:32.148,0.17203,0.17228,0.16,0.04
2018.01.30 10:04:10.506,0.17203,0.17228,0.25,0.01
2018.01.30 10:04:10.657,0.17206,0.17232,0.34,0.22
2018.01.30 10:04:11.817,0.17207,0.17233,0.34,0.38
2018.01.30 10:04:19.473,0.17207,0.17233,0.34,0.38
2018.01.30 10:04:24.582,0.17203,0.17229,0.35,0.23
2018.01.30 10:04:27.682,0.17205,0.17231,0.04,0.30
2018.01.30 10:04:29.904,0.17206,0.17232,0.28,0.39
2018.01.30 10:04:30.436,0.17202,0.17228,0.32,0.37
2018.01.30 10:04:30.725,0.17204,0.1723,0.39,0.40
2018.01.30 10:04:31.094,0.17206,0.17232,0.33,0.15
2018.01.30 10:04:35.210,0.17204,0.17229,0.34,0.04
2018.01.30 10:04:35.260,0.17205,0.17231,0.25,0.41
2018.01.30 10:04:35.311,0.17206,0.17232,0.09,0.36
2018.01.30 10:04:36.052,0.17206,0.17232,0.32,0.24
2018.01.30 10:04:43.070,0.17203,0.17229,0.30,0.37
2018.01.30 10:04:43.222,0.17202,0.17228,0.23,0.31
2018.01.30 10:04:43.954,0.17202,0.17225,0.40,0.01
2018.01.30 10:04:44.005,0.17203,0.17229,0.27,0.25
2018.01.30 10:04:44.338,0.17206,0.17232,0.35,0.36
2018.01.30 10:04:47.409,0.17207,0.17232,0.04,0.05
2018.01.30 10:04:49.487,0.17204,0.17229,0.02,0.08
2018.01.30 10:04:49.587,0.17203,0.17229,0.17,0.36
2018.01.30 10:04:50.604,0.17202,0.17227,0.26,0.04
2018.01.30 10:05:03.088,0.17202,0.17228,0.26,0.40
2018.01.30 10:05:06.596,0.17206,0.17232,0.37,0.26
2018.01.30 10:05:10.820,0.17203,0.17228,0.21,0.04
2018.01.30 10:05:14.124,0.17205,0.17231,0.37,0.28
2018.01.30 10:05:15.273,0.17205,0.17229,0.10,0.04
2018.01.30 10:05:37.868,0.17205,0.17228,0.34,0.01
2018.01.30 10:05:37.969,0.17206,0.17232,0.34,0.30
2018.01.30 10:05:46.599,0.17207,0.17233,0.15,0.44
2018.01.30 10:05:47.536,0.17205,0.17225,0.32,0.01
2018.01.30 10:05:48.327,0.17202,0.17228,0.36,0.47
2018.01.30 10:05:56.750,0.17202,0.17225,0.36,0.01
2018.01.30 10:05:56.850,0.17203,0.17229,0.20,0.36
2018.01.30 10:05:56.901,0.17205,0.17231,0.42,0.15
2018.01.30 10:05:57.002,0.17206,0.17232,0.30,0.14
2018.01.30 10:06:00.089,0.17207,0.1723,0.30,0.01
2018.01.30 10:06:00.422,0.17204,0.1723,0.22,0.37
2018.01.30 10:06:00.925,0.17206,0.17232,0.31,0.37
2018.01.30 10:06:02.957,0.17205,0.17228,0.13,0.01
2018.01.30 10:06:03.371,0.17206,0.17232,0.29,0.19
2018.01.30 10:06:03.590,0.17204,0.17228,0.39,0.01
2018.01.30 10:06:03.891,0.17206,0.17232,0.32,0.15
2018.01.30 10:06:04.557,0.17207,0.1723,0.36,0.01
2018.01.30 10:06:21.333,0.17206,0.17232,0.40,0.31
2018.01.30 10:06:21.589,0.17204,0.1723,0.28,0.19
2018.01.30 10:06:21.690,0.17205,0.17231,0.30,0.39
2018.01.30 10:06:28.670,0.17207,0.1723,0.36,0.01
2018.01.30 10:06:32.734,0.17207,0.17233,0.36,0.30
2018.01.30 10:06:37.034,0.1721,0.17236,0.05,0.33
2018.01.30 10:06:37.135,0.17211,0.17237,0.05,0.33
2018.01.30 10:06:41.916,0.17209,0.17235,0.04,0.32
2018.01.30 10:06:42.267,0.1721,0.17236,0.04,0.40
2018.01.30 10:06:42.318,0.17209,0.17235,0.39,0.32
2018.01.30 10:06:42.428,0.17209,0.17235,0.13,0.38
2018.01.30 10:07:09.597,0.17211,0.17233,0.22,0.01
2018.01.30 10:07:09.926,0.17212,0.17237,0.04,0.05
2018.01.30 10:07:10.184,0.17207,0.17233,0.30,0.34
2018.01.30 10:07:19.130,0.17209,0.17235,0.34,0.20
2018.01.30 10:07:24.910,0.17212,0.17235,0.26,0.01
2018.01.30 10:08:03.117,0.17214,0.17239,0.04,0.16
2018.01.30 10:08:03.218,0.17217,0.1724,0.04,0.01
2018.01.30 10:08:27.518,0.17214,0.17238,0.30,0.01
2018.01.30 10:08:28.127,0.17216,0.17242,0.37,0.22
2018.01.30 10:08:29.946,0.17214,0.17239,0.04,0.05
2018.01.30 10:08:31.039,0.17212,0.17235,0.42,0.01
2018.01.30 10:08:37.476,0.17216,0.17242,0.30,0.24
2018.01.30 10:08:42.544,0.17215,0.1724,0.39,0.04
2018.01.30 10:08:48.088,0.17212,0.17238,0.34,0.38
2018.01.30 10:08:50.652,0.17217,0.17243,0.15,0.39
2018.01.30 10:08:51.448,0.17217,0.17243,0.28,0.39
2018.01.30 10:09:11.221,0.17219,0.17245,0.23,0.30
2018.01.30 10:09:11.322,0.17218,0.17244,0.33,0.24
2018.01.30 10:09:30.754,0.1722,0.17246,0.24,0.44
2018.01.30 10:09:31.315,0.17221,0.17247,0.30,0.16
2018.01.30 10:09:31.859,0.17222,0.17248,0.38,0.34
2018.01.30 10:09:48.584,0.17222,0.17248,0.38,0.34
2018.01.30 10:09:49.091,0.17223,0.17249,0.05,0.28
2018.01.30 10:09:57.447,0.1721,0.17248,0.40,0.52
2018.01.30 10:10:00.469,0.17223,0.17248,0.04,0.04
2018.01.30 10:10:00.952,0.17223,0.17249,0.40,0.35
2018.01.30 10:10:02.016,0.17223,0.17248,0.04,0.04
2018.01.30 10:10:05.272,0.17224,0.1725,0.37,0.28
2018.01.30 10:10:05.323,0.1722,0.1725,0.04,0.28
2018.01.30 10:10:14.947,0.17225,0.17251,0.25,0.29
2018.01.30 10:10:15.597,0.17227,0.17253,0.12,0.33
2018.01.30 10:10:21.975,0.17227,0.17253,0.12,0.30
2018.01.30 10:10:23.901,0.17227,0.17253,0.27,0.31
2018.01.30 10:10:27.160,0.17228,0.17254,0.05,0.34
2018.01.30 10:10:27.311,0.17227,0.17253,0.14,0.37
2018.01.30 10:10:28.140,0.17227,0.17253,0.15,0.36
2018.01.30 10:10:32.867,0.17225,0.17251,0.31,0.08
2018.01.30 10:10:33.216,0.17226,0.17252,0.22,0.34
2018.01.30 10:10:33.266,0.17226,0.17252,0.21,0.34
2018.01.30 10:10:36.295,0.17226,0.17252,0.34,0.15
2018.01.30 10:10:37.271,0.17225,0.17251,0.34,0.25
2018.01.30 10:10:37.402,0.17223,0.17249,0.04,0.40
2018.01.30 10:10:39.711,0.17222,0.17248,0.46,0.09
2018.01.30 10:10:41.706,0.17222,0.17248,0.11,0.32
2018.01.30 10:10:42.193,0.17226,0.17252,0.30,0.37
2018.01.30 10:10:42.324,0.17227,0.17253,0.10,0.34
2018.01.30 10:10:42.663,0.17223,0.17248,0.04,0.04
2018.01.30 10:10:53.501,0.17221,0.17247,0.21,0.26
2018.01.30 10:11:08.715,0.17221,0.17247,0.21,0.26
2018.01.30 10:11:25.347,0.17221,0.17247,0.29,0.30
2018.01.30 10:11:36.277,0.17218,0.17244,0.35,0.21
2018.01.30 10:11:36.378,0.17218,0.17244,0.36,0.21
2018.01.30 10:11:40.999,0.17224,0.1725,0.13,0.34
2018.01.30 10:11:43.821,0.17219,0.17249,0.04,0.31
2018.01.30 10:11:49.485,0.1722,0.17246,0.32,0.36
2018.01.30 10:11:55.870,0.17219,0.17245,0.09,0.41
2018.01.30 10:11:55.971,0.17219,0.17245,0.33,0.24
2018.01.30 10:12:01.553,0.17216,0.17242,0.36,0.29
2018.01.30 10:12:18.373,0.17218,0.17242,0.04,0.13
2018.01.30 10:12:18.425,0.17219,0.17244,0.04,0.04
2018.01.30 10:12:18.911,0.17217,0.17243,0.24,0.36
2018.01.30 10:12:27.161,0.1722,0.17246,0.32,0.24
2018.01.30 10:12:27.261,0.17221,0.17247,0.30,0.36
2018.01.30 10:12:52.332,0.17216,0.17242,0.34,0.30
2018.01.30 10:12:54.994,0.17215,0.17241,0.43,0.33
2018.01.30 10:13:16.020,0.17216,0.17242,0.17,0.42
2018.01.30 10:13:20.569,0.17215,0.17241,0.35,0.19
2018.01.30 10:13:33.746,0.17214,0.1724,0.08,0.31
2018.01.30 10:13:43.083,0.17213,0.17238,0.04,0.15
2018.01.30 10:13:43.629,0.17214,0.17239,0.05,0.04
2018.01.30 10:13:44.106,0.17213,0.17239,0.08,0.12
2018.01.30 10:13:44.207,0.17214,0.1724,0.37,0.23
2018.01.30 10:13:58.306,0.17217,0.17242,0.04,0.04
2018.01.30 10:14:00.231,0.17218,0.17244,0.37,0.24
2018.01.30 10:14:00.332,0.17219,0.17245,0.40,0.18
2018.01.30 10:14:00.899,0.17218,0.17244,0.32,0.32
2018.01.30 10:14:01.562,0.17218,0.17244,0.04,0.15
2018.01.30 10:14:02.220,0.17218,0.17244,0.28,0.36
2018.01.30 10:14:04.471,0.17218,0.17243,0.05,0.04
2018.01.30 10:14:04.522,0.17218,0.17244,0.42,0.36
2018.01.30 10:14:09.868,0.17217,0.17243,0.27,0.27
2018.01.30 10:14:10.597,0.17217,0.17243,0.27,0.27
2018.01.30 10:14:11.259,0.17216,0.17242,0.36,0.33
2018.01.30 10:14:11.901,0.17215,0.17241,0.21,0.27
2018.01.30 10:14:16.456,0.17215,0.17241,0.21,0.27
2018.01.30 10:14:16.563,0.17215,0.17241,0.21,0.27
2018.01.30 10:14:30.359,0.17214,0.1724,0.31,0.12
2018.01.30 10:14:45.707,0.17213,0.17238,0.04,0.31
2018.01.30 10:14:45.808,0.17213,0.17239,0.42,0.20
2018.01.30 10:15:03.667,0.17215,0.17241,0.35,0.38
2018.01.30 10:15:14.766,0.17218,0.17244,0.39,0.27
2018.01.30 10:15:14.867,0.1722,0.17246,0.13,0.28
2018.01.30 10:15:19.823,0.17219,0.17245,0.33,0.11
2018.01.30 10:15:23.452,0.17219,0.17245,0.27,0.24
2018.01.30 10:15:23.795,0.17218,0.17244,0.30,0.33
2018.01.30 10:15:23.896,0.17216,0.17242,0.33,0.41
2018.01.30 10:15:30.602,0.17216,0.17242,0.35,0.25
2018.01.30 10:15:30.653,0.17217,0.17242,0.04,0.25
2018.01.30 10:15:30.792,0.17219,0.17245,0.04,0.24
2018.01.30 10:16:11.784,0.1722,0.17246,0.21,0.32
2018.01.30 10:16:11.884,0.17225,0.17251,0.15,0.41
2018.01.30 10:16:14.016,0.17229,0.17254,0.05,0.04
2018.01.30 10:16:20.708,0.1723,0.17256,0.39,0.22
2018.01.30 10:16:22.057,0.17234,0.1726,0.43,0.34
2018.01.30 10:16:22.109,0.17234,0.1726,0.43,0.34
2018.01.30 10:16:22.710,0.17234,0.1726,0.30,0.30
2018.01.30 10:16:24.386,0.1724,0.17264,0.04,0.13
2018.01.30 10:16:24.487,0.17241,0.17267,0.33,0.35
2018.01.30 10:16:30.615,0.17242,0.17268,0.19,0.34
2018.01.30 10:16:34.503,0.17241,0.17267,0.32,0.38
2018.01.30 10:16:38.082,0.17243,0.17269,0.20,0.32
2018.01.30 10:16:38.233,0.1724,0.17266,0.36,0.14
2018.01.30 10:16:43.372,0.1724,0.17266,0.37,0.14
2018.01.30 10:16:46.264,0.17239,0.17263,0.09,0.04
2018.01.30 10:16:46.439,0.17234,0.1726,0.39,0.12
2018.01.30 10:16:48.225,0.17238,0.17264,0.30,0.15
2018.01.30 10:16:48.319,0.17238,0.17264,0.30,0.15
2018.01.30 10:16:48.832,0.1724,0.17266,0.30,0.21
2018.01.30 10:16:51.452,0.17241,0.17266,0.02,0.04
2018.01.30 10:16:57.200,0.17243,0.17269,0.30,0.22
2018.01.30 10:16:57.277,0.17243,0.17269,0.30,0.22
2018.01.30 10:16:57.633,0.17245,0.1727,0.04,0.35
2018.01.30 10:17:00.280,0.17244,0.17269,0.04,0.36
2018.01.30 10:17:00.803,0.17245,0.1727,0.04,0.25
2018.01.30 10:17:02.360,0.17245,0.17271,0.39,0.32
2018.01.30 10:17:02.411,0.17249,0.17275,0.37,0.30
2018.01.30 10:17:02.513,0.1725,0.17276,0.34,0.34
2018.01.30 10:17:02.899,0.1725,0.17276,0.43,0.42
2018.01.30 10:17:03.681,0.1725,0.17276,0.43,0.45
2018.01.30 10:17:04.785,0.1725,0.17276,0.35,0.35
2018.01.30 10:17:07.292,0.17246,0.17272,0.31,0.09
2018.01.30 10:17:08.233,0.17245,0.17271,0.05,0.34
2018.01.30 10:17:15.979,0.17246,0.17272,0.19,0.36
2018.01.30 10:17:18.315,0.17246,0.17272,0.22,0.32
2018.01.30 10:17:18.366,0.17247,0.17272,0.06,0.04
2018.01.30 10:17:18.970,0.1725,0.17275,0.05,0.04
2018.01.30 10:17:23.883,0.1725,0.17274,0.02,0.04
2018.01.30 10:17:23.934,0.17245,0.17271,0.36,0.33
2018.01.30 10:17:24.326,0.17245,0.17271,0.36,0.33
2018.01.30 10:17:24.660,0.17246,0.17272,0.34,0.34
2018.01.30 10:17:24.711,0.17246,0.17272,0.33,0.34
2018.01.30 10:17:25.274,0.17245,0.17271,0.04,0.10
2018.01.30 10:17:25.976,0.17246,0.17272,0.31,0.24
2018.01.30 10:17:26.915,0.17245,0.17271,0.31,0.16
2018.01.30 10:17:30.857,0.17245,0.17271,0.31,0.16
2018.01.30 10:17:35.414,0.17244,0.1727,0.44,0.24
2018.01.30 10:17:36.327,0.17244,0.1727,0.44,0.24
2018.01.30 10:17:36.377,0.17244,0.1727,0.44,0.24
2018.01.30 10:17:42.285,0.1724,0.17265,0.18,0.04
2018.01.30 10:17:44.281,0.17239,0.17264,0.01,0.22
2018.01.30 10:17:44.933,0.17237,0.17261,0.04,0.04
2018.01.30 10:17:45.514,0.17237,0.17261,0.12,0.04
2018.01.30 10:17:46.092,0.17237,0.17262,0.17,0.04
2018.01.30 10:17:46.172,0.17236,0.17262,0.15,0.04
2018.01.30 10:17:46.834,0.17236,0.17262,0.31,0.39
2018.01.30 10:17:47.494,0.17235,0.17261,0.34,0.25
2018.01.30 10:17:57.484,0.17233,0.17259,0.24,0.36
2018.01.30 10:17:58.112,0.17233,0.17259,0.23,0.36
2018.01.30 10:18:00.146,0.17233,0.17259,0.15,0.32
2018.01.30 10:18:02.791,0.17226,0.17257,0.04,0.35
2018.01.30 10:18:03.010,0.1723,0.17256,0.16,0.33
2018.01.30 10:18:03.548,0.17232,0.17258,0.39,0.27
2018.01.30 10:18:05.368,0.17235,0.17258,0.01,0.39
2018.01.30 10:18:08.409,0.17232,0.17258,0.13,0.39
2018.01.30 10:18:11.277,0.17232,0.17258,0.13,0.39
2018.01.30 10:18:22.025,0.17232,0.17257,0.04,0.11
2018.01.30 10:18:22.781,0.17232,0.17255,0.01,0.27
2018.01.30 10:18:22.881,0.17228,0.17254,0.44,0.33
2018.01.30 10:18:28.716,0.17228,0.17253,0.04,0.30
2018.01.30 10:18:34.469,0.17233,0.17257,0.04,0.04
2018.01.30 10:18:40.556,0.17234,0.1726,0.36,0.31
2018.01.30 10:18:53.007,0.17233,0.17258,0.04,0.27
2018.01.30 10:18:54.699,0.17229,0.17254,0.08,0.04
2018.01.30 10:18:56.001,0.17233,0.17257,0.04,0.34
2018.01.30 10:18:57.769,0.17234,0.17258,0.04,0.09
2018.01.30 10:19:05.236,0.17234,0.17259,0.08,0.04
2018.01.30 10:19:07.345,0.17233,0.17253,0.30,0.01
2018.01.30 10:19:07.396,0.1723,0.17256,0.33,0.33
2018.01.30 10:19:09.075,0.17226,0.17251,0.04,0.32
2018.01.30 10:19:09.227,0.17227,0.17251,0.04,0.22
2018.01.30 10:19:12.430,0.17226,0.17252,0.26,0.34
2018.01.30 10:19:14.125,0.17227,0.17252,0.04,0.39
2018.01.30 10:19:19.102,0.17226,0.17251,0.08,0.04
2018.01.30 10:19:19.260,0.17227,0.17251,0.01,0.30
2018.01.30 10:19:19.662,0.17223,0.17249,0.13,0.34
2018.01.30 10:19:25.165,0.17222,0.17248,0.36,0.32
2018.01.30 10:19:42.438,0.17222,0.17248,0.37,0.37
2018.01.30 10:19:46.721,0.17222,0.17248,0.37,0.37
2018.01.30 10:19:53.324,0.17224,0.17248,0.01,0.33
2018.01.30 10:19:53.936,0.17221,0.17247,0.05,0.27
2018.01.30 10:20:00.147,0.17222,0.17246,0.04,0.04
2018.01.30 10:20:03.444,0.17222,0.17247,0.04,0.28
2018.01.30 10:20:06.971,0.1722,0.17244,0.04,0.01
2018.01.30 10:20:07.580,0.17218,0.17244,0.40,0.28
2018.01.30 10:20:08.463,0.17221,0.17246,0.04,0.37
2018.01.30 10:20:08.565,0.17222,0.17246,0.04,0.04
2018.01.30 10:20:14.705,0.17223,0.17248,0.04,0.30
2018.01.30 10:20:18.131,0.17225,0.17247,0.01,0.30
2018.01.30 10:20:21.772,0.17223,0.17249,0.14,0.31
2018.01.30 10:20:22.529,0.17225,0.17247,0.01,0.33
2018.01.30 10:20:31.267,0.17222,0.17247,0.06,0.04
2018.01.30 10:20:31.769,0.17221,0.17247,0.29,0.31
2018.01.30 10:20:33.091,0.1722,0.17245,0.01,0.11
2018.01.30 10:21:33.326,0.17216,0.17242,0.37,0.19
2018.01.30 10:21:33.898,0.17216,0.17243,0.37,0.15
2018.01.30 10:21:35.773,0.17217,0.17243,0.04,0.15
2018.01.30 10:21:35.985,0.17221,0.17245,0.04,0.31
2018.01.30 10:21:36.086,0.17221,0.17246,0.03,0.35
2018.01.30 10:21:36.287,0.17219,0.17244,0.04,0.31
2018.01.30 10:21:39.192,0.17219,0.17243,0.04,0.34
2018.01.30 10:21:41.942,0.17218,0.17243,0.04,0.27
2018.01.30 10:21:50.205,0.17221,0.17245,0.04,0.24
2018.01.30 10:21:50.306,0.17222,0.17246,0.04,0.25
2018.01.30 10:21:56.996,0.17223,0.17247,0.04,0.11
2018.01.30 10:22:03.563,0.17227,0.17249,0.01,0.24
2018.01.30 10:22:03.664,0.17222,0.17248,0.39,0.34
2018.01.30 10:22:04.440,0.17222,0.17247,0.04,0.20
2018.01.30 10:22:11.496,0.17222,0.17247,0.04,0.20
2018.01.30 10:22:13.201,0.17222,0.17248,0.16,0.31
2018.01.30 10:22:20.290,0.17222,0.17247,0.04,0.25
2018.01.30 10:22:20.512,0.17226,0.1725,0.03,0.17
2018.01.30 10:22:22.261,0.17227,0.17251,0.04,0.39
2018.01.30 10:22:23.468,0.17233,0.17252,0.04,0.25
2018.01.30 10:22:23.519,0.17233,0.17257,0.04,0.04
2018.01.30 10:22:28.172,0.17232,0.17257,0.04,0.27
2018.01.30 10:22:28.299,0.17232,0.17255,0.01,0.34
2018.01.30 10:22:28.401,0.17228,0.17252,0.04,0.30
2018.01.30 10:22:30.669,0.17227,0.17253,0.45,0.34
2018.01.30 10:22:30.719,0.17229,0.17253,0.04,0.13
2018.01.30 10:22:31.173,0.17233,0.17254,0.04,0.27
2018.01.30 10:22:31.223,0.17233,0.17258,0.04,0.21
2018.01.30 10:22:31.376,0.17239,0.1726,0.01,0.11
2018.01.30 10:22:31.477,0.17235,0.17259,0.03,0.14
2018.01.30 10:22:32.057,0.17234,0.17258,0.04,0.29
2018.01.30 10:22:33.794,0.17232,0.17256,0.04,0.35
2018.01.30 10:22:33.845,0.17229,0.17255,0.25,0.31
2018.01.30 10:22:34.481,0.17228,0.17254,0.13,0.32
2018.01.30 10:22:42.951,0.17227,0.17252,0.04,0.28
2018.01.30 10:22:43.658,0.17228,0.17252,0.04,0.40
2018.01.30 10:22:50.051,0.17227,0.17249,0.01,0.31
2018.01.30 10:22:50.153,0.17223,0.17247,0.04,0.19
2018.01.30 10:22:56.697,0.17225,0.17251,0.26,0.31
2018.01.30 10:22:56.782,0.17225,0.17251,0.27,0.30
2018.01.30 10:22:57.122,0.17227,0.17252,0.08,0.04
2018.01.30 10:23:05.530,0.17228,0.17253,0.05,0.04
2018.01.30 10:23:07.518,0.17227,0.17253,0.08,0.34
2018.01.30 10:23:17.832,0.17227,0.17253,0.08,0.34
2018.01.30 10:23:18.512,0.17232,0.17257,0.04,0.15
2018.01.30 10:23:18.563,0.17232,0.17258,0.42,0.35
2018.01.30 10:23:28.537,0.17233,0.17258,0.04,0.30
2018.01.30 10:23:31.863,0.17236,0.17261,0.04,0.25
2018.01.30 10:23:31.971,0.17237,0.17261,0.04,0.26
2018.01.30 10:23:39.111,0.17236,0.17262,0.44,0.36
2018.01.30 10:23:39.263,0.17233,0.17259,0.26,0.35
2018.01.30 10:23:43.965,0.17232,0.17258,0.28,0.33
2018.01.30 10:23:46.930,0.17231,0.17257,0.38,0.09
2018.01.30 10:23:53.124,0.17231,0.17256,0.04,0.31
2018.01.30 10:23:56.976,0.17231,0.17256,0.04,0.38
2018.01.30 10:23:57.102,0.17231,0.17256,0.04,0.14
2018.01.30 10:23:57.618,0.17227,0.17253,0.36,0.18
2018.01.30 10:23:57.964,0.17232,0.17258,0.33,0.42
2018.01.30 10:23:58.659,0.17233,0.17257,0.04,0.11
2018.01.30 10:24:06.637,0.17232,0.17257,0.04,0.38
2018.01.30 10:24:07.265,0.17227,0.17253,0.28,0.29
2018.01.30 10:24:07.366,0.17227,0.17252,0.04,0.31
2018.01.30 10:24:10.110,0.17231,0.17256,0.04,0.34
2018.01.30 10:24:10.211,0.17232,0.17256,0.04,0.34
2018.01.30 10:24:29.556,0.17232,0.17257,0.04,0.25
2018.01.30 10:24:43.739,0.17232,0.17258,0.10,0.31
2018.01.30 10:24:43.789,0.17228,0.17253,0.04,0.36
2018.01.30 10:25:22.396,0.17227,0.17251,0.04,0.39
2018.01.30 10:25:22.946,0.17224,0.17247,0.04,0.04
2018.01.30 10:25:24.477,0.17223,0.17247,0.04,0.45
2018.01.30 10:25:29.390,0.17222,0.17246,0.04,0.28
2018.01.30 10:25:30.002,0.17222,0.17247,0.04,0.26
2018.01.30 10:25:38.480,0.17219,0.17244,0.04,0.32
2018.01.30 10:25:38.581,0.17219,0.17242,0.04,0.04
2018.01.30 10:25:39.324,0.17218,0.17243,0.04,0.37
2018.01.30 10:25:41.689,0.17222,0.17243,0.04,0.10
2018.01.30 10:25:41.840,0.17222,0.17247,0.04,0.34
2018.01.30 10:26:03.911,0.17222,0.17246,0.04,0.20
2018.01.30 10:26:15.749,0.17227,0.17251,0.04,0.37
2018.01.30 10:26:18.503,0.17228,0.17252,0.04,0.35
2018.01.30 10:26:24.304,0.17223,0.17249,0.19,0.38
2018.01.30 10:26:24.809,0.17222,0.17246,0.04,0.33
2018.01.30 10:26:26.029,0.17223,0.17248,0.04,0.28
2018.01.30 10:26:33.454,0.17224,0.17249,0.04,0.13
2018.01.30 10:26:33.989,0.17227,0.1725,0.04,0.25
2018.01.30 10:26:34.093,0.17227,0.17251,0.04,0.37
2018.01.30 10:26:38.360,0.17223,0.17247,0.04,0.28
2018.01.30 10:26:38.800,0.17219,0.17244,0.04,0.28
2018.01.30 10:26:38.952,0.17219,0.17243,0.04,0.37
2018.01.30 10:26:40.729,0.17222,0.17246,0.04,0.29
2018.01.30 10:26:41.248,0.17223,0.17247,0.04,0.27
2018.01.30 10:26:48.825,0.17224,0.17248,0.04,0.32
2018.01.30 10:26:49.374,0.17223,0.17248,0.04,0.32
2018.01.30 10:27:00.117,0.17228,0.17251,0.03,0.29
2018.01.30 10:27:00.219,0.17228,0.17252,0.04,0.37
2018.01.30 10:27:14.607,0.17228,0.17252,0.04,0.04
2018.01.30 10:27:24.072,0.17229,0.17252,0.04,0.11
2018.01.30 10:27:37.418,0.17232,0.17256,0.04,0.41
2018.01.30 10:27:37.519,0.17232,0.17256,0.04,0.40
2018.01.30 10:27:44.439,0.17229,0.17253,0.04,0.21
2018.01.30 10:27:44.541,0.17229,0.17252,0.04,0.09
2018.01.30 10:27:49.964,0.17228,0.17253,0.04,0.32
2018.01.30 10:28:02.662,0.17229,0.17255,0.42,0.24
2018.01.30 10:28:02.763,0.17228,0.17254,0.35,0.13
2018.01.30 10:28:22.342,0.17232,0.17256,0.04,0.28
2018.01.30 10:28:22.443,0.17233,0.17258,0.04,0.37
2018.01.30 10:28:25.957,0.17233,0.17258,0.03,0.37
2018.01.30 10:28:26.007,0.17228,0.17253,0.04,0.30
2018.01.30 10:28:26.132,0.17231,0.17255,0.04,0.19
2018.01.30 10:28:26.570,0.17233,0.17257,0.04,0.04
2018.01.30 10:28:28.224,0.17229,0.17253,0.04,0.10
2018.01.30 10:28:31.211,0.17228,0.17253,0.04,0.33
2018.01.30 10:28:32.816,0.17224,0.17249,0.04,0.31
2018.01.30 10:28:34.966,0.17227,0.17249,0.04,0.37
2018.01.30 10:28:35.144,0.17226,0.17251,0.04,0.34
2018.01.30 10:28:36.799,0.17227,0.17251,0.04,0.33
2018.01.30 10:28:38.258,0.17227,0.17251,0.03,0.34
2018.01.30 10:28:38.938,0.17226,0.1725,0.04,0.04
2018.01.30 10:28:42.819,0.17223,0.17248,0.04,0.18
2018.01.30 10:28:52.148,0.17226,0.17251,0.04,0.34
2018.01.30 10:28:52.643,0.17224,0.17248,0.04,0.25
2018.01.30 10:28:53.783,0.17227,0.17251,0.04,0.32
2018.01.30 10:28:53.884,0.17227,0.17251,0.04,0.10
2018.01.30 10:28:54.602,0.17228,0.17252,0.04,0.33
2018.01.30 10:28:59.101,0.17227,0.17251,0.04,0.35
2018.01.30 10:28:59.169,0.17225,0.17251,0.35,0.35
2018.01.30 10:28:59.271,0.17224,0.17248,0.04,0.40
2018.01.30 10:29:00.291,0.17223,0.17248,0.04,0.25
2018.01.30 10:29:02.343,0.17226,0.17248,0.04,0.25
2018.01.30 10:29:02.393,0.17224,0.17248,0.04,0.25
2018.01.30 10:29:02.452,0.17224,0.17248,0.04,0.26
2018.01.30 10:29:04.582,0.17225,0.1725,0.04,0.21
2018.01.30 10:29:05.065,0.17224,0.17248,0.04,0.41
2018.01.30 10:29:09.141,0.17223,0.17248,0.04,0.27
2018.01.30 10:29:27.837,0.17223,0.17248,0.04,0.28
2018.01.30 10:29:27.887,0.17227,0.17251,0.04,0.31
2018.01.30 10:29:28.614,0.17223,0.17248,0.04,0.25
2018.01.30 10:29:29.175,0.17223,0.17248,0.04,0.26
2018.01.30 10:29:54.603,0.17223,0.17247,0.04,0.35
2018.01.30 10:30:09.427,0.17223,0.17249,0.25,0.40
2018.01.30 10:30:13.462,0.17223,0.17249,0.34,0.37
2018.01.30 10:30:31.587,0.17224,0.1725,0.24,0.36
2018.01.30 10:30:34.340,0.17227,0.17252,0.04,0.13
2018.01.30 10:30:35.006,0.17228,0.17254,0.19,0.30
2018.01.30 10:30:36.281,0.17233,0.17255,0.04,0.12
2018.01.30 10:30:36.792,0.17234,0.17259,0.04,0.38
2018.01.30 10:30:37.220,0.17233,0.17259,0.18,0.37
2018.01.30 10:30:37.270,0.17233,0.17258,0.04,0.30
2018.01.30 10:30:37.645,0.17229,0.17255,0.08,0.33
2018.01.30 10:30:38.148,0.17229,0.17255,0.08,0.33
2018.01.30 10:30:38.412,0.17233,0.17259,0.08,0.20
2018.01.30 10:30:38.965,0.17235,0.17261,0.08,0.28
2018.01.30 10:30:40.014,0.17233,0.17259,0.27,0.33
2018.01.30 10:30:44.097,0.17235,0.17261,0.19,0.36
2018.01.30 10:30:44.147,0.17237,0.17263,0.36,0.31
2018.01.30 10:30:44.994,0.17238,0.17263,0.04,0.11
2018.01.30 10:30:47.073,0.17236,0.17263,0.15,0.40
2018.01.30 10:30:47.175,0.17233,0.17258,0.04,0.39
2018.01.30 10:30:47.760,0.17233,0.17259,0.42,0.36
2018.01.30 10:30:48.461,0.17237,0.17261,0.04,0.11
2018.01.30 10:30:48.511,0.17234,0.1726,0.42,0.14
2018.01.30 10:30:48.562,0.17234,0.17259,0.03,0.24
2018.01.30 10:30:49.129,0.17236,0.1726,0.04,0.09
2018.01.30 10:30:49.405,0.17236,0.17261,0.04,0.28
2018.01.30 10:30:49.656,0.17237,0.17263,0.08,0.27
2018.01.30 10:30:49.707,0.17237,0.17263,0.08,0.28
2018.01.30 10:30:51.231,0.17238,0.17264,0.17,0.31
2018.01.30 10:30:52.142,0.17239,0.17264,0.04,0.32
2018.01.30 10:30:53.259,0.17238,0.17264,0.41,0.32
2018.01.30 10:30:53.804,0.17239,0.17264,0.04,0.32
2018.01.30 10:30:54.381,0.17238,0.17264,0.41,0.32
2018.01.30 10:30:55.002,0.17239,0.17265,0.29,0.44
2018.01.30 10:30:55.053,0.17242,0.17267,0.04,0.32
2018.01.30 10:30:55.153,0.17242,0.17267,0.04,0.27
2018.01.30 10:30:55.362,0.17238,0.17263,0.04,0.13
2018.01.30 10:31:03.994,0.17242,0.17266,0.04,0.10
2018.01.30 10:31:05.208,0.17239,0.17265,0.05,0.30
2018.01.30 10:31:05.310,0.17238,0.17263,0.04,0.05
2018.01.30 10:31:11.342,0.17238,0.17264,0.30,0.11
2018.01.30 10:31:25.629,0.17237,0.17262,0.04,0.04
2018.01.30 10:31:26.221,0.17235,0.17261,0.37,0.31
2018.01.30 10:31:26.271,0.17237,0.17262,0.04,0.36
2018.01.30 10:31:29.070,0.17238,0.17263,0.04,0.09
2018.01.30 10:31:30.992,0.17237,0.17262,0.04,0.38
2018.01.30 10:31:31.043,0.17234,0.17259,0.04,0.36
2018.01.30 10:31:31.145,0.17234,0.17259,0.03,0.37
2018.01.30 10:31:31.404,0.17236,0.1726,0.04,0.33
2018.01.30 10:31:31.964,0.17237,0.17262,0.04,0.28
2018.01.30 10:31:33.416,0.17236,0.17261,0.05,0.04
2018.01.30 10:31:33.583,0.17236,0.1726,0.04,0.34
2018.01.30 10:31:33.684,0.17236,0.17261,0.04,0.37
2018.01.30 10:31:33.785,0.17234,0.17258,0.03,0.04
2018.01.30 10:31:35.792,0.17233,0.17259,0.42,0.31
2018.01.30 10:31:36.974,0.17234,0.17259,0.04,0.31
2018.01.30 10:31:37.261,0.17237,0.17263,0.25,0.34
2018.01.30 10:31:37.804,0.17237,0.17262,0.03,0.33
2018.01.30 10:31:37.955,0.17238,0.17264,0.18,0.38
2018.01.30 10:31:38.732,0.17238,0.17264,0.21,0.38
2018.01.30 10:31:39.391,0.17238,0.17264,0.36,0.27
2018.01.30 10:31:40.050,0.17238,0.17264,0.41,0.35
2018.01.30 10:31:43.137,0.17235,0.17261,0.36,0.10
2018.01.30 10:31:45.071,0.17236,0.17262,0.45,0.15
2018.01.30 10:31:48.218,0.17234,0.17259,0.04,0.32
2018.01.30 10:31:48.318,0.17234,0.1726,0.15,0.33
2018.01.30 10:31:48.828,0.17236,0.17262,0.24,0.31
2018.01.30 10:31:50.710,0.17235,0.17261,0.30,0.35
2018.01.30 10:31:50.760,0.17232,0.17258,0.33,0.30
2018.01.30 10:31:51.384,0.17232,0.17258,0.33,0.30
2018.01.30 10:31:53.754,0.17233,0.17258,0.04,0.28
2018.01.30 10:31:54.950,0.17237,0.17262,0.04,0.23
2018.01.30 10:31:55.001,0.17238,0.17263,0.01,0.33
2018.01.30 10:31:55.052,0.17238,0.17262,0.04,0.31
2018.01.30 10:31:56.945,0.17237,0.17262,0.04,0.25
2018.01.30 10:31:57.693,0.17237,0.17263,0.36,0.38
2018.01.30 10:31:58.988,0.17236,0.17262,0.25,0.33
2018.01.30 10:32:00.118,0.17239,0.17263,0.04,0.36
2018.01.30 10:32:03.545,0.1724,0.17264,0.04,0.11
2018.01.30 10:32:03.702,0.17239,0.17264,0.04,0.36
2018.01.30 10:32:07.525,0.17238,0.17262,0.04,0.14
2018.01.30 10:32:07.950,0.17234,0.1726,0.42,0.30
2018.01.30 10:32:08.458,0.17236,0.17261,0.04,0.27
2018.01.30 10:32:08.625,0.17238,0.17262,0.04,0.11
2018.01.30 10:32:09.501,0.17237,0.17262,0.08,0.04
2018.01.30 10:32:10.049,0.17235,0.1726,0.04,0.39
2018.01.30 10:32:10.387,0.17237,0.17262,0.04,0.13
2018.01.30 10:32:11.097,0.17237,0.17262,0.04,0.13
2018.01.30 10:32:12.504,0.17237,0.17262,0.03,0.34
2018.01.30 10:32:12.556,0.17234,0.1726,0.34,0.15
2018.01.30 10:32:12.606,0.17237,0.17258,0.04,0.31
2018.01.30 10:32:12.660,0.17237,0.17259,0.04,0.34
2018.01.30 10:32:12.923,0.17235,0.17261,0.33,0.32
2018.01.30 10:32:13.776,0.17236,0.17262,0.08,0.36
2018.01.30 10:32:14.415,0.17236,0.17262,0.12,0.36
2018.01.30 10:32:19.894,0.17237,0.17262,0.04,0.42
2018.01.30 10:32:21.707,0.17237,0.17263,0.05,0.33
2018.01.30 10:32:21.758,0.17238,0.17263,0.04,0.34
2018.01.30 10:32:22.375,0.17237,0.17263,0.08,0.34
2018.01.30 10:32:22.756,0.17241,0.17265,0.04,0.33
2018.01.30 10:32:22.887,0.17241,0.17266,0.04,0.33
2018.01.30 10:32:24.327,0.17238,0.17262,0.04,0.34
2018.01.30 10:32:32.862,0.17237,0.17262,0.04,0.16
2018.01.30 10:32:41.602,0.1724,0.17264,0.04,0.28
2018.01.30 10:32:42.695,0.17239,0.17264,0.05,0.04
2018.01.30 10:32:42.868,0.17238,0.17262,0.04,0.31
2018.01.30 10:32:44.447,0.17237,0.17263,0.34,0.35
2018.01.30 10:32:45.467,0.17238,0.17262,0.04,0.14
2018.01.30 10:33:02.160,0.17237,0.17262,0.04,0.39
2018.01.30 10:33:33.268,0.17238,0.17264,0.33,0.32
2018.01.30 10:33:33.369,0.17236,0.17262,0.39,0.25
2018.01.30 10:33:33.970,0.17238,0.17261,0.04,0.33
2018.01.30 10:33:37.539,0.17237,0.17261,0.04,0.24
2018.01.30 10:34:07.552,0.17236,0.17261,0.04,0.29
2018.01.30 10:34:15.042,0.17232,0.17258,0.27,0.30
2018.01.30 10:34:23.235,0.17233,0.17259,0.29,0.35
2018.01.30 10:34:24.005,0.17233,0.17259,0.13,0.32
2018.01.30 10:34:24.215,0.17233,0.17259,0.32,0.31
2018.01.30 10:34:24.773,0.17235,0.17259,0.04,0.27
2018.01.30 10:34:25.027,0.17233,0.17257,0.04,0.38
2018.01.30 10:34:25.566,0.17233,0.17257,0.04,0.04
2018.01.30 10:34:25.718,0.17233,0.17257,0.04,0.08
2018.01.30 10:34:26.922,0.17235,0.17259,0.04,0.34
2018.01.30 10:34:27.791,0.17232,0.17258,0.32,0.21
2018.01.30 10:34:28.236,0.17234,0.17259,0.04,0.12
2018.01.30 10:34:29.505,0.17233,0.17257,0.04,0.24
2018.01.30 10:34:30.113,0.17232,0.17257,0.04,0.28
2018.01.30 10:34:33.461,0.17233,0.17258,0.04,0.34
2018.01.30 10:34:33.631,0.17232,0.17257,0.04,0.14
2018.01.30 10:34:34.404,0.17232,0.17257,0.04,0.34
2018.01.30 10:34:40.219,0.17233,0.17257,0.04,0.37
2018.01.30 10:34:42.043,0.17232,0.17257,0.04,0.37
2018.01.30 10:34:45.076,0.17235,0.17261,0.08,0.30
2018.01.30 10:35:02.479,0.17238,0.17262,0.04,0.19
2018.01.30 10:35:06.450,0.17236,0.17262,0.49,0.19
2018.01.30 10:35:06.501,0.17238,0.17262,0.04,0.19
2018.01.30 10:35:07.119,0.17243,0.17265,0.01,0.04
2018.01.30 10:35:07.220,0.17238,0.17263,0.04,0.33
2018.01.30 10:35:11.231,0.17237,0.17263,0.34,0.32
2018.01.30 10:35:11.733,0.17241,0.17266,0.04,0.43
2018.01.30 10:35:11.833,0.17241,0.17267,0.21,0.30
2018.01.30 10:35:17.940,0.17242,0.17267,0.04,0.29
2018.01.30 10:35:19.222,0.17244,0.1727,0.43,0.36
2018.01.30 10:35:19.407,0.17243,0.17268,0.08,0.05
2018.01.30 10:35:19.739,0.17245,0.17271,0.37,0.36
2018.01.30 10:35:19.840,0.17246,0.17271,0.08,0.05
2018.01.30 10:35:20.379,0.17247,0.17271,0.04,0.04
2018.01.30 10:35:20.641,0.17243,0.17269,0.16,0.38
2018.01.30 10:35:25.543,0.17242,0.17267,0.08,0.04
2018.01.30 10:35:29.637,0.17243,0.17268,0.04,0.04
2018.01.30 10:35:29.688,0.17243,0.17268,0.05,0.04
2018.01.30 10:35:29.927,0.17246,0.17271,0.04,0.31
2018.01.30 10:35:30.736,0.17247,0.17272,0.04,0.18
2018.01.30 10:35:38.273,0.17246,0.17272,0.15,0.43
2018.01.30 10:35:44.712,0.17243,0.17268,0.04,0.05
2018.01.30 10:35:45.014,0.17245,0.1727,0.04,0.36
2018.01.30 10:35:46.349,0.17246,0.17272,0.24,0.33
2018.01.30 10:35:49.532,0.17242,0.17267,0.04,0.10
2018.01.30 10:35:50.013,0.17246,0.17272,0.37,0.24
2018.01.30 10:35:56.587,0.17244,0.1727,0.15,0.37
2018.01.30 10:35:56.830,0.17242,0.17268,0.32,0.33
2018.01.30 10:35:56.881,0.17242,0.17268,0.27,0.33
2018.01.30 10:35:57.034,0.17242,0.17268,0.32,0.35
2018.01.30 10:35:57.084,0.17242,0.17268,0.32,0.36
2018.01.30 10:35:57.429,0.17242,0.17268,0.37,0.35
2018.01.30 10:36:00.144,0.17241,0.17267,0.33,0.39
2018.01.30 10:36:57.245,0.17241,0.17267,0.08,0.25
2018.01.30 10:37:06.159,0.1724,0.17265,0.03,0.28
2018.01.30 10:37:06.753,0.17241,0.17267,0.04,0.26
2018.01.30 10:37:08.379,0.17238,0.17264,0.31,0.30
2018.01.30 10:37:08.905,0.17237,0.17261,0.04,0.25
2018.01.30 10:37:15.037,0.17237,0.17262,0.04,0.40
2018.01.30 10:37:16.614,0.17241,0.17265,0.04,0.30
2018.01.30 10:37:16.716,0.17241,0.17267,0.16,0.36
2018.01.30 10:37:18.997,0.1724,0.17265,0.05,0.04
2018.01.30 10:37:20.860,0.17241,0.17266,0.04,0.31
2018.01.30 10:37:27.086,0.17242,0.17266,0.04,0.31
2018.01.30 10:37:41.292,0.17241,0.17266,0.04,0.33
2018.01.30 10:37:41.394,0.17242,0.17266,0.04,0.34
2018.01.30 10:37:45.177,0.17238,0.17263,0.04,0.18
2018.01.30 10:37:50.934,0.17237,0.17261,0.04,0.04
2018.01.30 10:37:56.949,0.17238,0.17263,0.04,0.26
2018.01.30 10:38:09.053,0.17237,0.17262,0.04,0.31
2018.01.30 10:38:09.661,0.17238,0.17263,0.04,0.29
2018.01.30 10:38:10.365,0.17237,0.17262,0.04,0.45
2018.01.30 10:38:44.563,0.17241,0.17265,0.04,0.35
2018.01.30 10:38:45.550,0.17237,0.17262,0.04,0.13
2018.01.30 10:38:45.671,0.17237,0.17261,0.04,0.34
2018.01.30 10:39:11.273,0.17236,0.17261,0.04,0.36
2018.01.30 10:39:45.789,0.17236,0.1726,0.03,0.35
2018.01.30 10:39:46.318,0.17236,0.17261,0.03,0.33
2018.01.30 10:39:56.050,0.17236,0.1726,0.03,0.04
2018.01.30 10:39:56.736,0.17236,0.17261,0.03,0.34
2018.01.30 10:40:06.877,0.17236,0.1726,0.03,0.28
2018.01.30 10:40:08.332,0.17236,0.17261,0.03,0.27
2018.01.30 10:40:09.480,0.17236,0.1726,0.03,0.23
2018.01.30 10:40:10.601,0.17236,0.17261,0.03,0.42
2018.01.30 10:40:11.217,0.17236,0.1726,0.03,0.32
2018.01.30 10:40:11.942,0.17236,0.17261,0.03,0.38
2018.01.30 10:40:12.966,0.17236,0.1726,0.03,0.36
2018.01.30 10:40:13.508,0.17236,0.17261,0.03,0.30
2018.01.30 10:40:17.448,0.17236,0.1726,0.03,0.21
2018.01.30 10:40:18.057,0.17236,0.17261,0.03,0.28
2018.01.30 10:40:21.330,0.17236,0.17262,0.34,0.10
2018.01.30 10:40:21.380,0.17241,0.17265,0.04,0.04
2018.01.30 10:40:21.688,0.17243,0.17267,0.04,0.38
2018.01.30 10:40:24.710,0.17242,0.17265,0.03,0.34
2018.01.30 10:40:24.761,0.17238,0.17263,0.04,0.25
2018.01.30 10:40:24.862,0.17238,0.17261,0.04,0.27
2018.01.30 10:40:31.468,0.17236,0.17261,0.04,0.13
2018.01.30 10:41:06.616,0.1724,0.17265,0.04,0.40
2018.01.30 10:41:06.717,0.17238,0.17264,0.04,0.44
2018.01.30 10:41:07.114,0.1724,0.17263,0.04,0.37
2018.01.30 10:41:07.209,0.1724,0.17263,0.04,0.37
2018.01.30 10:41:08.617,0.1724,0.17265,0.08,0.04
2018.01.30 10:42:00.143,0.1724,0.17266,0.22,0.33
2018.01.30 10:42:07.280,0.1724,0.1727,0.22,0.03
2018.01.30 10:42:11.676,0.1724,0.17265,0.03,0.37
2018.01.30 10:42:11.726,0.17237,0.17263,0.33,0.09
2018.01.30 10:42:13.476,0.17236,0.17262,0.27,0.37
2018.01.30 10:42:36.082,0.17237,0.17261,0.04,0.24
2018.01.30 10:42:36.895,0.17236,0.17261,0.08,0.04
2018.01.30 10:42:37.650,0.17237,0.17262,0.04,0.27
2018.01.30 10:42:40.423,0.17236,0.17261,0.04,0.37
2018.01.30 10:42:45.127,0.17237,0.17261,0.04,0.37
2018.01.30 10:42:49.140,0.17236,0.17261,0.04,0.37
2018.01.30 10:42:49.420,0.17235,0.17261,0.55,0.37
2018.01.30 10:42:49.854,0.17236,0.17261,0.04,0.33
2018.01.30 10:42:52.885,0.17237,0.17261,0.04,0.09
2018.01.30 10:42:53.435,0.17236,0.17261,0.04,0.40
2018.01.30 10:43:11.773,0.17235,0.17261,0.41,0.18
2018.01.30 10:43:33.569,0.17236,0.17262,0.35,0.39
2018.01.30 10:43:33.816,0.1724,0.17265,0.04,0.16
2018.01.30 10:44:11.078,0.17236,0.17262,0.44,0.33
2018.01.30 10:44:15.435,0.17237,0.17263,0.22,0.27
2018.01.30 10:44:17.063,0.17236,0.17261,0.08,0.04
2018.01.30 10:44:17.580,0.17237,0.17261,0.04,0.15
2018.01.30 10:44:23.581,0.17236,0.17262,0.13,0.34
2018.01.30 10:44:23.741,0.1724,0.17266,0.36,0.29
2018.01.30 10:44:24.567,0.17236,0.17262,0.32,0.18
2018.01.30 10:44:27.145,0.17238,0.17264,0.17,0.33
2018.01.30 10:44:27.195,0.17239,0.17265,0.17,0.41
2018.01.30 10:44:27.246,0.17239,0.17264,0.04,0.33
2018.01.30 10:44:27.297,0.17239,0.17264,0.04,0.33
2018.01.30 10:44:35.978,0.1724,0.17264,0.01,0.29
2018.01.30 10:44:36.079,0.17236,0.17262,0.37,0.22
2018.01.30 10:44:50.888,0.17235,0.17261,0.05,0.30
2018.01.30 10:44:50.939,0.17236,0.1726,0.04,0.10
2018.01.30 10:45:01.035,0.17236,0.17261,0.04,0.34
2018.01.30 10:45:02.303,0.17243,0.17264,0.01,0.31
2018.01.30 10:45:02.391,0.17239,0.17264,0.04,0.32
2018.01.30 10:45:02.623,0.1724,0.17265,0.04,0.32
2018.01.30 10:45:04.069,0.17241,0.17265,0.04,0.32
2018.01.30 10:45:28.819,0.1724,0.17265,0.04,0.22
2018.01.30 10:45:51.469,0.17244,0.1727,0.43,0.36
2018.01.30 10:45:51.551,0.17244,0.1727,0.43,0.36
2018.01.30 10:45:52.325,0.17245,0.17271,0.08,0.33
2018.01.30 10:45:54.073,0.17245,0.17271,0.05,0.39
2018.01.30 10:45:54.680,0.17245,0.17271,0.08,0.40
2018.01.30 10:46:00.179,0.17244,0.1727,0.47,0.13
2018.01.30 10:46:03.675,0.17245,0.1727,0.04,0.13
2018.01.30 10:46:03.776,0.17243,0.17269,0.32,0.11
2018.01.30 10:46:03.970,0.17243,0.17269,0.05,0.33
2018.01.30 10:46:06.221,0.17242,0.17267,0.05,0.04
2018.01.30 10:46:06.322,0.1724,0.17265,0.04,0.24
2018.01.30 10:46:16.061,0.17244,0.1727,0.40,0.42
2018.01.30 10:46:16.163,0.17245,0.17271,0.31,0.41
2018.01.30 10:46:24.962,0.17246,0.17271,0.04,0.33
2018.01.30 10:46:31.957,0.17245,0.17271,0.18,0.33
2018.01.30 10:47:16.283,0.17245,0.1727,0.04,0.04
2018.01.30 10:47:30.056,0.17245,0.17271,0.29,0.31
2018.01.30 10:47:37.452,0.17245,0.17271,0.26,0.40
2018.01.30 10:47:37.604,0.17248,0.1727,0.04,0.01
2018.01.30 10:47:37.989,0.17246,0.17272,0.24,0.30
2018.01.30 10:47:39.970,0.17245,0.17271,0.40,0.21
2018.01.30 10:47:47.835,0.1725,0.17275,0.05,0.04
2018.01.30 10:47:48.471,0.1725,0.17275,0.08,0.04
2018.01.30 10:47:50.936,0.17253,0.17275,0.01,0.45
2018.01.30 10:48:17.099,0.1725,0.17276,0.18,0.35
2018.01.30 10:48:30.545,0.17257,0.17273,0.01,0.08
2018.01.30 10:48:30.596,0.17252,0.17278,0.36,0.28
2018.01.30 10:48:30.696,0.17252,0.17278,0.17,0.36
2018.01.30 10:48:30.923,0.17255,0.17281,0.13,0.36
2018.01.30 10:48:31.531,0.17254,0.1728,0.34,0.30
2018.01.30 10:48:36.979,0.17251,0.17275,0.04,0.14
2018.01.30 10:48:41.513,0.1725,0.17276,0.14,0.35
2018.01.30 10:48:47.381,0.17251,0.17276,0.04,0.34
2018.01.30 10:48:47.960,0.1725,0.17276,0.14,0.36
2018.01.30 10:49:03.728,0.17253,0.17275,0.01,0.24
2018.01.30 10:49:03.779,0.17247,0.17273,0.24,0.34
2018.01.30 10:49:03.901,0.17245,0.17271,0.37,0.38
2018.01.30 10:49:08.238,0.17248,0.1727,0.01,0.24
2018.01.30 10:49:13.461,0.17245,0.17268,0.01,0.34
2018.01.30 10:49:13.562,0.17241,0.17266,0.04,0.27
2018.01.30 10:49:14.154,0.1724,0.17266,0.16,0.27
2018.01.30 10:49:30.091,0.17243,0.17265,0.01,0.31
2018.01.30 10:49:53.396,0.1724,0.17265,0.04,0.17
2018.01.30 10:50:13.762,0.1724,0.17265,0.03,0.24
2018.01.30 10:50:19.025,0.1724,0.17264,0.03,0.28
2018.01.30 10:50:19.513,0.17237,0.17263,0.05,0.29
2018.01.30 10:50:20.035,0.17235,0.17261,0.41,0.28
2018.01.30 10:50:27.519,0.17239,0.17265,0.28,0.37
2018.01.30 10:50:27.619,0.1724,0.17266,0.19,0.33
2018.01.30 10:50:31.350,0.17239,0.17265,0.28,0.35
2018.01.30 10:50:31.917,0.17235,0.1726,0.04,0.18
2018.01.30 10:50:40.527,0.17234,0.1726,0.26,0.33
2018.01.30 10:50:40.636,0.17235,0.1726,0.04,0.34
2018.01.30 10:50:46.381,0.17235,0.17261,0.37,0.23
2018.01.30 10:50:52.285,0.17233,0.17258,0.05,0.04
2018.01.30 10:51:00.071,0.17234,0.17264,0.04,0.04
2018.01.30 10:51:11.733,0.17244,0.17265,0.01,0.31
2018.01.30 10:51:12.289,0.1724,0.17265,0.04,0.37
2018.01.30 10:51:15.247,0.17237,0.17262,0.04,0.05
2018.01.30 10:51:15.632,0.17236,0.17262,0.13,0.36
2018.01.30 10:51:19.642,0.17238,0.17263,0.04,0.23
2018.01.30 10:51:21.130,0.17241,0.17263,0.01,0.36
2018.01.30 10:51:35.109,0.17238,0.17264,0.31,0.17
2018.01.30 10:51:35.485,0.17238,0.17264,0.30,0.18
2018.01.30 10:51:36.147,0.17241,0.17262,0.01,0.16
2018.01.30 10:51:41.879,0.1724,0.17266,0.12,0.33
2018.01.30 10:51:42.220,0.17241,0.17266,0.04,0.38
2018.01.30 10:51:57.974,0.17238,0.17262,0.20,0.01
2018.01.30 10:51:58.343,0.17236,0.17261,0.04,0.12
2018.01.30 10:52:00.766,0.17239,0.1727,0.04,0.04
2018.01.30 10:52:01.376,0.1724,0.17266,0.38,0.36
2018.01.30 10:52:09.588,0.1724,0.17265,0.05,0.04
2018.01.30 10:52:09.926,0.17236,0.17262,0.39,0.28
2018.01.30 10:52:11.585,0.17244,0.17265,0.01,0.16
2018.01.30 10:52:12.073,0.1724,0.17266,0.37,0.33
2018.01.30 10:52:12.778,0.17238,0.17262,0.36,0.01
2018.01.30 10:52:13.394,0.17236,0.17261,0.04,0.19
2018.01.30 10:52:19.336,0.1724,0.17264,0.03,0.19
2018.01.30 10:52:19.665,0.1724,0.17266,0.30,0.37
2018.01.30 10:52:22.952,0.17239,0.17265,0.25,0.32
2018.01.30 10:52:24.267,0.17239,0.17265,0.25,0.32
2018.01.30 10:52:26.805,0.17239,0.17265,0.14,0.37
2018.01.30 10:52:27.330,0.1724,0.17265,0.04,0.30
2018.01.30 10:52:28.215,0.17237,0.17263,0.07,0.28
2018.01.30 10:53:28.260,0.17237,0.17266,0.04,0.03
2018.01.30 10:53:39.613,0.17237,0.17261,0.03,0.09
2018.01.30 10:53:42.357,0.17237,0.17262,0.03,0.36
2018.01.30 10:53:47.898,0.17237,0.17261,0.03,0.04
2018.01.30 10:53:49.025,0.17237,0.17262,0.03,0.34
2018.01.30 10:53:52.550,0.17237,0.17261,0.03,0.04
2018.01.30 10:53:55.937,0.17238,0.17264,0.28,0.32
2018.01.30 10:53:56.369,0.17237,0.17261,0.03,0.04
2018.01.30 10:53:58.195,0.17237,0.17262,0.03,0.18
2018.01.30 10:54:00.251,0.1724,0.17265,0.04,0.38
2018.01.30 10:54:00.352,0.1724,0.17266,0.14,0.30
2018.01.30 10:54:37.905,0.17241,0.17267,0.17,0.28
2018.01.30 10:54:38.246,0.17238,0.17262,0.04,0.29
2018.01.30 10:54:38.911,0.17236,0.17262,0.12,0.29
2018.01.30 10:54:51.407,0.1724,0.17265,0.04,0.16
2018.01.30 10:54:51.508,0.1724,0.17266,0.26,0.39
2018.01.30 10:55:32.159,0.17245,0.17271,0.43,0.23
2018.01.30 10:55:49.574,0.17245,0.17271,0.31,0.12
2018.01.30 10:56:11.416,0.1724,0.17266,0.36,0.30
2018.01.30 10:56:11.983,0.17237,0.17262,0.05,0.04
2018.01.30 10:56:13.415,0.17233,0.17258,0.04,0.13
2018.01.30 10:56:13.516,0.17234,0.1726,0.20,0.32
2018.01.30 10:56:14.110,0.17233,0.17259,0.38,0.28
2018.01.30 10:56:14.380,0.17231,0.17257,0.21,0.33
2018.01.30 10:56:14.879,0.1723,0.17256,0.22,0.24
2018.01.30 10:56:15.320,0.17231,0.17257,0.32,0.25
2018.01.30 10:56:21.203,0.17229,0.17255,0.31,0.36
2018.01.30 10:56:23.687,0.1723,0.17256,0.18,0.43
2018.01.30 10:56:23.879,0.17228,0.17249,0.04,0.01
2018.01.30 10:56:31.213,0.17224,0.1725,0.12,0.27
2018.01.30 10:56:32.953,0.17224,0.1725,0.12,0.27
2018.01.30 10:56:33.054,0.17224,0.1725,0.31,0.09
2018.01.30 10:56:44.792,0.17222,0.17248,0.05,0.15
2018.01.30 10:56:46.225,0.17223,0.17249,0.25,0.30
2018.01.30 10:56:46.545,0.17222,0.17248,0.33,0.25
2018.01.30 10:56:48.295,0.17225,0.17251,0.32,0.37
2018.01.30 10:56:48.396,0.17226,0.17252,0.39,0.37
2018.01.30 10:56:48.763,0.17227,0.17253,0.30,0.13
2018.01.30 10:56:49.146,0.17227,0.17253,0.30,0.13
2018.01.30 10:57:00.074,0.17227,0.17252,0.04,0.31
2018.01.30 10:57:03.683,0.17231,0.17252,0.01,0.30
2018.01.30 10:57:10.145,0.17224,0.1725,0.13,0.32
2018.01.30 10:57:12.321,0.17226,0.17247,0.01,0.34
2018.01.30 10:57:15.738,0.17222,0.17248,0.35,0.26
2018.01.30 10:57:16.347,0.17226,0.17247,0.01,0.34
2018.01.30 10:57:20.209,0.17222,0.17248,0.43,0.22
2018.01.30 10:57:20.511,0.17226,0.17251,0.04,0.34
2018.01.30 10:57:20.561,0.17226,0.17252,0.32,0.32
2018.01.30 10:57:22.459,0.17222,0.17248,0.38,0.39
2018.01.30 10:57:23.130,0.17226,0.17248,0.01,0.39
2018.01.30 10:57:27.083,0.17226,0.1725,0.04,0.09
2018.01.30 10:57:43.603,0.17226,0.17248,0.01,0.25
2018.01.30 10:57:44.139,0.17224,0.1725,0.15,0.33
2018.01.30 10:57:48.172,0.17224,0.17249,0.04,0.28
2018.01.30 10:57:48.784,0.17226,0.17248,0.01,0.43
2018.01.30 10:57:49.287,0.17225,0.17248,0.04,0.42
2018.01.30 10:57:49.406,0.17226,0.17249,0.04,0.33
2018.01.30 10:57:49.457,0.17226,0.17252,0.28,0.25
2018.01.30 10:58:21.617,0.17223,0.17249,0.05,0.30
2018.01.30 10:58:21.967,0.17225,0.17249,0.04,0.15
2018.01.30 10:58:24.374,0.17226,0.17248,0.01,0.25
2018.01.30 10:58:24.678,0.17222,0.17248,0.31,0.38
2018.01.30 10:58:25.053,0.17221,0.17247,0.39,0.39
2018.01.30 10:59:03.260,0.17216,0.17242,0.40,0.24
2018.01.30 10:59:03.576,0.17216,0.17241,0.04,0.32
2018.01.30 10:59:15.555,0.17214,0.17238,0.04,0.10
2018.01.30 10:59:15.766,0.17214,0.1724,0.25,0.37
2018.01.30 10:59:17.333,0.17211,0.17237,0.05,0.35
2018.01.30 10:59:18.020,0.17214,0.17237,0.04,0.33
2018.01.30 10:59:18.071,0.17214,0.17239,0.40,0.01
2018.01.30 10:59:18.122,0.17214,0.1724,0.40,0.18
2018.01.30 10:59:18.599,0.17213,0.17239,0.05,0.25
2018.01.30 10:59:18.989,0.17215,0.17241,0.30,0.24
2018.01.30 10:59:46.387,0.17213,0.17237,0.04,0.01
2018.01.30 10:59:46.696,0.1721,0.17236,0.43,0.30
2018.01.30 10:59:50.137,0.17214,0.1724,0.40,0.18
2018.01.30 10:59:50.450,0.17215,0.17241,0.20,0.32
2018.01.30 10:59:55.695,0.17215,0.17241,0.16,0.33
2018.01.30 10:59:55.746,0.17213,0.17239,0.22,0.36
2018.01.30 10:59:56.542,0.17213,0.17239,0.32,0.31
