2013.08.22 22:00:01.829,0.23141,0.23198,0.01,0.01
2013.08.22 22:00:02.375,0.23143,0.232,0.01,0.01
2013.08.22 22:00:10.327,0.23144,0.23202,0.01,0.01
2013.08.22 22:00:10.508,0.23149,0.23206,0.01,0.01
2013.08.22 22:00:22.426,0.23152,0.23212,0.01,0.01
2013.08.22 22:00:23.165,0.23154,0.23212,0.01,0.01
2013.08.22 22:00:24.957,0.2316,0.23218,0.01,0.01
2013.08.22 22:00:25.416,0.23157,0.23218,0.01,0.01
2013.08.22 22:00:25.706,0.23157,0.23215,0.01,0.01
2013.08.22 22:00:26.245,0.23155,0.23213,0.01,0.01
2013.08.22 22:00:29.897,0.23167,0.23213,0.02,0.00
2013.08.22 22:00:31.918,0.23169,0.23213,0.02,0.00
2013.08.22 22:00:32.037,0.23167,0.23213,0.02,0.00
2013.08.22 22:00:34.437,0.23167,0.23211,0.02,0.00
2013.08.22 22:00:36.927,0.23167,0.23208,0.02,0.00
2013.08.22 22:00:36.987,0.23165,0.23208,0.02,0.00
2013.08.22 22:00:37.377,0.23168,0.23213,0.02,0.00
2013.08.22 22:00:39.367,0.23168,0.23215,0.02,0.00
2013.08.22 22:00:40.194,0.23167,0.23215,0.02,0.00
2013.08.22 22:00:40.677,0.23167,0.23212,0.02,0.00
2013.08.22 22:00:43.404,0.23167,0.2321,0.02,0.00
2013.08.22 22:00:45.297,0.23168,0.23214,0.02,0.00
2013.08.22 22:00:45.390,0.23171,0.23214,0.02,0.00
2013.08.22 22:00:53.348,0.2317,0.23214,0.02,0.00
2013.08.22 22:00:54.927,0.23163,0.23214,0.02,0.00
2013.08.22 22:00:55.647,0.23165,0.23214,0.02,0.00
2013.08.22 22:00:56.193,0.23166,0.23214,0.02,0.00
2013.08.22 22:00:56.627,0.23177,0.23218,0.00,0.02
2013.08.22 22:00:56.747,0.23186,0.23235,0.02,0.00
2013.08.22 22:00:57.148,0.23186,0.23224,0.02,0.00
2013.08.22 22:00:57.267,0.23184,0.23224,0.02,0.00
2013.08.22 22:00:57.387,0.23181,0.23224,0.02,0.00
2013.08.22 22:00:58.597,0.23179,0.23224,0.03,0.00
2013.08.22 22:00:59.467,0.23178,0.23224,0.02,0.02
2013.08.22 22:00:59.657,0.23173,0.23224,0.02,0.02
2013.08.22 22:01:00.202,0.23172,0.23224,0.02,0.03
2013.08.22 22:01:03.678,0.23173,0.23224,0.02,0.02
2013.08.22 22:01:04.618,0.23171,0.23223,0.03,0.02
2013.08.22 22:01:07.344,0.23171,0.23222,0.00,0.02
2013.08.22 22:01:08.715,0.2317,0.23222,0.02,0.02
2013.08.22 22:01:08.767,0.2317,0.23219,0.02,0.00
2013.08.22 22:01:14.503,0.23171,0.23219,0.02,0.00
2013.08.22 22:01:18.367,0.23171,0.23223,0.02,0.02
2013.08.22 22:01:23.327,0.23173,0.23224,0.02,0.02
2013.08.22 22:01:23.657,0.2317,0.23219,0.02,0.02
2013.08.22 22:01:25.680,0.23171,0.23219,0.02,0.02
2013.08.22 22:01:26.767,0.2317,0.23219,0.02,0.02
2013.08.22 22:01:28.176,0.2317,0.23214,0.02,0.00
2013.08.22 22:01:29.067,0.23169,0.23214,0.02,0.02
2013.08.22 22:01:29.417,0.23167,0.23214,0.02,0.02
2013.08.22 22:01:31.107,0.23169,0.23214,0.02,0.02
2013.08.22 22:01:42.537,0.23167,0.23214,0.02,0.02
2013.08.22 22:01:44.877,0.23169,0.23214,0.02,0.02
2013.08.22 22:01:47.555,0.2317,0.23214,0.02,0.02
2013.08.22 22:01:58.787,0.23172,0.23214,0.02,0.02
2013.08.22 22:02:02.659,0.23174,0.23214,0.02,0.02
2013.08.22 22:02:03.827,0.23169,0.23214,0.03,0.02
2013.08.22 22:02:05.837,0.23172,0.23214,0.02,0.02
2013.08.22 22:02:06.838,0.23174,0.23219,0.01,0.03
2013.08.22 22:02:07.030,0.23178,0.23219,0.02,0.00
2013.08.22 22:02:27.915,0.23177,0.23219,0.02,0.01
2013.08.22 22:02:31.104,0.23179,0.23219,0.02,0.01
2013.08.22 22:02:32.758,0.23177,0.23219,0.02,0.02
2013.08.22 22:02:43.002,0.23176,0.23219,0.02,0.01
2013.08.22 22:02:45.987,0.23178,0.23219,0.02,0.01
2013.08.22 22:02:51.317,0.23176,0.23219,0.02,0.01
2013.08.22 22:03:11.908,0.23175,0.23219,0.02,0.02
2013.08.22 22:03:20.203,0.23176,0.23219,0.02,0.02
2013.08.22 22:03:36.864,0.23175,0.23219,0.02,0.02
2013.08.22 22:03:55.614,0.23176,0.23219,0.02,0.02
2013.08.22 22:03:55.835,0.23178,0.23219,0.02,0.01
2013.08.22 22:03:56.869,0.23176,0.23219,0.02,0.01
2013.08.22 22:04:14.738,0.23178,0.23225,0.02,0.03
2013.08.22 22:04:15.708,0.23176,0.23224,0.02,0.03
2013.08.22 22:04:19.474,0.23176,0.23224,0.02,0.03
2013.08.22 22:04:19.588,0.23178,0.23226,0.02,0.03
2013.08.22 22:04:19.953,0.23181,0.23229,0.02,0.03
2013.08.22 22:04:20.608,0.23183,0.2323,0.02,0.03
2013.08.22 22:04:22.006,0.23183,0.2323,0.02,0.03
2013.08.22 22:04:22.409,0.23186,0.23233,0.02,0.03
2013.08.22 22:04:27.978,0.23187,0.23234,0.02,0.03
2013.08.22 22:04:28.958,0.23188,0.23236,0.02,0.03
2013.08.22 22:04:29.396,0.2319,0.23238,0.02,0.03
2013.08.22 22:04:29.558,0.23186,0.23234,0.02,0.03
2013.08.22 22:04:40.423,0.23188,0.23235,0.02,0.03
2013.08.22 22:04:41.842,0.23182,0.2323,0.02,0.03
2013.08.22 22:04:43.892,0.23186,0.23234,0.02,0.03
2013.08.22 22:04:47.508,0.23183,0.23231,0.02,0.03
2013.08.22 22:04:48.095,0.23182,0.2323,0.02,0.03
2013.08.22 22:04:53.810,0.23184,0.23231,0.02,0.03
2013.08.22 22:04:55.819,0.23182,0.2323,0.02,0.03
2013.08.22 22:04:59.258,0.23181,0.23228,0.02,0.03
2013.08.22 22:05:00.322,0.2318,0.23227,0.02,0.03
2013.08.22 22:05:01.558,0.2318,0.23224,0.02,0.02
2013.08.22 22:05:01.678,0.23178,0.23224,0.02,0.02
2013.08.22 22:05:04.760,0.23177,0.23224,0.02,0.02
2013.08.22 22:05:18.554,0.23176,0.23219,0.02,0.02
2013.08.22 22:05:20.228,0.23177,0.23224,0.02,0.02
2013.08.22 22:05:22.845,0.23175,0.23219,0.02,0.02
2013.08.22 22:05:22.910,0.23177,0.23225,0.03,0.03
2013.08.22 22:05:23.067,0.23181,0.23229,0.02,0.04
2013.08.22 22:05:23.768,0.23178,0.23224,0.02,0.02
2013.08.22 22:05:25.738,0.23179,0.23227,0.02,0.03
2013.08.22 22:05:27.490,0.23181,0.23229,0.02,0.04
2013.08.22 22:05:33.369,0.23181,0.23219,0.02,0.02
2013.08.22 22:05:33.578,0.23176,0.23219,0.02,0.02
2013.08.22 22:05:38.528,0.23178,0.23224,0.02,0.02
2013.08.22 22:05:39.335,0.23179,0.23224,0.02,0.02
2013.08.22 22:05:39.728,0.23179,0.23227,0.02,0.03
2013.08.22 22:05:40.726,0.23177,0.23224,0.02,0.02
2013.08.22 22:05:48.411,0.23177,0.23219,0.02,0.02
2013.08.22 22:05:48.468,0.23175,0.23219,0.02,0.02
2013.08.22 22:06:04.350,0.23175,0.23219,0.02,0.03
2013.08.22 22:06:04.409,0.23173,0.23219,0.02,0.03
2013.08.22 22:06:08.749,0.23171,0.23219,0.02,0.05
2013.08.22 22:06:09.731,0.23169,0.23217,0.02,0.03
2013.08.22 22:06:10.821,0.23171,0.23218,0.02,0.03
2013.08.22 22:06:14.744,0.23172,0.23219,0.02,0.03
2013.08.22 22:06:20.108,0.2317,0.23214,0.02,0.02
2013.08.22 22:06:20.199,0.23168,0.23214,0.02,0.02
2013.08.22 22:06:24.298,0.2317,0.23217,0.02,0.03
2013.08.22 22:06:31.236,0.23171,0.23219,0.02,0.03
2013.08.22 22:06:31.569,0.23168,0.23214,0.02,0.02
2013.08.22 22:06:31.730,0.23168,0.23215,0.02,0.03
2013.08.22 22:06:31.848,0.2317,0.23217,0.02,0.03
2013.08.22 22:06:32.455,0.23167,0.23214,0.02,0.02
2013.08.22 22:06:32.623,0.23167,0.23214,0.02,0.02
2013.08.22 22:06:32.776,0.23169,0.23214,0.02,0.02
2013.08.22 22:06:34.668,0.23171,0.23219,0.02,0.03
2013.08.22 22:06:40.658,0.23171,0.23219,0.02,0.03
2013.08.22 22:06:40.763,0.23168,0.23216,0.02,0.03
2013.08.22 22:06:41.295,0.23167,0.23215,0.02,0.03
2013.08.22 22:06:48.190,0.23167,0.23215,0.02,0.03
2013.08.22 22:06:48.248,0.23169,0.23217,0.02,0.03
2013.08.22 22:06:48.607,0.23172,0.23219,0.02,0.03
2013.08.22 22:06:49.868,0.23169,0.23214,0.02,0.02
2013.08.22 22:06:50.592,0.23169,0.23216,0.02,0.02
2013.08.22 22:06:50.648,0.2317,0.23218,0.02,0.02
2013.08.22 22:06:50.859,0.23173,0.23221,0.02,0.03
2013.08.22 22:06:57.080,0.23173,0.23219,0.02,0.02
2013.08.22 22:06:57.198,0.23173,0.23221,0.02,0.03
2013.08.22 22:06:57.259,0.23171,0.23218,0.02,0.02
2013.08.22 22:06:57.378,0.23173,0.23221,0.02,0.03
2013.08.22 22:06:58.869,0.23174,0.23221,0.02,0.03
2013.08.22 22:06:59.988,0.23172,0.2322,0.02,0.03
2013.08.22 22:07:00.876,0.23172,0.23219,0.02,0.02
2013.08.22 22:07:01.385,0.23171,0.23219,0.02,0.03
2013.08.22 22:07:02.813,0.23171,0.23219,0.02,0.03
2013.08.22 22:07:03.485,0.23172,0.2322,0.02,0.03
2013.08.22 22:07:04.078,0.23174,0.23221,0.02,0.03
2013.08.22 22:07:07.018,0.23172,0.2322,0.02,0.03
2013.08.22 22:07:07.977,0.23173,0.23221,0.02,0.03
2013.08.22 22:07:18.125,0.23172,0.2322,0.02,0.03
2013.08.22 22:07:20.149,0.23173,0.23221,0.02,0.03
2013.08.22 22:07:22.109,0.23174,0.23222,0.02,0.03
2013.08.22 22:07:22.848,0.23174,0.23222,0.02,0.02
2013.08.22 22:07:23.161,0.23176,0.23224,0.02,0.03
2013.08.22 22:07:25.031,0.23176,0.23219,0.02,0.02
2013.08.22 22:07:25.148,0.23174,0.23219,0.02,0.02
2013.08.22 22:07:25.268,0.23172,0.23219,0.02,0.02
2013.08.22 22:07:27.860,0.23172,0.2322,0.02,0.02
2013.08.22 22:07:28.072,0.23176,0.23224,0.02,0.03
2013.08.22 22:07:28.584,0.23179,0.23226,0.02,0.03
2013.08.22 22:07:29.170,0.23179,0.23224,0.02,0.03
2013.08.22 22:07:29.230,0.23173,0.23221,0.02,0.03
2013.08.22 22:07:33.943,0.23173,0.23221,0.02,0.02
2013.08.22 22:07:34.099,0.23177,0.23224,0.02,0.03
2013.08.22 22:07:34.652,0.23178,0.23226,0.02,0.03
2013.08.22 22:07:39.240,0.23179,0.23227,0.02,0.03
2013.08.22 22:07:52.528,0.23177,0.23224,0.02,0.02
2013.08.22 22:07:54.854,0.23177,0.23224,0.02,0.02
2013.08.22 22:07:55.457,0.23176,0.23224,0.02,0.04
2013.08.22 22:08:06.370,0.23175,0.23222,0.02,0.03
2013.08.22 22:08:10.721,0.23175,0.23222,0.02,0.03
2013.08.22 22:08:11.065,0.23173,0.23221,0.02,0.03
2013.08.22 22:08:14.272,0.23172,0.2322,0.02,0.03
2013.08.22 22:08:14.944,0.23171,0.23219,0.02,0.03
2013.08.22 22:08:32.228,0.23174,0.23222,0.02,0.03
2013.08.22 22:08:46.417,0.23173,0.23221,0.02,0.03
2013.08.22 22:09:06.858,0.23174,0.23221,0.02,0.03
2013.08.22 22:09:41.639,0.23172,0.2322,0.02,0.03
2013.08.22 22:09:41.759,0.2317,0.23218,0.02,0.03
2013.08.22 22:09:41.829,0.23172,0.2322,0.02,0.03
2013.08.22 22:09:42.149,0.23175,0.23223,0.02,0.03
2013.08.22 22:09:51.319,0.23174,0.23221,0.02,0.03
2013.08.22 22:09:51.769,0.23177,0.23224,0.02,0.03
2013.08.22 22:09:56.759,0.23175,0.23214,0.02,0.02
2013.08.22 22:09:59.678,0.23175,0.23222,0.02,0.02
2013.08.22 22:09:59.799,0.23176,0.23224,0.02,0.03
2013.08.22 22:09:59.975,0.23182,0.23229,0.02,0.04
2013.08.22 22:10:07.660,0.23182,0.23229,0.02,0.05
2013.08.22 22:10:07.814,0.2318,0.23228,0.02,0.03
2013.08.22 22:10:08.563,0.2318,0.23224,0.02,0.02
2013.08.22 22:10:08.750,0.23177,0.23224,0.02,0.03
2013.08.22 22:10:09.529,0.23177,0.23224,0.02,0.03
2013.08.22 22:10:09.900,0.23179,0.23227,0.02,0.03
2013.08.22 22:10:29.849,0.2318,0.23227,0.02,0.03
2013.08.22 22:11:17.980,0.2318,0.23227,0.02,0.03
2013.08.22 22:11:18.754,0.23181,0.23229,0.02,0.05
2013.08.22 22:11:23.599,0.23182,0.23229,0.02,0.03
2013.08.22 22:11:23.659,0.23182,0.23229,0.02,0.02
2013.08.22 22:11:24.435,0.23183,0.23229,0.02,0.02
2013.08.22 22:11:25.239,0.23185,0.23229,0.02,0.02
2013.08.22 22:11:27.239,0.23183,0.23229,0.02,0.02
2013.08.22 22:11:32.849,0.23183,0.23229,0.02,0.02
2013.08.22 22:11:33.454,0.23182,0.23229,0.02,0.02
2013.08.22 22:11:44.040,0.23182,0.2323,0.03,0.03
2013.08.22 22:11:44.159,0.23182,0.2323,0.03,0.03
2013.08.22 22:11:44.339,0.23185,0.23233,0.02,0.03
2013.08.22 22:11:44.866,0.23186,0.23234,0.02,0.03
2013.08.22 22:11:45.633,0.23185,0.23233,0.02,0.03
2013.08.22 22:11:46.909,0.23183,0.23229,0.02,0.02
2013.08.22 22:11:47.475,0.23182,0.23229,0.02,0.02
2013.08.22 22:11:49.109,0.23182,0.23224,0.02,0.02
2013.08.22 22:11:49.649,0.23181,0.23224,0.02,0.02
2013.08.22 22:11:49.758,0.23179,0.23224,0.03,0.02
2013.08.22 22:11:50.209,0.23179,0.23224,0.02,0.02
2013.08.22 22:11:50.329,0.23176,0.23224,0.02,0.04
2013.08.22 22:11:50.975,0.23175,0.23223,0.02,0.03
2013.08.22 22:11:56.489,0.23178,0.23226,0.02,0.03
2013.08.22 22:11:56.909,0.23181,0.23229,0.02,0.04
2013.08.22 22:11:56.971,0.23181,0.23229,0.03,0.02
2013.08.22 22:11:57.043,0.23184,0.23232,0.03,0.02
2013.08.22 22:11:57.116,0.23187,0.23234,0.02,0.02
2013.08.22 22:11:57.489,0.23189,0.23234,0.02,0.02
2013.08.22 22:11:58.009,0.2319,0.23224,0.02,0.02
2013.08.22 22:11:58.069,0.23187,0.23224,0.02,0.02
2013.08.22 22:11:58.129,0.23181,0.23224,0.02,0.02
2013.08.22 22:11:58.660,0.23177,0.23224,0.02,0.02
2013.08.22 22:12:01.219,0.23177,0.23224,0.02,0.02
2013.08.22 22:12:02.810,0.23178,0.23224,0.02,0.02
2013.08.22 22:12:07.470,0.23178,0.23224,0.02,0.02
2013.08.22 22:12:08.869,0.2318,0.23224,0.02,0.02
2013.08.22 22:12:12.262,0.23182,0.23224,0.02,0.02
2013.08.22 22:12:32.989,0.23181,0.23224,0.02,0.02
2013.08.22 22:12:53.812,0.23182,0.23224,0.02,0.02
2013.08.22 22:12:57.429,0.23184,0.23224,0.02,0.02
2013.08.22 22:13:22.625,0.23184,0.23231,0.02,0.03
2013.08.22 22:13:22.905,0.23187,0.23234,0.02,0.02
2013.08.22 22:13:25.934,0.23186,0.23229,0.02,0.02
2013.08.22 22:13:54.330,0.23188,0.23234,0.02,0.02
2013.08.22 22:13:57.119,0.23188,0.23234,0.02,0.02
2013.08.22 22:13:59.999,0.23189,0.23234,0.02,0.02
2013.08.22 22:14:00.439,0.23189,0.23234,0.02,0.02
2013.08.22 22:14:00.949,0.23188,0.23234,0.02,0.02
2013.08.22 22:14:03.069,0.23188,0.23234,0.02,0.02
2013.08.22 22:14:03.129,0.23191,0.23234,0.02,0.02
2013.08.22 22:14:05.446,0.23191,0.23234,0.02,0.02
2013.08.22 22:14:05.971,0.2319,0.23234,0.02,0.02
2013.08.22 22:14:06.160,0.23188,0.23234,0.02,0.02
2013.08.22 22:14:08.998,0.23189,0.23234,0.02,0.02
2013.08.22 22:14:13.119,0.23188,0.23234,0.02,0.02
2013.08.22 22:14:17.631,0.23188,0.23234,0.02,0.02
2013.08.22 22:14:17.809,0.23191,0.23234,0.02,0.02
2013.08.22 22:14:22.990,0.2319,0.23234,0.02,0.02
2013.08.22 22:14:24.940,0.23191,0.23234,0.02,0.02
2013.08.22 22:14:28.439,0.2319,0.23234,0.02,0.02
2013.08.22 22:14:30.608,0.23191,0.23234,0.02,0.02
2013.08.22 22:14:32.020,0.23191,0.23234,0.02,0.03
2013.08.22 22:14:32.139,0.23189,0.23234,0.02,0.03
2013.08.22 22:14:33.021,0.23188,0.23234,0.02,0.02
2013.08.22 22:14:35.317,0.23189,0.23234,0.02,0.02
2013.08.22 22:14:36.208,0.23188,0.23234,0.02,0.02
2013.08.22 22:14:37.349,0.23187,0.23229,0.02,0.02
2013.08.22 22:14:42.085,0.23188,0.23234,0.02,0.02
2013.08.22 22:14:48.290,0.23187,0.23229,0.02,0.02
2013.08.22 22:14:51.139,0.23187,0.23235,0.02,0.03
2013.08.22 22:14:51.199,0.23189,0.23237,0.02,0.03
2013.08.22 22:14:51.577,0.23192,0.2324,0.02,0.03
2013.08.22 22:14:51.733,0.2319,0.23234,0.02,0.02
2013.08.22 22:15:23.269,0.23191,0.23239,0.02,0.03
2013.08.22 22:15:23.795,0.2319,0.23234,0.02,0.02
2013.08.22 22:15:25.205,0.23191,0.23239,0.02,0.03
2013.08.22 22:15:25.905,0.23192,0.2324,0.02,0.03
2013.08.22 22:15:33.669,0.23194,0.23242,0.02,0.03
2013.08.22 22:15:48.389,0.23193,0.23234,0.02,0.02
2013.08.22 22:15:49.103,0.23192,0.23234,0.02,0.02
2013.08.22 22:15:50.768,0.23193,0.2324,0.02,0.03
2013.08.22 22:16:09.029,0.23194,0.23242,0.02,0.03
2013.08.22 22:16:09.259,0.23194,0.23242,0.02,0.03
2013.08.22 22:16:09.379,0.23196,0.23244,0.02,0.03
2013.08.22 22:16:43.849,0.23196,0.23239,0.02,0.02
2013.08.22 22:16:44.120,0.23194,0.23239,0.02,0.02
2013.08.22 22:16:46.865,0.23192,0.23234,0.02,0.02
2013.08.22 22:16:48.980,0.23194,0.23239,0.02,0.02
2013.08.22 22:17:07.580,0.23192,0.23234,0.02,0.02
2013.08.22 22:17:09.824,0.23191,0.23238,0.02,0.03
2013.08.22 22:17:26.320,0.23192,0.23239,0.02,0.02
2013.08.22 22:17:26.970,0.2319,0.23234,0.02,0.02
2013.08.22 22:17:31.180,0.23192,0.23239,0.02,0.04
2013.08.22 22:17:51.799,0.23191,0.23239,0.02,0.04
2013.08.22 22:17:54.680,0.23191,0.23234,0.02,0.02
2013.08.22 22:17:55.296,0.2319,0.23234,0.02,0.02
2013.08.22 22:18:20.339,0.23189,0.23234,0.02,0.02
2013.08.22 22:18:20.650,0.23189,0.23234,0.02,0.02
2013.08.22 22:18:21.277,0.2319,0.23234,0.02,0.02
2013.08.22 22:18:48.260,0.23191,0.23234,0.02,0.02
2013.08.22 22:18:49.020,0.23192,0.23234,0.02,0.02
2013.08.22 22:19:02.055,0.23192,0.2324,0.02,0.02
2013.08.22 22:19:02.170,0.23194,0.23242,0.02,0.02
2013.08.22 22:19:02.558,0.23199,0.23247,0.02,0.03
2013.08.22 22:19:03.076,0.23198,0.23246,0.02,0.03
2013.08.22 22:19:03.390,0.23197,0.23244,0.02,0.02
2013.08.22 22:19:09.491,0.23197,0.23244,0.02,0.02
2013.08.22 22:19:10.075,0.23196,0.23244,0.02,0.03
2013.08.22 22:19:11.811,0.23197,0.23244,0.02,0.02
2013.08.22 22:19:14.263,0.23197,0.23245,0.02,0.03
2013.08.22 22:19:14.581,0.23199,0.23246,0.02,0.03
2013.08.22 22:19:15.086,0.232,0.23248,0.02,0.03
2013.08.22 22:19:19.160,0.23199,0.23244,0.02,0.02
2013.08.22 22:19:19.550,0.23199,0.23244,0.02,0.02
2013.08.22 22:19:19.610,0.23197,0.23244,0.02,0.02
2013.08.22 22:19:20.236,0.23196,0.23244,0.02,0.04
2013.08.22 22:19:22.546,0.23197,0.23244,0.02,0.02
2013.08.22 22:19:24.670,0.23196,0.23244,0.02,0.04
2013.08.22 22:19:33.661,0.23196,0.23244,0.02,0.05
2013.08.22 22:19:34.334,0.23195,0.23243,0.02,0.03
2013.08.22 22:19:42.862,0.23192,0.23234,0.02,0.02
2013.08.22 22:19:43.410,0.23191,0.23234,0.02,0.02
2013.08.22 22:19:44.191,0.23191,0.23234,0.02,0.02
2013.08.22 22:19:44.310,0.23189,0.23234,0.02,0.02
2013.08.22 22:19:44.430,0.23187,0.23234,0.02,0.02
2013.08.22 22:19:44.501,0.23184,0.23232,0.02,0.03
2013.08.22 22:19:45.890,0.23184,0.23232,0.02,0.02
2013.08.22 22:19:45.950,0.23186,0.23233,0.02,0.02
2013.08.22 22:19:46.580,0.23188,0.23236,0.02,0.03
2013.08.22 22:19:48.960,0.23187,0.23234,0.02,0.02
2013.08.22 22:19:49.735,0.23188,0.23234,0.02,0.02
2013.08.22 22:19:50.909,0.23189,0.23237,0.02,0.03
2013.08.22 22:19:52.800,0.23188,0.23234,0.02,0.02
2013.08.22 22:19:57.650,0.23188,0.23236,0.03,0.02
2013.08.22 22:19:57.810,0.23196,0.23244,0.02,0.05
2013.08.22 22:19:58.086,0.23196,0.23244,0.02,0.04
2013.08.22 22:19:58.140,0.23194,0.23242,0.02,0.02
2013.08.22 22:19:58.775,0.23194,0.23242,0.02,0.03
2013.08.22 22:19:59.670,0.23194,0.23239,0.02,0.03
2013.08.22 22:20:00.050,0.23188,0.23236,0.02,0.03
2013.08.22 22:20:00.550,0.2319,0.23238,0.02,0.03
2013.08.22 22:20:04.910,0.23188,0.23234,0.02,0.02
2013.08.22 22:20:05.466,0.23187,0.23234,0.02,0.04
2013.08.22 22:20:08.640,0.23188,0.23236,0.02,0.02
2013.08.22 22:20:08.760,0.23193,0.23241,0.02,0.03
2013.08.22 22:20:08.989,0.23193,0.23241,0.02,0.02
2013.08.22 22:20:09.170,0.23196,0.23244,0.02,0.03
2013.08.22 22:20:09.486,0.23195,0.23243,0.02,0.03
2013.08.22 22:20:12.965,0.23194,0.23242,0.02,0.03
2013.08.22 22:20:13.310,0.23197,0.23245,0.02,0.03
2013.08.22 22:20:15.040,0.23196,0.23244,0.02,0.03
2013.08.22 22:20:18.020,0.23194,0.23242,0.02,0.03
2013.08.22 22:20:29.210,0.23194,0.23239,0.02,0.02
2013.08.22 22:20:29.290,0.23191,0.23239,0.02,0.04
2013.08.22 22:20:32.879,0.2319,0.23238,0.02,0.03
2013.08.22 22:20:41.046,0.2319,0.23238,0.02,0.02
2013.08.22 22:20:41.570,0.23191,0.23239,0.02,0.03
2013.08.22 22:20:41.631,0.23193,0.23241,0.02,0.03
2013.08.22 22:20:42.180,0.23196,0.23243,0.02,0.03
2013.08.22 22:20:50.098,0.23194,0.23239,0.02,0.02
2013.08.22 22:20:50.229,0.23192,0.23239,0.02,0.02
2013.08.22 22:20:58.260,0.23192,0.23239,0.02,0.02
2013.08.22 22:20:58.319,0.2319,0.23238,0.02,0.03
2013.08.22 22:20:58.380,0.2319,0.23229,0.02,0.02
2013.08.22 22:20:58.439,0.23184,0.23229,0.02,0.02
2013.08.22 22:20:58.721,0.23184,0.23229,0.02,0.02
2013.08.22 22:20:58.839,0.23182,0.23229,0.02,0.02
2013.08.22 22:20:58.960,0.2318,0.23227,0.02,0.03
2013.08.22 22:21:00.860,0.23184,0.23232,0.02,0.03
2013.08.22 22:21:01.051,0.23183,0.23231,0.02,0.02
2013.08.22 22:21:01.170,0.23185,0.23232,0.02,0.02
2013.08.22 22:21:01.232,0.23186,0.23234,0.02,0.03
2013.08.22 22:21:01.802,0.23187,0.23234,0.02,0.03
2013.08.22 22:21:03.021,0.23188,0.23236,0.02,0.03
2013.08.22 22:21:03.260,0.2319,0.23237,0.02,0.03
2013.08.22 22:21:15.380,0.23189,0.23236,0.02,0.03
2013.08.22 22:21:17.169,0.23187,0.23234,0.02,0.02
2013.08.22 22:21:17.966,0.23186,0.23234,0.02,0.03
2013.08.22 22:21:18.910,0.23187,0.23235,0.02,0.03
2013.08.22 22:21:19.390,0.23189,0.23237,0.02,0.02
2013.08.22 22:21:19.509,0.23191,0.23239,0.02,0.03
2013.08.22 22:21:19.880,0.23193,0.23241,0.02,0.03
2013.08.22 22:21:22.587,0.23191,0.23239,0.02,0.03
2013.08.22 22:21:23.250,0.23192,0.2324,0.02,0.03
2013.08.22 22:21:24.180,0.23192,0.23239,0.02,0.02
2013.08.22 22:21:24.240,0.2319,0.23238,0.02,0.03
2013.08.22 22:21:24.816,0.23189,0.23237,0.02,0.03
2013.08.22 22:21:27.070,0.23189,0.23237,0.02,0.02
2013.08.22 22:21:27.200,0.23191,0.23239,0.02,0.04
2013.08.22 22:21:27.561,0.23191,0.23239,0.02,0.03
2013.08.22 22:21:28.104,0.2319,0.23238,0.02,0.03
2013.08.22 22:21:28.236,0.23188,0.23236,0.02,0.03
2013.08.22 22:21:35.743,0.23189,0.23237,0.02,0.03
2013.08.22 22:21:37.280,0.23188,0.23235,0.02,0.03
2013.08.22 22:21:37.934,0.23189,0.23237,0.02,0.03
2013.08.22 22:21:40.349,0.23191,0.23238,0.02,0.03
2013.08.22 22:21:40.532,0.23189,0.23237,0.02,0.03
2013.08.22 22:21:41.359,0.23188,0.23236,0.02,0.03
2013.08.22 22:21:49.309,0.23188,0.23234,0.02,0.02
2013.08.22 22:21:49.429,0.23187,0.23234,0.02,0.02
2013.08.22 22:21:50.220,0.23188,0.23236,0.02,0.03
2013.08.22 22:21:53.069,0.23189,0.23237,0.02,0.03
2013.08.22 22:21:53.379,0.23189,0.23229,0.02,0.02
2013.08.22 22:21:53.440,0.23184,0.23229,0.02,0.02
2013.08.22 22:21:56.820,0.23183,0.23229,0.02,0.02
2013.08.22 22:21:56.940,0.23181,0.23228,0.02,0.02
2013.08.22 22:22:01.650,0.23182,0.23229,0.02,0.02
2013.08.22 22:22:03.330,0.23182,0.2323,0.02,0.02
2013.08.22 22:22:03.390,0.23186,0.23234,0.02,0.03
2013.08.22 22:22:03.730,0.2319,0.23238,0.02,0.02
2013.08.22 22:22:04.176,0.23193,0.23241,0.02,0.03
2013.08.22 22:22:04.630,0.23195,0.23243,0.02,0.03
2013.08.22 22:22:08.030,0.23191,0.23239,0.02,0.03
2013.08.22 22:22:11.545,0.23192,0.2324,0.02,0.03
2013.08.22 22:22:15.559,0.23192,0.23239,0.02,0.02
2013.08.22 22:22:15.620,0.2319,0.23237,0.02,0.03
2013.08.22 22:22:16.050,0.23188,0.23236,0.02,0.03
2013.08.22 22:22:16.223,0.2319,0.23238,0.02,0.03
2013.08.22 22:22:18.703,0.23189,0.23236,0.02,0.03
2013.08.22 22:22:23.620,0.2319,0.23238,0.02,0.03
2013.08.22 22:22:24.690,0.2319,0.23238,0.02,0.02
2013.08.22 22:22:44.299,0.2319,0.23238,0.02,0.03
2013.08.22 22:22:45.770,0.23189,0.23234,0.02,0.02
2013.08.22 22:22:46.337,0.23188,0.23234,0.02,0.02
2013.08.22 22:22:49.743,0.23188,0.23235,0.02,0.02
2013.08.22 22:22:49.880,0.23189,0.23237,0.02,0.02
2013.08.22 22:22:50.513,0.2319,0.23238,0.02,0.02
2013.08.22 22:22:51.460,0.23192,0.23239,0.02,0.02
2013.08.22 22:22:52.005,0.23193,0.23241,0.02,0.03
2013.08.22 22:22:52.334,0.23195,0.23243,0.02,0.03
2013.08.22 22:22:54.272,0.23195,0.23243,0.02,0.02
2013.08.22 22:22:55.640,0.23193,0.2324,0.02,0.03
2013.08.22 22:22:56.551,0.23191,0.23239,0.02,0.03
2013.08.22 22:22:58.128,0.2319,0.23238,0.02,0.02
2013.08.22 22:23:05.890,0.23192,0.23239,0.02,0.03
2013.08.22 22:23:08.961,0.23191,0.23238,0.02,0.02
2013.08.22 22:23:11.930,0.23192,0.2324,0.02,0.03
2013.08.22 22:23:15.770,0.23193,0.23241,0.02,0.03
2013.08.22 22:23:16.506,0.23194,0.23242,0.02,0.03
2013.08.22 22:23:17.950,0.23193,0.23241,0.02,0.03
2013.08.22 22:23:18.038,0.23191,0.23239,0.02,0.03
2013.08.22 22:23:22.627,0.23192,0.2324,0.02,0.03
2013.08.22 22:23:22.880,0.23192,0.23239,0.02,0.02
2013.08.22 22:23:23.656,0.23191,0.23238,0.02,0.03
2013.08.22 22:23:29.426,0.2319,0.23237,0.02,0.03
2013.08.22 22:23:35.124,0.23189,0.23234,0.02,0.02
2013.08.22 22:23:35.240,0.23187,0.23234,0.02,0.02
2013.08.22 22:23:38.840,0.23189,0.23236,0.02,0.03
2013.08.22 22:23:39.261,0.23191,0.23239,0.02,0.03
2013.08.22 22:23:40.050,0.2319,0.23238,0.02,0.03
2013.08.22 22:23:42.130,0.23187,0.23234,0.02,0.02
2013.08.22 22:23:47.860,0.23189,0.23236,0.02,0.03
2013.08.22 22:23:48.186,0.23192,0.23239,0.02,0.02
2013.08.22 22:23:48.846,0.23191,0.23238,0.02,0.03
2013.08.22 22:23:50.060,0.23189,0.23237,0.02,0.03
2013.08.22 22:23:50.629,0.2319,0.23238,0.02,0.03
2013.08.22 22:23:52.120,0.23191,0.23239,0.02,0.03
2013.08.22 22:24:44.820,0.2319,0.23234,0.02,0.02
2013.08.22 22:24:44.897,0.23188,0.23234,0.02,0.02
2013.08.22 22:24:45.877,0.23189,0.23237,0.02,0.03
2013.08.22 22:24:46.097,0.23187,0.23235,0.02,0.03
2013.08.22 22:24:54.320,0.2319,0.23238,0.02,0.03
2013.08.22 22:24:55.561,0.23191,0.23239,0.02,0.03
2013.08.22 22:25:02.171,0.23191,0.23239,0.02,0.04
2013.08.22 22:25:02.460,0.23189,0.23237,0.02,0.03
2013.08.22 22:25:02.710,0.2319,0.23238,0.02,0.03
2013.08.22 22:25:02.973,0.23192,0.23239,0.02,0.02
2013.08.22 22:25:04.383,0.23191,0.23239,0.02,0.03
2013.08.22 22:25:05.772,0.23192,0.23239,0.02,0.02
2013.08.22 22:25:06.322,0.23191,0.23239,0.02,0.03
2013.08.22 22:25:16.621,0.23191,0.23239,0.02,0.04
2013.08.22 22:25:16.819,0.23189,0.23237,0.02,0.03
2013.08.22 22:25:17.921,0.23194,0.23237,0.02,0.02
2013.08.22 22:25:18.240,0.23195,0.23242,0.03,0.02
2013.08.22 22:25:18.300,0.23207,0.23254,0.02,0.02
2013.08.22 22:25:19.055,0.23206,0.23253,0.02,0.02
2013.08.22 22:25:20.450,0.23204,0.23252,0.02,0.03
2013.08.22 22:25:20.780,0.23206,0.23253,0.02,0.03
2013.08.22 22:25:24.860,0.23204,0.23252,0.02,0.03
2013.08.22 22:25:25.870,0.23198,0.23246,0.02,0.03
2013.08.22 22:25:26.370,0.23195,0.23243,0.02,0.03
2013.08.22 22:25:30.270,0.23193,0.23241,0.02,0.03
2013.08.22 22:25:30.956,0.23192,0.2324,0.02,0.03
2013.08.22 22:25:32.530,0.23192,0.2324,0.03,0.02
2013.08.22 22:25:32.974,0.232,0.23247,0.02,0.03
2013.08.22 22:25:33.640,0.23201,0.23249,0.02,0.03
2013.08.22 22:25:33.995,0.23204,0.23252,0.02,0.03
2013.08.22 22:25:35.631,0.23204,0.23252,0.02,0.03
2013.08.22 22:25:35.750,0.23206,0.23254,0.02,0.03
2013.08.22 22:25:49.954,0.23206,0.23249,0.02,0.02
2013.08.22 22:25:50.070,0.232,0.23248,0.02,0.03
2013.08.22 22:25:59.110,0.23198,0.23244,0.02,0.02
2013.08.22 22:25:59.670,0.23196,0.23244,0.02,0.03
2013.08.22 22:26:00.466,0.23197,0.23244,0.02,0.02
2013.08.22 22:26:01.860,0.23196,0.23244,0.02,0.04
2013.08.22 22:26:13.870,0.23198,0.23244,0.02,0.02
2013.08.22 22:26:14.382,0.23199,0.23244,0.02,0.02
2013.08.22 22:26:14.500,0.23197,0.23244,0.02,0.02
2013.08.22 22:26:18.290,0.23195,0.23243,0.02,0.02
2013.08.22 22:26:18.374,0.23198,0.23245,0.02,0.03
2013.08.22 22:26:18.914,0.23199,0.23247,0.02,0.03
2013.08.22 22:26:24.080,0.23201,0.23249,0.02,0.03
2013.08.22 22:26:24.418,0.23204,0.23251,0.02,0.03
2013.08.22 22:26:53.046,0.23203,0.23251,0.02,0.03
2013.08.22 22:27:04.181,0.23204,0.23252,0.02,0.03
2013.08.22 22:27:08.002,0.23203,0.23251,0.02,0.03
2013.08.22 22:27:13.960,0.23204,0.23252,0.02,0.03
2013.08.22 22:27:16.450,0.23206,0.23253,0.02,0.03
2013.08.22 22:27:21.574,0.23206,0.23253,0.02,0.03
2013.08.22 22:27:22.076,0.23207,0.23255,0.02,0.03
2013.08.22 22:27:28.120,0.23209,0.23257,0.02,0.03
2013.08.22 22:27:48.910,0.23208,0.23256,0.02,0.03
2013.08.22 22:28:08.887,0.23209,0.23257,0.02,0.03
2013.08.22 22:28:18.971,0.23205,0.23253,0.02,0.03
2013.08.22 22:28:23.010,0.23206,0.23254,0.02,0.03
2013.08.22 22:28:23.213,0.23208,0.23256,0.02,0.03
2013.08.22 22:28:26.411,0.23207,0.23255,0.02,0.03
2013.08.22 22:28:39.389,0.23206,0.23254,0.02,0.03
2013.08.22 22:28:48.930,0.23207,0.23255,0.02,0.03
2013.08.22 22:28:49.336,0.23209,0.23257,0.02,0.03
2013.08.22 22:28:51.507,0.23208,0.23255,0.02,0.03
2013.08.22 22:28:52.036,0.23207,0.23254,0.02,0.03
2013.08.22 22:28:55.621,0.23209,0.23257,0.02,0.03
2013.08.22 22:28:58.580,0.23209,0.23257,0.02,0.03
2013.08.22 22:29:01.459,0.23209,0.23257,0.02,0.03
2013.08.22 22:29:02.256,0.23208,0.23255,0.02,0.03
2013.08.22 22:29:02.770,0.23206,0.23254,0.02,0.03
2013.08.22 22:29:08.041,0.23206,0.23254,0.02,0.03
2013.08.22 22:29:08.222,0.23209,0.23257,0.02,0.03
2013.08.22 22:29:09.019,0.2321,0.23258,0.02,0.03
2013.08.22 22:29:10.240,0.2321,0.23254,0.02,0.02
2013.08.22 22:29:10.441,0.23206,0.23254,0.02,0.04
2013.08.22 22:29:11.441,0.23206,0.23254,0.02,0.04
2013.08.22 22:29:12.056,0.23207,0.23254,0.02,0.02
2013.08.22 22:29:13.610,0.23208,0.23256,0.02,0.03
2013.08.22 22:29:16.310,0.23212,0.23259,0.02,0.03
2013.08.22 22:29:17.720,0.2321,0.23258,0.02,0.03
2013.08.22 22:29:18.611,0.23212,0.2326,0.02,0.03
2013.08.22 22:29:19.140,0.2321,0.23258,0.02,0.03
2013.08.22 22:29:21.231,0.23209,0.23254,0.02,0.02
2013.08.22 22:29:21.937,0.23208,0.23254,0.02,0.02
2013.08.22 22:29:24.770,0.23209,0.23257,0.02,0.03
2013.08.22 22:29:24.960,0.23212,0.2326,0.02,0.03
2013.08.22 22:29:25.646,0.23211,0.23258,0.02,0.03
2013.08.22 22:29:30.121,0.23208,0.23254,0.02,0.02
2013.08.22 22:29:33.760,0.23208,0.23254,0.02,0.02
2013.08.22 22:29:34.436,0.23207,0.23254,0.02,0.04
2013.08.22 22:29:44.890,0.23207,0.23254,0.02,0.04
2013.08.22 22:29:45.409,0.23208,0.23256,0.02,0.03
2013.08.22 22:29:46.245,0.23209,0.23257,0.02,0.03
2013.08.22 22:29:47.991,0.23208,0.23254,0.02,0.02
2013.08.22 22:29:49.712,0.23209,0.23254,0.02,0.02
2013.08.22 22:30:01.078,0.23208,0.23254,0.02,0.02
2013.08.22 22:30:02.491,0.23207,0.23254,0.02,0.04
2013.08.22 22:30:08.897,0.23208,0.23255,0.02,0.03
2013.08.22 22:30:09.375,0.23208,0.23254,0.02,0.02
2013.08.22 22:30:09.647,0.23206,0.23254,0.02,0.03
2013.08.22 22:30:10.891,0.23205,0.23249,0.02,0.02
2013.08.22 22:30:12.592,0.23205,0.23253,0.02,0.02
2013.08.22 22:30:12.911,0.2321,0.23258,0.02,0.03
2013.08.22 22:30:15.186,0.23211,0.23259,0.02,0.03
2013.08.22 22:30:17.591,0.2321,0.23258,0.02,0.03
2013.08.22 22:30:23.381,0.23207,0.23255,0.02,0.03
2013.08.22 22:30:25.953,0.23208,0.23254,0.02,0.02
2013.08.22 22:30:28.071,0.23209,0.23257,0.02,0.03
2013.08.22 22:30:29.591,0.23208,0.23254,0.02,0.02
2013.08.22 22:30:30.142,0.23207,0.23255,0.02,0.03
2013.08.22 22:30:30.402,0.23209,0.23257,0.02,0.03
2013.08.22 22:30:39.251,0.23211,0.23259,0.02,0.03
2013.08.22 22:30:39.311,0.23211,0.23259,0.02,0.04
2013.08.22 22:30:43.141,0.23211,0.23259,0.02,0.03
2013.08.22 22:30:43.201,0.23209,0.23257,0.02,0.03
2013.08.22 22:30:43.767,0.23208,0.23256,0.02,0.03
2013.08.22 22:30:45.281,0.23209,0.23257,0.02,0.03
2013.08.22 22:30:49.702,0.23209,0.23257,0.02,0.02
2013.08.22 22:30:49.881,0.23212,0.23259,0.02,0.02
2013.08.22 22:30:53.720,0.2321,0.23258,0.02,0.02
2013.08.22 22:30:54.681,0.2321,0.23258,0.02,0.03
2013.08.22 22:30:55.296,0.23209,0.23257,0.02,0.03
2013.08.22 22:30:57.263,0.23209,0.23257,0.02,0.02
2013.08.22 22:30:57.381,0.23211,0.23259,0.02,0.03
2013.08.22 22:31:02.608,0.23213,0.23259,0.02,0.02
2013.08.22 22:31:23.161,0.23212,0.23259,0.02,0.02
2013.08.22 22:31:25.151,0.23213,0.23261,0.02,0.03
2013.08.22 22:31:25.453,0.23219,0.23267,0.02,0.03
2013.08.22 22:31:26.333,0.23218,0.23265,0.02,0.03
2013.08.22 22:31:34.141,0.23219,0.23267,0.02,0.02
2013.08.22 22:31:34.381,0.23221,0.23268,0.02,0.02
2013.08.22 22:31:34.938,0.23221,0.23268,0.02,0.03
2013.08.22 22:31:35.111,0.23219,0.23267,0.02,0.03
2013.08.22 22:31:35.879,0.23218,0.23266,0.02,0.03
2013.08.22 22:31:42.022,0.23219,0.23267,0.02,0.03
2013.08.22 22:31:42.081,0.23219,0.23267,0.02,0.02
2013.08.22 22:31:48.421,0.23219,0.23267,0.02,0.03
2013.08.22 22:31:50.581,0.23217,0.23265,0.02,0.03
2013.08.22 22:31:53.411,0.23219,0.23266,0.02,0.03
2013.08.22 22:31:53.571,0.23219,0.23266,0.02,0.02
2013.08.22 22:31:53.811,0.2322,0.23268,0.02,0.02
2013.08.22 22:31:54.172,0.2322,0.23268,0.02,0.03
2013.08.22 22:31:54.772,0.23219,0.23266,0.02,0.03
2013.08.22 22:31:54.901,0.23217,0.23265,0.02,0.03
2013.08.22 22:32:00.102,0.23217,0.23265,0.02,0.02
2013.08.22 22:32:00.301,0.23219,0.23267,0.02,0.02
2013.08.22 22:32:00.617,0.23221,0.23268,0.02,0.02
2013.08.22 22:32:02.489,0.23219,0.23267,0.02,0.02
2013.08.22 22:32:22.644,0.2322,0.23268,0.02,0.02
2013.08.22 22:32:41.457,0.2322,0.23268,0.02,0.03
2013.08.22 22:32:41.979,0.23219,0.23267,0.02,0.03
2013.08.22 22:32:44.729,0.23218,0.23264,0.02,0.02
2013.08.22 22:32:45.091,0.23221,0.23269,0.02,0.03
2013.08.22 22:32:45.648,0.2322,0.23264,0.02,0.02
2013.08.22 22:32:46.151,0.23221,0.23269,0.02,0.03
2013.08.22 22:32:50.292,0.23222,0.2327,0.02,0.04
2013.08.22 22:32:52.291,0.2322,0.23268,0.02,0.03
2013.08.22 22:32:56.891,0.23219,0.23267,0.02,0.03
2013.08.22 22:32:57.401,0.23218,0.23264,0.02,0.02
2013.08.22 22:32:58.631,0.23219,0.23267,0.02,0.03
2013.08.22 22:33:10.891,0.2322,0.23268,0.02,0.03
2013.08.22 22:33:11.861,0.23218,0.23264,0.02,0.02
2013.08.22 22:33:15.341,0.2322,0.23268,0.02,0.03
2013.08.22 22:33:18.078,0.23218,0.23264,0.02,0.02
2013.08.22 22:33:19.631,0.2322,0.23268,0.02,0.03
2013.08.22 22:33:23.001,0.23219,0.23266,0.02,0.03
2013.08.22 22:33:23.691,0.2322,0.23268,0.02,0.03
2013.08.22 22:33:25.049,0.23218,0.23264,0.02,0.02
2013.08.22 22:33:30.224,0.2322,0.23267,0.02,0.03
2013.08.22 22:33:30.441,0.23217,0.23264,0.02,0.02
2013.08.22 22:33:33.391,0.23219,0.23264,0.02,0.02
2013.08.22 22:33:34.901,0.2322,0.23264,0.02,0.02
2013.08.22 22:33:41.691,0.23222,0.23264,0.02,0.02
2013.08.22 22:33:42.241,0.23221,0.23264,0.02,0.02
2013.08.22 22:33:51.941,0.23219,0.23264,0.02,0.02
2013.08.22 22:33:52.001,0.23217,0.23264,0.02,0.02
2013.08.22 22:33:52.491,0.23219,0.23264,0.02,0.02
2013.08.22 22:33:53.177,0.23218,0.23264,0.02,0.02
2013.08.22 22:33:54.231,0.2322,0.23264,0.02,0.02
2013.08.22 22:33:59.261,0.23221,0.23264,0.02,0.02
2013.08.22 22:33:59.877,0.2322,0.23264,0.02,0.02
2013.08.22 22:34:00.547,0.23221,0.23264,0.02,0.02
2013.08.22 22:34:02.891,0.23219,0.23264,0.02,0.02
2013.08.22 22:34:03.100,0.23221,0.23264,0.02,0.02
2013.08.22 22:34:07.821,0.23219,0.23264,0.02,0.02
2013.08.22 22:34:08.274,0.23219,0.23264,0.02,0.02
2013.08.22 22:34:08.468,0.23221,0.23264,0.02,0.02
2013.08.22 22:34:11.291,0.23219,0.23264,0.02,0.02
2013.08.22 22:34:17.246,0.23218,0.23264,0.02,0.02
2013.08.22 22:34:18.360,0.23218,0.23264,0.02,0.02
2013.08.22 22:34:18.481,0.23216,0.23264,0.02,0.03
2013.08.22 22:34:25.324,0.23215,0.23259,0.02,0.02
2013.08.22 22:34:25.754,0.23217,0.23264,0.02,0.03
2013.08.22 22:34:33.572,0.23215,0.23263,0.02,0.03
2013.08.22 22:34:36.072,0.23214,0.23262,0.02,0.03
2013.08.22 22:34:38.131,0.23213,0.23261,0.02,0.03
2013.08.22 22:34:40.492,0.23214,0.23262,0.02,0.03
2013.08.22 22:34:46.333,0.23214,0.23262,0.02,0.03
2013.08.22 22:34:46.589,0.23212,0.2326,0.02,0.03
2013.08.22 22:34:48.998,0.23213,0.23261,0.02,0.03
2013.08.22 22:34:50.341,0.23212,0.2326,0.02,0.03
2013.08.22 22:34:51.751,0.23214,0.23261,0.02,0.03
2013.08.22 22:34:53.361,0.23213,0.2326,0.02,0.03
2013.08.22 22:34:54.157,0.23214,0.23262,0.02,0.03
2013.08.22 22:34:55.777,0.23213,0.23261,0.02,0.03
2013.08.22 22:35:01.116,0.23212,0.23259,0.02,0.02
2013.08.22 22:35:01.775,0.23213,0.23261,0.02,0.03
2013.08.22 22:35:06.774,0.23215,0.23262,0.02,0.03
2013.08.22 22:35:10.273,0.23213,0.23261,0.02,0.03
2013.08.22 22:35:21.671,0.23212,0.23254,0.02,0.02
2013.08.22 22:35:22.540,0.2321,0.23254,0.02,0.02
2013.08.22 22:35:24.761,0.23209,0.23254,0.02,0.02
2013.08.22 22:35:27.489,0.23208,0.23254,0.02,0.02
2013.08.22 22:35:32.591,0.23211,0.23254,0.02,0.02
2013.08.22 22:35:33.417,0.2321,0.23254,0.02,0.02
2013.08.22 22:35:43.625,0.23209,0.23254,0.02,0.02
2013.08.22 22:35:56.311,0.2321,0.23254,0.02,0.02
2013.08.22 22:36:10.861,0.2321,0.23254,0.02,0.02
2013.08.22 22:36:11.476,0.23209,0.23254,0.02,0.02
2013.08.22 22:36:11.691,0.23209,0.23254,0.02,0.02
2013.08.22 22:36:12.486,0.2321,0.23254,0.02,0.02
2013.08.22 22:36:15.021,0.23211,0.23254,0.02,0.02
2013.08.22 22:36:15.102,0.23213,0.23254,0.02,0.02
2013.08.22 22:36:28.274,0.23212,0.23254,0.02,0.02
2013.08.22 22:36:39.303,0.23212,0.23254,0.02,0.02
2013.08.22 22:36:39.867,0.23211,0.23254,0.02,0.02
2013.08.22 22:36:41.501,0.2321,0.23254,0.02,0.02
2013.08.22 22:36:42.480,0.23208,0.23249,0.02,0.02
2013.08.22 22:36:48.559,0.23209,0.23257,0.02,0.03
2013.08.22 22:36:51.512,0.23211,0.23259,0.02,0.03
2013.08.22 22:36:51.671,0.23215,0.23263,0.02,0.03
2013.08.22 22:36:51.948,0.23213,0.23261,0.02,0.03
2013.08.22 22:36:52.459,0.23214,0.23262,0.02,0.03
2013.08.22 22:37:11.062,0.23213,0.23261,0.02,0.03
2013.08.22 22:37:23.029,0.23214,0.23262,0.02,0.03
2013.08.22 22:37:24.246,0.23216,0.23264,0.02,0.03
2013.08.22 22:37:26.976,0.23214,0.23261,0.02,0.03
2013.08.22 22:37:27.096,0.23211,0.23259,0.02,0.03
2013.08.22 22:37:29.517,0.23213,0.23261,0.02,0.03
2013.08.22 22:37:34.806,0.23214,0.23262,0.02,0.03
2013.08.22 22:38:19.476,0.23214,0.23262,0.02,0.03
2013.08.22 22:38:19.536,0.23216,0.23264,0.02,0.03
2013.08.22 22:38:20.061,0.23217,0.23264,0.02,0.02
2013.08.22 22:38:51.662,0.23218,0.23265,0.02,0.02
2013.08.22 22:38:56.702,0.23217,0.23265,0.02,0.04
2013.08.22 22:39:16.817,0.23218,0.23264,0.02,0.02
2013.08.22 22:39:21.194,0.23218,0.23259,0.02,0.02
2013.08.22 22:39:21.246,0.23216,0.23259,0.02,0.02
2013.08.22 22:39:21.366,0.23214,0.23259,0.02,0.02
2013.08.22 22:39:34.106,0.23212,0.23254,0.02,0.02
2013.08.22 22:39:34.438,0.23211,0.23255,0.02,0.02
2013.08.22 22:39:34.626,0.23209,0.23255,0.02,0.02
2013.08.22 22:39:42.736,0.23209,0.23254,0.02,0.02
2013.08.22 22:39:54.848,0.2321,0.23254,0.02,0.02
2013.08.22 22:40:10.946,0.23211,0.23254,0.02,0.02
2013.08.22 22:40:24.800,0.2321,0.23254,0.02,0.02
2013.08.22 22:40:25.351,0.23209,0.23254,0.02,0.02
2013.08.22 22:40:28.136,0.23214,0.23254,0.02,0.02
2013.08.22 22:40:32.999,0.23212,0.23254,0.02,0.02
2013.08.22 22:40:42.116,0.23211,0.23254,0.02,0.02
2013.08.22 22:40:43.466,0.23214,0.23254,0.02,0.02
2013.08.22 22:40:55.276,0.23212,0.23254,0.02,0.02
2013.08.22 22:40:56.035,0.23211,0.23254,0.02,0.02
2013.08.22 22:41:15.636,0.23211,0.23254,0.02,0.02
2013.08.22 22:41:15.696,0.23209,0.23254,0.02,0.02
2013.08.22 22:41:34.433,0.23209,0.23254,0.03,0.02
2013.08.22 22:41:35.492,0.23211,0.23254,0.02,0.02
2013.08.22 22:41:36.136,0.2321,0.23254,0.02,0.02
2013.08.22 22:41:36.763,0.23211,0.23254,0.02,0.02
2013.08.22 22:41:40.656,0.23213,0.23254,0.02,0.02
2013.08.22 22:42:11.366,0.23215,0.23262,0.02,0.03
2013.08.22 22:42:11.486,0.23215,0.23262,0.02,0.02
2013.08.22 22:42:11.547,0.23216,0.23264,0.02,0.03
2013.08.22 22:42:11.724,0.23218,0.23264,0.02,0.02
2013.08.22 22:42:15.598,0.23218,0.23264,0.02,0.02
2013.08.22 22:42:15.846,0.23216,0.23263,0.02,0.03
2013.08.22 22:42:29.186,0.23214,0.23259,0.02,0.02
2013.08.22 22:42:29.552,0.23213,0.23259,0.02,0.02
2013.08.22 22:42:30.282,0.23212,0.23259,0.02,0.02
2013.08.22 22:42:30.677,0.23212,0.23259,0.02,0.02
2013.08.22 22:42:31.301,0.23213,0.23259,0.02,0.02
2013.08.22 22:42:32.719,0.23215,0.23262,0.02,0.03
2013.08.22 22:42:35.669,0.23213,0.23261,0.02,0.03
2013.08.22 22:42:37.867,0.23215,0.23263,0.02,0.03
2013.08.22 22:42:38.386,0.23214,0.23262,0.02,0.03
2013.08.22 22:42:41.847,0.23215,0.23263,0.02,0.03
2013.08.22 22:42:52.776,0.23217,0.23264,0.02,0.03
2013.08.22 22:42:52.844,0.23215,0.23263,0.02,0.03
2013.08.22 22:42:53.107,0.23212,0.23259,0.02,0.03
2013.08.22 22:42:53.732,0.23213,0.23259,0.02,0.02
2013.08.22 22:42:54.506,0.23214,0.23262,0.02,0.03
2013.08.22 22:42:54.588,0.23216,0.23264,0.02,0.03
2013.08.22 22:42:59.946,0.23215,0.23263,0.02,0.03
2013.08.22 22:43:00.017,0.23213,0.23261,0.02,0.03
2013.08.22 22:43:01.982,0.23211,0.23259,0.02,0.03
2013.08.22 22:43:06.067,0.23213,0.23259,0.02,0.02
2013.08.22 22:43:24.797,0.23213,0.23261,0.02,0.02
2013.08.22 22:43:24.856,0.23215,0.23263,0.02,0.02
2013.08.22 22:43:25.476,0.23217,0.23264,0.02,0.02
2013.08.22 22:43:36.917,0.23217,0.23264,0.02,0.02
2013.08.22 22:43:37.233,0.23214,0.23262,0.02,0.03
2013.08.22 22:43:40.077,0.23216,0.23264,0.02,0.03
2013.08.22 22:43:40.896,0.23216,0.23264,0.02,0.03
2013.08.22 22:43:41.087,0.23217,0.23264,0.02,0.02
2013.08.22 22:43:41.267,0.23215,0.23263,0.02,0.03
2013.08.22 22:43:48.497,0.23215,0.23263,0.02,0.02
2013.08.22 22:43:48.616,0.23218,0.23266,0.02,0.03
2013.08.22 22:43:49.124,0.23219,0.23267,0.02,0.03
2013.08.22 22:43:49.836,0.23218,0.23266,0.02,0.03
2013.08.22 22:43:53.327,0.23217,0.23265,0.02,0.03
2013.08.22 22:43:59.348,0.23218,0.23266,0.02,0.03
2013.08.22 22:44:09.566,0.23217,0.23264,0.02,0.02
2013.08.22 22:44:09.637,0.23213,0.23261,0.02,0.03
2013.08.22 22:44:15.183,0.23213,0.23261,0.02,0.02
2013.08.22 22:44:15.364,0.23217,0.23265,0.02,0.03
2013.08.22 22:44:15.687,0.23219,0.23264,0.02,0.02
2013.08.22 22:44:15.794,0.23217,0.23264,0.02,0.02
2013.08.22 22:44:18.183,0.23216,0.23264,0.02,0.03
2013.08.22 22:44:19.173,0.23218,0.23266,0.02,0.03
2013.08.22 22:44:19.874,0.23219,0.23267,0.02,0.03
2013.08.22 22:44:25.307,0.23218,0.23264,0.02,0.02
2013.08.22 22:44:25.397,0.23216,0.23264,0.02,0.03
2013.08.22 22:44:27.241,0.23218,0.23264,0.02,0.02
2013.08.22 22:45:03.656,0.23219,0.23267,0.02,0.03
2013.08.22 22:45:04.618,0.23219,0.23264,0.02,0.02
2013.08.22 22:45:04.736,0.23217,0.23264,0.02,0.02
2013.08.22 22:45:10.726,0.23218,0.23264,0.02,0.02
2013.08.22 22:45:10.786,0.23218,0.23264,0.02,0.02
2013.08.22 22:45:11.670,0.2322,0.23267,0.02,0.03
2013.08.22 22:45:12.649,0.23218,0.23264,0.02,0.02
2013.08.22 22:45:13.409,0.23216,0.23264,0.02,0.03
2013.08.22 22:45:16.106,0.23216,0.23259,0.02,0.02
2013.08.22 22:45:16.287,0.23214,0.23259,0.02,0.02
2013.08.22 22:45:16.947,0.23216,0.23263,0.02,0.03
2013.08.22 22:45:19.558,0.23214,0.23259,0.02,0.02
2013.08.22 22:45:21.317,0.23216,0.23264,0.02,0.03
2013.08.22 22:45:24.448,0.23216,0.23264,0.02,0.03
2013.08.22 22:45:24.808,0.23218,0.23264,0.02,0.02
2013.08.22 22:45:25.787,0.23224,0.23265,0.02,0.02
2013.08.22 22:45:25.947,0.23224,0.23269,0.02,0.03
2013.08.22 22:45:26.278,0.23229,0.23269,0.02,0.02
2013.08.22 22:45:46.592,0.23228,0.23269,0.02,0.02
2013.08.22 22:45:48.857,0.23228,0.23274,0.02,0.02
2013.08.22 22:45:49.111,0.23231,0.23274,0.02,0.02
2013.08.22 22:45:53.900,0.2323,0.23274,0.02,0.02
2013.08.22 22:45:54.683,0.23231,0.23274,0.02,0.02
2013.08.22 22:46:11.759,0.23231,0.23264,0.02,0.02
2013.08.22 22:46:12.047,0.2322,0.23264,0.02,0.02
2013.08.22 22:46:12.278,0.23218,0.23264,0.02,0.02
2013.08.22 22:46:12.827,0.23219,0.23267,0.02,0.02
2013.08.22 22:46:12.887,0.23222,0.23269,0.02,0.02
2013.08.22 22:46:14.828,0.23222,0.23269,0.02,0.02
2013.08.22 22:46:15.575,0.23221,0.23268,0.02,0.03
2013.08.22 22:46:16.187,0.23219,0.23264,0.02,0.02
2013.08.22 22:46:16.307,0.23217,0.23264,0.02,0.02
2013.08.22 22:46:17.714,0.23219,0.23264,0.02,0.02
2013.08.22 22:46:37.838,0.23218,0.23264,0.02,0.02
2013.08.22 22:46:40.057,0.2322,0.23267,0.02,0.03
2013.08.22 22:47:49.398,0.23221,0.23269,0.02,0.03
2013.08.22 22:47:49.547,0.23221,0.23269,0.02,0.03
2013.08.22 22:47:49.848,0.23223,0.23271,0.02,0.03
2013.08.22 22:47:50.505,0.23222,0.23269,0.02,0.02
2013.08.22 22:47:55.577,0.2322,0.23268,0.02,0.02
2013.08.22 22:47:57.490,0.23222,0.23269,0.02,0.02
2013.08.22 22:48:00.294,0.23222,0.23269,0.02,0.02
2013.08.22 22:48:00.815,0.23221,0.23268,0.02,0.03
2013.08.22 22:48:36.620,0.2322,0.23265,0.02,0.03
2013.08.22 22:48:37.257,0.2322,0.23265,0.02,0.03
2013.08.22 22:48:37.773,0.23219,0.23264,0.02,0.03
2013.08.22 22:48:42.707,0.23217,0.23259,0.02,0.02
2013.08.22 22:48:42.768,0.23214,0.23259,0.02,0.03
2013.08.22 22:48:43.357,0.23215,0.2326,0.02,0.03
2013.08.22 22:48:45.912,0.23216,0.23261,0.02,0.03
2013.08.22 22:48:46.018,0.23218,0.23263,0.02,0.03
2013.08.22 22:48:46.177,0.23218,0.23263,0.02,0.02
2013.08.22 22:48:46.803,0.23219,0.23264,0.02,0.03
2013.08.22 22:48:52.236,0.23215,0.2326,0.02,0.02
2013.08.22 22:48:54.205,0.23218,0.23263,0.02,0.02
2013.08.22 22:48:55.623,0.23218,0.23259,0.02,0.02
2013.08.22 22:48:55.737,0.23213,0.23258,0.02,0.02
2013.08.22 22:48:59.147,0.23215,0.2326,0.02,0.03
2013.08.22 22:49:03.623,0.23216,0.23261,0.02,0.03
2013.08.22 22:49:04.133,0.23217,0.23262,0.02,0.03
2013.08.22 22:49:04.847,0.23217,0.23262,0.02,0.02
2013.08.22 22:49:05.455,0.23218,0.23263,0.02,0.02
2013.08.22 22:49:08.867,0.23218,0.23263,0.02,0.03
2013.08.22 22:49:09.008,0.23216,0.23261,0.02,0.03
2013.08.22 22:49:10.861,0.23218,0.23263,0.02,0.03
2013.08.22 22:49:30.896,0.23217,0.23262,0.02,0.03
2013.08.22 22:49:38.577,0.23217,0.23262,0.02,0.03
2013.08.22 22:49:38.757,0.2321,0.23255,0.02,0.03
2013.08.22 22:49:39.097,0.2321,0.23255,0.02,0.03
2013.08.22 22:49:41.617,0.23208,0.23253,0.02,0.03
2013.08.22 22:49:49.588,0.23209,0.23254,0.02,0.03
2013.08.22 22:49:49.664,0.23209,0.23254,0.02,0.03
2013.08.22 22:49:56.945,0.23209,0.23254,0.02,0.03
2013.08.22 22:49:57.712,0.23208,0.23253,0.02,0.03
2013.08.22 22:49:59.979,0.23206,0.23251,0.02,0.03
2013.08.22 22:50:01.249,0.23204,0.23249,0.02,0.03
2013.08.22 22:50:02.042,0.23203,0.23248,0.02,0.02
2013.08.22 22:50:03.220,0.23203,0.23248,0.02,0.03
2013.08.22 22:50:05.807,0.23203,0.23248,0.02,0.02
2013.08.22 22:50:05.978,0.23205,0.2325,0.02,0.03
2013.08.22 22:50:06.403,0.23208,0.23253,0.02,0.03
2013.08.22 22:50:07.127,0.23203,0.23248,0.02,0.02
2013.08.22 22:50:14.147,0.23205,0.2325,0.02,0.03
2013.08.22 22:50:14.694,0.23206,0.23251,0.02,0.03
2013.08.22 22:50:18.092,0.23206,0.23251,0.02,0.03
2013.08.22 22:50:18.148,0.23204,0.23249,0.02,0.03
2013.08.22 22:50:19.234,0.23203,0.23248,0.02,0.03
2013.08.22 22:50:20.257,0.23207,0.23252,0.02,0.03
2013.08.22 22:50:23.407,0.23207,0.23252,0.02,0.03
2013.08.22 22:50:23.543,0.23209,0.23254,0.02,0.03
2013.08.22 22:50:23.897,0.23209,0.23254,0.02,0.03
2013.08.22 22:50:24.098,0.23212,0.23257,0.02,0.03
2013.08.22 22:50:44.746,0.23212,0.23254,0.02,0.02
2013.08.22 22:50:44.867,0.23208,0.23253,0.02,0.03
2013.08.22 22:50:46.218,0.23208,0.23253,0.02,0.02
2013.08.22 22:50:46.457,0.2321,0.23255,0.02,0.03
2013.08.22 22:50:52.216,0.23209,0.23254,0.02,0.03
2013.08.22 22:50:53.528,0.2321,0.23255,0.02,0.03
2013.08.22 22:51:23.447,0.2321,0.23254,0.02,0.02
2013.08.22 22:51:23.609,0.23208,0.23253,0.02,0.03
2013.08.22 22:51:24.247,0.23208,0.23253,0.02,0.02
2013.08.22 22:51:24.963,0.23209,0.23254,0.02,0.03
2013.08.22 22:51:26.559,0.23208,0.23253,0.02,0.02
2013.08.22 22:51:27.417,0.23208,0.23253,0.02,0.03
2013.08.22 22:51:29.428,0.23208,0.23253,0.02,0.02
2013.08.22 22:51:29.677,0.2321,0.23255,0.02,0.03
2013.08.22 22:51:39.467,0.23208,0.23253,0.02,0.02
2013.08.22 22:51:46.643,0.2321,0.23255,0.02,0.03
2013.08.22 22:51:48.477,0.23208,0.23253,0.02,0.02
2013.08.22 22:51:53.637,0.2321,0.23255,0.02,0.03
2013.08.22 22:52:34.767,0.23212,0.23257,0.02,0.03
2013.08.22 22:52:35.958,0.2321,0.23255,0.02,0.03
2013.08.22 22:52:38.469,0.2321,0.23255,0.02,0.02
2013.08.22 22:52:38.587,0.23213,0.23258,0.02,0.02
2013.08.22 22:52:43.668,0.23215,0.2326,0.02,0.02
2013.08.22 22:52:43.993,0.23218,0.23263,0.02,0.02
2013.08.22 22:52:44.694,0.23217,0.23262,0.02,0.02
2013.08.22 22:52:49.349,0.23218,0.23263,0.02,0.02
2013.08.22 22:52:49.768,0.2322,0.23265,0.02,0.03
2013.08.22 22:52:50.414,0.23219,0.23264,0.02,0.03
2013.08.22 22:52:57.598,0.23219,0.23264,0.02,0.03
2013.08.22 22:52:57.837,0.23215,0.2326,0.02,0.03
2013.08.22 22:53:22.977,0.23216,0.23261,0.02,0.03
2013.08.22 22:53:23.534,0.23215,0.2326,0.02,0.03
2013.08.22 22:53:24.659,0.23214,0.23259,0.02,0.03
2013.08.22 22:53:26.018,0.23215,0.2326,0.02,0.03
2013.08.22 22:53:26.998,0.23215,0.2326,0.02,0.02
2013.08.22 22:53:27.614,0.23216,0.23261,0.02,0.02
2013.08.22 22:54:28.315,0.23213,0.23258,0.02,0.02
2013.08.22 22:54:28.625,0.23211,0.23256,0.02,0.02
2013.08.22 22:54:28.930,0.23213,0.23258,0.02,0.02
2013.08.22 22:54:42.540,0.23214,0.23259,0.02,0.03
2013.08.22 22:54:52.596,0.23213,0.23258,0.02,0.02
2013.08.22 22:54:53.574,0.23212,0.23257,0.02,0.02
2013.08.22 22:54:55.475,0.23214,0.23259,0.02,0.03
2013.08.22 22:54:58.645,0.23215,0.2326,0.02,0.02
2013.08.22 22:54:59.111,0.23217,0.23262,0.02,0.02
2013.08.22 22:55:02.851,0.23217,0.23262,0.02,0.03
2013.08.22 22:55:02.982,0.23213,0.23258,0.02,0.02
2013.08.22 22:55:23.677,0.23212,0.23257,0.02,0.02
2013.08.22 22:55:35.896,0.23213,0.23258,0.02,0.02
2013.08.22 22:56:25.935,0.23214,0.23259,0.02,0.02
2013.08.22 22:56:29.940,0.23213,0.23258,0.02,0.02
2013.08.22 22:56:38.225,0.23214,0.23259,0.02,0.02
2013.08.22 22:56:40.058,0.23213,0.23258,0.02,0.02
2013.08.22 22:56:51.015,0.23214,0.23259,0.02,0.03
2013.08.22 22:56:51.079,0.23216,0.23261,0.02,0.03
2013.08.22 22:56:58.435,0.23215,0.2326,0.02,0.03
2013.08.22 22:57:23.209,0.23215,0.2326,0.02,0.02
2013.08.22 22:57:23.581,0.23217,0.23262,0.02,0.02
2013.08.22 22:57:24.444,0.23216,0.23261,0.02,0.02
2013.08.22 22:57:26.845,0.23217,0.23262,0.02,0.02
2013.08.22 22:58:00.904,0.23204,0.23264,0.02,0.02
2013.08.22 22:58:25.575,0.23204,0.23264,0.02,0.02
2013.08.22 22:58:26.315,0.23204,0.23259,0.02,0.02
2013.08.22 22:58:33.495,0.23204,0.23264,0.02,0.02
2013.08.22 22:58:40.975,0.23204,0.23264,0.02,0.02
2013.08.22 22:58:43.839,0.23204,0.23264,0.02,0.02
2013.08.22 22:58:44.631,0.23204,0.23264,0.02,0.02
2013.08.22 22:58:51.183,0.23204,0.23259,0.02,0.02
2013.08.22 22:58:51.255,0.23204,0.23259,0.02,0.02
2013.08.22 22:58:52.392,0.23204,0.23265,0.02,0.03
2013.08.22 22:58:58.056,0.23204,0.23264,0.02,0.02
2013.08.22 22:58:58.575,0.23199,0.23264,0.02,0.02
2013.08.22 22:58:58.635,0.23199,0.23264,0.02,0.02
2013.08.22 22:59:18.575,0.23194,0.23249,0.01,0.02
2013.08.22 22:59:18.645,0.23193,0.23249,0.01,0.02
2013.08.22 22:59:23.685,0.23193,0.23251,0.01,0.02
2013.08.22 22:59:41.903,0.23179,0.23247,0.04,0.02
2013.08.22 22:59:42.375,0.23189,0.23244,0.02,0.02
2013.08.22 22:59:42.435,0.23189,0.23249,0.02,0.02
2013.08.22 22:59:42.946,0.23189,0.23244,0.02,0.02
2013.08.22 22:59:43.716,0.23189,0.23244,0.02,0.02
2013.08.22 22:59:43.775,0.23189,0.2325,0.02,0.02
2013.08.22 22:59:44.845,0.23189,0.23244,0.02,0.02
2013.08.22 22:59:44.905,0.23189,0.23244,0.02,0.02
2013.08.22 22:59:44.984,0.23189,0.23244,0.02,0.02
2013.08.22 22:59:45.045,0.23189,0.23264,0.02,0.02
2013.08.22 22:59:45.531,0.23194,0.23252,0.02,0.02
2013.08.22 22:59:46.089,0.23189,0.23249,0.03,0.02
2013.08.22 22:59:48.735,0.23194,0.23264,0.02,0.02
2013.08.22 22:59:50.995,0.23194,0.23264,0.02,0.02
2013.08.22 22:59:51.529,0.23194,0.23264,0.02,0.02
