2017.10.10 11:00:35.522,0.17121,0.17147,0.26,0.04
2017.10.10 11:00:35.572,0.17117,0.17143,0.44,0.23
2017.10.10 11:00:50.460,0.17117,0.17143,0.56,0.25
2017.10.10 11:00:50.626,0.17121,0.17147,0.41,0.19
2017.10.10 11:00:51.327,0.1712,0.17146,0.36,0.15
2017.10.10 11:00:51.473,0.1712,0.17146,0.36,0.15
2017.10.10 11:01:05.810,0.17131,0.17145,0.01,0.01
2017.10.10 11:01:05.860,0.17121,0.17148,0.53,0.21
2017.10.10 11:01:05.911,0.17124,0.1715,0.05,0.37
2017.10.10 11:01:39.664,0.17125,0.17151,0.44,0.08
2017.10.10 11:01:39.804,0.17124,0.1715,0.49,0.21
2017.10.10 11:01:54.487,0.17115,0.17152,0.44,0.13
2017.10.10 11:01:55.337,0.17123,0.17149,0.51,0.10
2017.10.10 11:01:58.060,0.17123,0.17149,0.51,0.10
2017.10.10 11:01:58.236,0.17126,0.17152,0.45,0.35
2017.10.10 11:02:00.582,0.17125,0.17151,0.51,0.11
2017.10.10 11:02:01.329,0.17124,0.1716,0.41,0.48
2017.10.10 11:02:13.456,0.17126,0.17152,0.37,0.34
2017.10.10 11:02:14.863,0.17124,0.1715,0.47,0.17
2017.10.10 11:02:14.982,0.17123,0.17149,0.05,0.09
2017.10.10 11:02:17.063,0.17124,0.1716,0.41,0.33
2017.10.10 11:02:20.859,0.17127,0.17152,0.04,0.04
2017.10.10 11:02:23.358,0.17124,0.1715,0.23,0.40
2017.10.10 11:02:25.885,0.17123,0.17149,0.27,0.35
2017.10.10 11:02:26.069,0.17126,0.17152,0.53,0.18
2017.10.10 11:02:26.263,0.17131,0.17148,0.02,0.08
2017.10.10 11:02:26.314,0.17126,0.17152,0.53,0.18
2017.10.10 11:02:26.415,0.17123,0.17149,0.49,0.39
2017.10.10 11:02:28.019,0.17131,0.17146,0.01,0.01
2017.10.10 11:02:28.070,0.17124,0.17149,0.04,0.04
2017.10.10 11:02:28.120,0.17131,0.17148,0.01,0.08
2017.10.10 11:02:28.528,0.17122,0.17148,0.41,0.16
2017.10.10 11:02:30.148,0.17122,0.17148,0.41,0.16
2017.10.10 11:02:37.191,0.17123,0.17149,0.57,0.10
2017.10.10 11:02:37.323,0.17126,0.17152,0.33,0.25
2017.10.10 11:02:41.278,0.17126,0.17152,0.45,0.35
2017.10.10 11:02:41.431,0.17122,0.17147,0.04,0.04
2017.10.10 11:03:41.444,0.17121,0.17148,0.40,0.10
2017.10.10 11:04:06.254,0.17122,0.17152,0.41,0.37
2017.10.10 11:04:06.305,0.17122,0.17148,0.43,0.28
2017.10.10 11:04:06.792,0.17125,0.17151,0.40,0.08
2017.10.10 11:04:07.675,0.17126,0.17152,0.56,0.43
2017.10.10 11:04:07.806,0.17121,0.17147,0.55,0.20
2017.10.10 11:04:26.749,0.17112,0.17148,0.44,0.47
2017.10.10 11:04:26.861,0.17118,0.17144,0.32,0.08
2017.10.10 11:04:30.204,0.17118,0.17155,0.48,0.37
2017.10.10 11:04:32.448,0.17109,0.17147,0.48,0.35
2017.10.10 11:04:33.115,0.17118,0.17144,0.49,0.19
2017.10.10 11:04:34.816,0.17118,0.17144,0.49,0.19
2017.10.10 11:04:34.917,0.17121,0.17147,0.13,0.30
2017.10.10 11:04:35.806,0.17121,0.17147,0.52,0.34
2017.10.10 11:04:35.907,0.17119,0.17145,0.05,0.20
2017.10.10 11:04:37.316,0.17121,0.17147,0.31,0.32
2017.10.10 11:04:37.548,0.1712,0.17146,0.39,0.19
2017.10.10 11:04:59.736,0.17121,0.17147,0.44,0.41
2017.10.10 11:04:59.866,0.17117,0.17143,0.35,0.19
2017.10.10 11:05:07.663,0.17117,0.17155,0.09,0.56
2017.10.10 11:05:07.736,0.17121,0.17147,0.37,0.22
2017.10.10 11:05:07.921,0.1711,0.17146,0.41,0.44
2017.10.10 11:06:08.154,0.17117,0.17147,0.08,0.45
2017.10.10 11:06:20.809,0.17116,0.17143,0.48,0.13
2017.10.10 11:06:21.510,0.17117,0.17144,0.05,0.14
2017.10.10 11:06:27.126,0.17118,0.17148,0.44,0.44
2017.10.10 11:06:45.679,0.17117,0.17144,0.44,0.22
2017.10.10 11:07:00.864,0.17118,0.17144,0.04,0.33
2017.10.10 11:07:08.028,0.17118,0.17143,0.04,0.04
2017.10.10 11:07:08.414,0.17119,0.17145,0.33,0.38
2017.10.10 11:07:41.365,0.17121,0.17147,0.41,0.38
2017.10.10 11:07:41.890,0.17116,0.17142,0.48,0.19
2017.10.10 11:07:51.883,0.17118,0.17144,0.44,0.27
2017.10.10 11:07:52.686,0.17124,0.1715,0.18,0.35
2017.10.10 11:08:22.552,0.17114,0.17151,0.44,0.45
2017.10.10 11:08:22.933,0.17123,0.17149,0.44,0.21
2017.10.10 11:08:41.650,0.17123,0.1715,0.06,0.44
2017.10.10 11:08:41.799,0.17121,0.17147,0.12,0.30
2017.10.10 11:08:47.001,0.17122,0.17148,0.41,0.23
2017.10.10 11:08:47.151,0.17125,0.17151,0.22,0.35
2017.10.10 11:08:54.217,0.17114,0.17151,0.41,0.30
2017.10.10 11:08:54.669,0.17121,0.17147,0.41,0.36
2017.10.10 11:08:58.613,0.17122,0.17148,0.44,0.33
2017.10.10 11:08:58.764,0.17121,0.17147,0.41,0.09
2017.10.10 11:09:16.240,0.17123,0.17148,0.04,0.04
2017.10.10 11:09:20.750,0.17122,0.17148,0.40,0.16
2017.10.10 11:09:55.746,0.17123,0.17149,0.27,0.37
2017.10.10 11:09:56.321,0.17122,0.17148,0.45,0.16
2017.10.10 11:09:58.966,0.17122,0.17149,0.45,0.19
2017.10.10 11:10:10.800,0.17123,0.17153,0.28,0.45
2017.10.10 11:10:13.351,0.17122,0.17149,0.37,0.19
2017.10.10 11:10:17.420,0.17123,0.17153,0.21,0.44
2017.10.10 11:10:18.321,0.17122,0.17149,0.48,0.12
2017.10.10 11:10:19.824,0.17123,0.17153,0.31,0.48
2017.10.10 11:10:20.284,0.17123,0.17149,0.31,0.36
2017.10.10 11:10:20.618,0.17127,0.17153,0.13,0.25
2017.10.10 11:11:18.569,0.17127,0.1716,0.05,0.13
2017.10.10 11:11:18.734,0.1713,0.17163,0.49,0.04
2017.10.10 11:11:18.969,0.17129,0.17163,0.45,0.32
2017.10.10 11:11:19.111,0.17129,0.17163,0.45,0.32
2017.10.10 11:11:55.144,0.17133,0.17166,0.11,0.45
2017.10.10 11:11:55.713,0.17132,0.17165,0.44,0.40
2017.10.10 11:11:57.048,0.17133,0.17163,0.08,0.21
2017.10.10 11:11:57.748,0.17132,0.17162,0.49,0.52
2017.10.10 11:11:58.450,0.17133,0.17161,0.24,0.24
2017.10.10 11:11:58.517,0.17132,0.17147,0.13,0.01
2017.10.10 11:11:58.946,0.17133,0.17161,0.24,0.24
2017.10.10 11:12:00.232,0.17133,0.17159,0.11,0.39
2017.10.10 11:12:00.323,0.17133,0.17159,0.11,0.39
2017.10.10 11:12:27.703,0.17136,0.17163,0.39,0.08
2017.10.10 11:13:27.730,0.1714,0.17167,0.40,0.16
2017.10.10 11:13:40.789,0.17141,0.17171,0.12,0.49
2017.10.10 11:14:11.194,0.1714,0.1717,0.45,0.49
2017.10.10 11:14:20.764,0.17141,0.17171,0.15,0.43
2017.10.10 11:14:27.773,0.1714,0.17167,0.27,0.44
2017.10.10 11:14:28.296,0.17138,0.17164,0.33,0.15
2017.10.10 11:15:20.758,0.17126,0.17164,0.40,0.36
2017.10.10 11:15:21.288,0.17136,0.17162,0.27,0.36
2017.10.10 11:15:21.693,0.17135,0.17161,0.40,0.40
2017.10.10 11:16:21.823,0.17138,0.17165,0.33,0.22
2017.10.10 11:16:57.664,0.17141,0.17168,0.37,0.04
2017.10.10 11:16:59.345,0.17139,0.17166,0.37,0.18
2017.10.10 11:17:00.650,0.17138,0.17168,0.22,0.35
2017.10.10 11:17:05.611,0.17137,0.17164,0.13,0.48
2017.10.10 11:17:05.962,0.17136,0.17161,0.04,0.04
2017.10.10 11:17:06.642,0.17135,0.17161,0.55,0.35
2017.10.10 11:17:09.569,0.17136,0.17161,0.04,0.04
2017.10.10 11:17:12.762,0.17136,0.17161,0.04,0.04
2017.10.10 11:17:13.675,0.17126,0.17164,0.44,0.29
2017.10.10 11:17:14.005,0.17136,0.17162,0.08,0.32
2017.10.10 11:17:14.615,0.17135,0.17161,0.05,0.33
2017.10.10 11:17:18.295,0.17135,0.17161,0.05,0.33
2017.10.10 11:17:18.894,0.17136,0.17162,0.14,0.36
2017.10.10 11:17:19.396,0.17134,0.1716,0.39,0.11
2017.10.10 11:17:32.228,0.17136,0.17161,0.04,0.04
2017.10.10 11:17:39.664,0.17135,0.17161,0.36,0.29
2017.10.10 11:17:45.160,0.17136,0.17162,0.04,0.30
2017.10.10 11:17:45.714,0.17136,0.17162,0.05,0.30
2017.10.10 11:17:45.840,0.17136,0.17162,0.05,0.30
2017.10.10 11:18:45.866,0.17137,0.17164,0.49,0.11
2017.10.10 11:19:20.759,0.17138,0.17168,0.15,0.60
2017.10.10 11:19:24.368,0.17137,0.17167,0.35,0.39
2017.10.10 11:19:26.374,0.17138,0.17168,0.10,0.43
2017.10.10 11:19:30.521,0.17137,0.17167,0.44,0.37
2017.10.10 11:19:32.183,0.17138,0.17168,0.08,0.36
2017.10.10 11:19:40.696,0.17137,0.17164,0.49,0.16
2017.10.10 11:20:20.782,0.17138,0.17168,0.10,0.36
2017.10.10 11:20:40.737,0.17137,0.17164,0.55,0.22
2017.10.10 11:21:00.852,0.17138,0.17168,0.24,0.48
2017.10.10 11:21:01.428,0.17137,0.17164,0.05,0.09
2017.10.10 11:21:05.439,0.17138,0.17168,0.15,0.40
2017.10.10 11:21:17.403,0.17138,0.17164,0.15,0.30
2017.10.10 11:21:41.668,0.17142,0.17168,0.52,0.11
2017.10.10 11:21:41.997,0.17147,0.17173,0.30,0.34
2017.10.10 11:22:03.697,0.17148,0.17173,0.04,0.04
2017.10.10 11:22:04.045,0.17153,0.17179,0.15,0.30
2017.10.10 11:22:32.938,0.17154,0.1718,0.25,0.34
2017.10.10 11:22:37.508,0.17159,0.17185,0.37,0.13
2017.10.10 11:22:37.827,0.17161,0.17187,0.45,0.33
2017.10.10 11:22:38.236,0.17161,0.17187,0.22,0.43
2017.10.10 11:22:38.849,0.17161,0.172,0.22,0.57
2017.10.10 11:22:38.976,0.17161,0.17187,0.22,0.43
2017.10.10 11:22:39.280,0.1716,0.17187,0.10,0.45
2017.10.10 11:22:39.888,0.17159,0.17185,0.18,0.41
2017.10.10 11:23:17.832,0.17156,0.17182,0.48,0.23
2017.10.10 11:23:18.442,0.17152,0.17177,0.04,0.04
2017.10.10 11:24:18.055,0.17152,0.17182,0.45,0.55
2017.10.10 11:24:32.292,0.17152,0.1719,0.45,0.56
2017.10.10 11:24:44.385,0.17156,0.17182,0.34,0.04
2017.10.10 11:24:44.585,0.17152,0.17178,0.47,0.27
2017.10.10 11:25:15.247,0.17153,0.17178,0.04,0.04
2017.10.10 11:25:15.565,0.17162,0.17188,0.09,0.28
2017.10.10 11:25:29.494,0.17163,0.17189,0.33,0.28
2017.10.10 11:25:29.993,0.17165,0.17191,0.44,0.29
2017.10.10 11:25:30.331,0.17171,0.17197,0.51,0.31
2017.10.10 11:25:30.677,0.17174,0.172,0.48,0.35
2017.10.10 11:25:30.983,0.17178,0.17204,0.43,0.34
2017.10.10 11:25:31.348,0.17179,0.17205,0.47,0.33
2017.10.10 11:25:40.574,0.17182,0.172,0.02,0.01
2017.10.10 11:25:40.624,0.17179,0.17205,0.20,0.32
2017.10.10 11:25:40.704,0.17179,0.17205,0.20,0.32
2017.10.10 11:25:48.581,0.17177,0.17203,0.43,0.38
2017.10.10 11:25:49.170,0.17168,0.17206,0.05,0.21
2017.10.10 11:26:00.316,0.17177,0.17203,0.45,0.23
2017.10.10 11:26:00.650,0.17172,0.17198,0.48,0.19
2017.10.10 11:26:00.951,0.17174,0.172,0.45,0.30
2017.10.10 11:26:01.252,0.17174,0.172,0.41,0.27
2017.10.10 11:26:12.147,0.17172,0.17198,0.22,0.37
2017.10.10 11:26:12.631,0.17167,0.17193,0.19,0.28
2017.10.10 11:26:15.651,0.17172,0.17187,0.01,0.01
2017.10.10 11:26:15.835,0.17171,0.17197,0.19,0.33
2017.10.10 11:26:15.937,0.1717,0.17195,0.04,0.04
2017.10.10 11:26:28.103,0.17171,0.17197,0.21,0.32
2017.10.10 11:26:28.507,0.17167,0.17193,0.22,0.38
2017.10.10 11:26:38.913,0.17167,0.17193,0.39,0.10
2017.10.10 11:26:39.517,0.17169,0.17196,0.07,0.40
2017.10.10 11:26:44.036,0.17169,0.17195,0.41,0.22
2017.10.10 11:26:44.342,0.17166,0.17192,0.24,0.34
2017.10.10 11:26:45.243,0.17166,0.17192,0.44,0.17
2017.10.10 11:26:45.545,0.17169,0.17195,0.11,0.29
2017.10.10 11:26:46.238,0.17169,0.17195,0.55,0.28
2017.10.10 11:26:47.239,0.17169,0.17195,0.11,0.33
2017.10.10 11:27:09.278,0.17173,0.17199,0.53,0.38
2017.10.10 11:27:09.687,0.17174,0.172,0.49,0.37
2017.10.10 11:27:32.592,0.17173,0.17199,0.04,0.28
2017.10.10 11:27:50.541,0.17173,0.17199,0.39,0.30
2017.10.10 11:27:58.631,0.17169,0.1721,0.49,0.43
2017.10.10 11:27:58.759,0.17169,0.17195,0.49,0.31
2017.10.10 11:27:58.890,0.17173,0.17199,0.05,0.31
2017.10.10 11:27:59.343,0.17171,0.17197,0.49,0.35
2017.10.10 11:28:00.223,0.17173,0.17194,0.09,0.02
2017.10.10 11:28:00.512,0.1717,0.17196,0.05,0.24
2017.10.10 11:28:29.394,0.17169,0.17195,0.28,0.35
2017.10.10 11:28:55.347,0.17165,0.17191,0.41,0.33
2017.10.10 11:28:55.944,0.1716,0.17186,0.14,0.31
2017.10.10 11:28:56.896,0.1716,0.17187,0.49,0.20
2017.10.10 11:28:56.997,0.17164,0.1719,0.37,0.19
2017.10.10 11:29:06.398,0.17165,0.17192,0.37,0.17
2017.10.10 11:29:06.862,0.17168,0.17194,0.33,0.49
2017.10.10 11:29:12.856,0.17168,0.17194,0.44,0.37
2017.10.10 11:29:13.216,0.17165,0.1719,0.04,0.04
2017.10.10 11:29:47.958,0.17168,0.17194,0.49,0.33
2017.10.10 11:29:48.362,0.17168,0.17194,0.12,0.39
2017.10.10 11:29:48.800,0.17168,0.17194,0.12,0.29
2017.10.10 11:29:49.352,0.17163,0.1719,0.33,0.19
2017.10.10 11:29:51.489,0.17163,0.17189,0.33,0.14
2017.10.10 11:29:51.803,0.17159,0.17185,0.27,0.36
2017.10.10 11:29:55.345,0.17168,0.17185,0.01,0.44
2017.10.10 11:29:55.395,0.17159,0.17198,0.27,0.48
2017.10.10 11:29:55.579,0.17162,0.17188,0.49,0.42
2017.10.10 11:29:56.336,0.17162,0.17187,0.04,0.04
2017.10.10 11:29:56.945,0.17163,0.17201,0.23,0.48
2017.10.10 11:30:24.857,0.17164,0.17206,0.19,0.49
2017.10.10 11:30:25.014,0.17168,0.17194,0.35,0.28
2017.10.10 11:30:32.781,0.17168,0.17195,0.48,0.06
2017.10.10 11:30:32.947,0.17173,0.172,0.61,0.19
2017.10.10 11:30:34.668,0.17173,0.17199,0.15,0.36
2017.10.10 11:30:35.013,0.17172,0.17198,0.41,0.13
2017.10.10 11:30:35.413,0.17172,0.17198,0.43,0.33
2017.10.10 11:30:52.980,0.17172,0.17198,0.05,0.39
2017.10.10 11:30:53.289,0.17171,0.17197,0.05,0.23
2017.10.10 11:30:53.981,0.17171,0.17197,0.09,0.36
2017.10.10 11:30:54.401,0.17173,0.17213,0.49,0.49
2017.10.10 11:30:54.597,0.17172,0.17211,0.47,0.40
2017.10.10 11:30:54.724,0.17173,0.17199,0.04,0.24
2017.10.10 11:30:54.775,0.1717,0.17196,0.37,0.08
2017.10.10 11:30:55.196,0.17172,0.17198,0.29,0.30
2017.10.10 11:30:55.282,0.17172,0.17208,0.40,0.41
2017.10.10 11:30:55.596,0.17173,0.17213,0.05,0.51
2017.10.10 11:30:56.383,0.17172,0.17198,0.31,0.17
2017.10.10 11:30:57.773,0.17173,0.17199,0.29,0.25
2017.10.10 11:31:00.392,0.17172,0.17198,0.33,0.40
2017.10.10 11:31:01.006,0.17173,0.17199,0.28,0.35
2017.10.10 11:31:03.733,0.17173,0.17211,0.37,0.48
2017.10.10 11:31:03.862,0.17172,0.17199,0.05,0.17
2017.10.10 11:31:06.902,0.17173,0.17199,0.28,0.33
2017.10.10 11:31:13.451,0.17173,0.172,0.48,0.08
2017.10.10 11:31:13.628,0.17172,0.17198,0.25,0.49
2017.10.10 11:31:33.854,0.17172,0.17199,0.39,0.10
2017.10.10 11:31:34.186,0.17173,0.17199,0.32,0.35
2017.10.10 11:31:54.111,0.17174,0.172,0.17,0.31
2017.10.10 11:32:00.724,0.17174,0.17199,0.04,0.04
2017.10.10 11:32:08.043,0.17178,0.17193,0.02,0.01
2017.10.10 11:32:08.094,0.17174,0.172,0.04,0.30
2017.10.10 11:32:08.194,0.17172,0.17199,0.49,0.06
2017.10.10 11:32:08.245,0.17171,0.17196,0.04,0.04
2017.10.10 11:32:10.649,0.17171,0.17197,0.24,0.36
2017.10.10 11:32:12.353,0.1717,0.17196,0.11,0.35
2017.10.10 11:32:13.356,0.17171,0.17197,0.31,0.27
2017.10.10 11:32:24.275,0.17171,0.17197,0.14,0.34
2017.10.10 11:32:24.426,0.17167,0.17203,0.14,0.44
2017.10.10 11:32:25.957,0.17167,0.17206,0.20,0.45
2017.10.10 11:32:26.129,0.17167,0.17194,0.40,0.17
2017.10.10 11:32:26.230,0.17168,0.17206,0.43,0.51
2017.10.10 11:32:26.535,0.17165,0.17203,0.36,0.48
2017.10.10 11:32:26.970,0.17165,0.17208,0.36,0.48
2017.10.10 11:32:27.132,0.17163,0.17203,0.47,0.48
2017.10.10 11:32:27.232,0.17165,0.17191,0.14,0.22
2017.10.10 11:32:34.177,0.17165,0.17208,0.14,0.29
2017.10.10 11:32:34.299,0.17168,0.17193,0.04,0.04
2017.10.10 11:32:35.828,0.17167,0.17203,0.45,0.43
2017.10.10 11:32:36.003,0.17165,0.17191,0.31,0.29
2017.10.10 11:32:36.304,0.17167,0.17193,0.32,0.37
2017.10.10 11:32:40.001,0.17167,0.17206,0.10,0.39
2017.10.10 11:32:40.170,0.17167,0.17203,0.09,0.55
2017.10.10 11:32:40.519,0.17167,0.17208,0.14,0.37
2017.10.10 11:32:41.594,0.17167,0.17206,0.44,0.45
2017.10.10 11:32:42.104,0.17166,0.17192,0.37,0.11
2017.10.10 11:32:44.199,0.17166,0.17193,0.49,0.29
2017.10.10 11:32:44.808,0.17165,0.17191,0.09,0.30
2017.10.10 11:32:47.329,0.17165,0.17192,0.40,0.08
2017.10.10 11:32:47.478,0.17165,0.17203,0.05,0.47
2017.10.10 11:32:50.143,0.17164,0.1719,0.31,0.28
2017.10.10 11:33:00.787,0.17165,0.17191,0.16,0.29
2017.10.10 11:33:31.645,0.17165,0.17192,0.45,0.25
2017.10.10 11:33:31.746,0.1717,0.17195,0.02,0.04
2017.10.10 11:33:31.797,0.1717,0.17196,0.02,0.31
2017.10.10 11:33:32.316,0.1717,0.17196,0.27,0.35
2017.10.10 11:33:32.976,0.1717,0.17195,0.04,0.04
2017.10.10 11:33:35.354,0.1717,0.17196,0.31,0.42
2017.10.10 11:33:55.836,0.1717,0.17213,0.10,0.52
2017.10.10 11:33:55.982,0.17173,0.17199,0.16,0.33
2017.10.10 11:33:56.555,0.17173,0.17198,0.04,0.04
2017.10.10 11:34:20.738,0.17173,0.17199,0.13,0.38
2017.10.10 11:34:26.841,0.17172,0.17198,0.36,0.34
2017.10.10 11:34:28.806,0.17172,0.17211,0.49,0.45
2017.10.10 11:34:28.934,0.17172,0.17213,0.49,0.45
2017.10.10 11:34:29.245,0.17174,0.172,0.16,0.37
2017.10.10 11:34:30.059,0.17173,0.17199,0.35,0.31
2017.10.10 11:34:31.951,0.17174,0.172,0.12,0.36
2017.10.10 11:34:32.701,0.17173,0.17199,0.34,0.40
2017.10.10 11:34:38.567,0.17174,0.172,0.25,0.31
2017.10.10 11:34:40.773,0.17174,0.17199,0.04,0.04
2017.10.10 11:34:43.278,0.17174,0.172,0.04,0.33
2017.10.10 11:34:46.084,0.17173,0.17199,0.28,0.22
2017.10.10 11:34:52.994,0.17174,0.172,0.22,0.25
2017.10.10 11:35:20.745,0.17173,0.17199,0.31,0.17
2017.10.10 11:35:29.261,0.17173,0.172,0.41,0.14
2017.10.10 11:35:43.085,0.17172,0.17199,0.44,0.08
2017.10.10 11:35:49.885,0.17173,0.17203,0.27,0.48
2017.10.10 11:36:00.801,0.17172,0.17199,0.37,0.10
2017.10.10 11:36:02.806,0.17173,0.17203,0.05,0.47
2017.10.10 11:36:55.124,0.17173,0.172,0.43,0.24
2017.10.10 11:36:55.299,0.17177,0.17218,0.10,0.43
2017.10.10 11:36:56.215,0.17176,0.17202,0.18,0.34
2017.10.10 11:36:56.901,0.17177,0.17203,0.39,0.22
2017.10.10 11:36:58.218,0.17176,0.17202,0.35,0.35
2017.10.10 11:36:58.882,0.17177,0.17203,0.04,0.34
2017.10.10 11:36:59.420,0.17176,0.17202,0.27,0.35
2017.10.10 11:37:00.121,0.17177,0.17203,0.27,0.36
2017.10.10 11:37:01.380,0.17177,0.17216,0.36,0.48
2017.10.10 11:37:01.431,0.17175,0.172,0.02,0.04
2017.10.10 11:37:01.898,0.17176,0.17201,0.04,0.04
2017.10.10 11:37:08.335,0.17176,0.17202,0.04,0.38
2017.10.10 11:37:09.127,0.17176,0.17202,0.04,0.39
2017.10.10 11:37:09.287,0.17174,0.17201,0.49,0.19
2017.10.10 11:37:09.818,0.17175,0.17201,0.37,0.17
2017.10.10 11:37:11.761,0.17175,0.17214,0.21,0.53
2017.10.10 11:37:11.912,0.17176,0.17203,0.37,0.06
2017.10.10 11:37:17.053,0.17176,0.17201,0.04,0.04
2017.10.10 11:37:18.254,0.17176,0.17202,0.30,0.26
2017.10.10 11:37:38.297,0.17176,0.17201,0.04,0.04
2017.10.10 11:37:45.912,0.17176,0.17202,0.37,0.29
2017.10.10 11:38:12.112,0.17176,0.17206,0.27,0.40
2017.10.10 11:38:48.855,0.17176,0.17203,0.53,0.13
2017.10.10 11:38:49.006,0.17176,0.17214,0.30,0.45
2017.10.10 11:38:49.528,0.17175,0.17201,0.40,0.12
2017.10.10 11:38:51.228,0.17175,0.17219,0.48,0.40
2017.10.10 11:38:51.838,0.17176,0.17202,0.14,0.30
2017.10.10 11:39:10.614,0.17176,0.17203,0.43,0.10
2017.10.10 11:39:10.945,0.17176,0.17202,0.43,0.28
2017.10.10 11:39:11.100,0.17171,0.17197,0.25,0.47
2017.10.10 11:39:22.344,0.17171,0.17198,0.39,0.05
2017.10.10 11:39:22.416,0.17177,0.17203,0.15,0.27
2017.10.10 11:39:22.473,0.17177,0.17203,0.15,0.27
2017.10.10 11:39:23.504,0.17176,0.17202,0.49,0.39
2017.10.10 11:39:23.661,0.17171,0.17198,0.43,0.19
2017.10.10 11:40:23.853,0.17171,0.17201,0.44,0.55
2017.10.10 11:41:19.055,0.17171,0.17198,0.49,0.10
2017.10.10 11:41:19.233,0.17176,0.17202,0.30,0.36
2017.10.10 11:41:19.857,0.17175,0.17201,0.33,0.09
2017.10.10 11:41:21.689,0.17176,0.17202,0.34,0.36
2017.10.10 11:41:40.113,0.17175,0.17201,0.29,0.10
2017.10.10 11:41:41.137,0.17176,0.17202,0.33,0.45
2017.10.10 11:42:18.023,0.17176,0.17203,0.41,0.15
2017.10.10 11:42:18.106,0.17182,0.17208,0.48,0.34
2017.10.10 11:42:18.157,0.17182,0.17208,0.48,0.34
2017.10.10 11:42:19.869,0.17181,0.17207,0.44,0.40
2017.10.10 11:42:23.324,0.17177,0.17217,0.53,0.32
2017.10.10 11:42:23.419,0.1718,0.17205,0.04,0.04
2017.10.10 11:42:23.555,0.1718,0.17205,0.04,0.04
2017.10.10 11:42:35.567,0.17178,0.17215,0.13,0.40
2017.10.10 11:42:35.706,0.17181,0.17207,0.23,0.34
2017.10.10 11:42:43.218,0.17188,0.17203,0.01,0.34
2017.10.10 11:42:43.319,0.1718,0.17206,0.10,0.33
2017.10.10 11:42:44.143,0.17182,0.17208,0.33,0.19
2017.10.10 11:43:27.314,0.17182,0.17222,0.19,0.47
2017.10.10 11:43:27.402,0.17184,0.1721,0.09,0.33
2017.10.10 11:43:27.502,0.17188,0.17214,0.24,0.38
2017.10.10 11:43:29.016,0.17187,0.17213,0.47,0.37
2017.10.10 11:43:29.144,0.17177,0.17213,0.47,0.49
2017.10.10 11:43:36.993,0.17182,0.17209,0.49,0.08
2017.10.10 11:43:37.167,0.17187,0.17213,0.44,0.34
2017.10.10 11:43:44.443,0.17188,0.17214,0.52,0.22
2017.10.10 11:43:44.750,0.17187,0.17213,0.12,0.34
2017.10.10 11:43:45.324,0.17188,0.17214,0.09,0.28
2017.10.10 11:43:45.989,0.17186,0.17212,0.45,0.27
2017.10.10 11:43:47.393,0.17188,0.17214,0.11,0.25
2017.10.10 11:43:47.489,0.17188,0.17214,0.11,0.25
2017.10.10 11:43:47.696,0.17188,0.17214,0.52,0.18
2017.10.10 11:43:47.797,0.17187,0.17213,0.43,0.16
2017.10.10 11:43:47.963,0.17187,0.17213,0.41,0.18
2017.10.10 11:43:48.169,0.17186,0.17212,0.17,0.25
2017.10.10 11:43:52.595,0.17184,0.1721,0.13,0.29
2017.10.10 11:43:52.725,0.17184,0.1721,0.13,0.29
2017.10.10 11:43:53.179,0.17185,0.17211,0.21,0.31
2017.10.10 11:43:53.782,0.17186,0.17212,0.09,0.33
2017.10.10 11:43:56.252,0.17188,0.17214,0.41,0.39
2017.10.10 11:43:56.410,0.17186,0.17212,0.22,0.31
2017.10.10 11:43:58.835,0.17184,0.17211,0.05,0.10
2017.10.10 11:43:59.535,0.17188,0.17214,0.24,0.32
2017.10.10 11:44:23.858,0.17176,0.17214,0.51,0.40
2017.10.10 11:44:24.084,0.17185,0.17212,0.51,0.16
2017.10.10 11:44:24.518,0.17187,0.17214,0.29,0.35
2017.10.10 11:44:24.790,0.17185,0.17222,0.05,0.48
2017.10.10 11:44:24.961,0.17185,0.17211,0.27,0.34
2017.10.10 11:45:50.414,0.17183,0.1721,0.47,0.04
2017.10.10 11:45:57.975,0.17184,0.17214,0.45,0.41
2017.10.10 11:45:58.678,0.17183,0.1721,0.47,0.22
2017.10.10 11:45:59.338,0.17184,0.17214,0.51,0.53
2017.10.10 11:45:59.998,0.17183,0.1721,0.51,0.18
2017.10.10 11:46:00.787,0.17184,0.17214,0.20,0.40
2017.10.10 11:46:09.925,0.17183,0.1721,0.37,0.09
2017.10.10 11:46:20.745,0.17184,0.17214,0.15,0.35
2017.10.10 11:46:21.743,0.17184,0.1721,0.15,0.26
2017.10.10 11:47:09.402,0.17182,0.17208,0.33,0.32
2017.10.10 11:47:09.660,0.17177,0.17203,0.45,0.35
2017.10.10 11:48:09.777,0.17178,0.17208,0.05,0.45
2017.10.10 11:48:14.349,0.17177,0.17207,0.41,0.39
2017.10.10 11:48:24.110,0.17177,0.17204,0.36,0.14
2017.10.10 11:48:24.166,0.17179,0.17205,0.30,0.13
2017.10.10 11:48:24.983,0.17182,0.17208,0.33,0.19
2017.10.10 11:48:30.738,0.17182,0.17208,0.05,0.34
2017.10.10 11:49:00.955,0.17192,0.17206,0.01,0.01
2017.10.10 11:49:01.006,0.17182,0.17218,0.05,0.43
2017.10.10 11:49:01.107,0.17186,0.17212,0.43,0.24
2017.10.10 11:50:12.640,0.17187,0.17223,0.44,0.51
2017.10.10 11:50:12.773,0.17192,0.17218,0.45,0.17
2017.10.10 11:50:54.041,0.17197,0.17213,0.02,0.02
2017.10.10 11:50:54.169,0.1719,0.17216,0.48,0.10
2017.10.10 11:50:54.219,0.17187,0.17213,0.19,0.32
2017.10.10 11:50:54.572,0.17184,0.1721,0.23,0.28
2017.10.10 11:51:00.933,0.17182,0.17208,0.02,0.04
2017.10.10 11:51:01.049,0.17178,0.17204,0.45,0.22
2017.10.10 11:51:02.169,0.17178,0.17204,0.05,0.39
2017.10.10 11:51:02.352,0.17178,0.17216,0.05,0.52
2017.10.10 11:51:02.876,0.17183,0.17209,0.45,0.31
2017.10.10 11:51:15.614,0.1717,0.17208,0.47,0.17
2017.10.10 11:51:16.408,0.17178,0.17204,0.28,0.36
2017.10.10 11:51:22.511,0.17178,0.17204,0.44,0.39
2017.10.10 11:51:22.684,0.17183,0.17209,0.08,0.31
2017.10.10 11:51:24.693,0.17182,0.17208,0.48,0.37
2017.10.10 11:51:24.819,0.1718,0.17206,0.13,0.39
2017.10.10 11:51:26.767,0.17182,0.17208,0.48,0.33
2017.10.10 11:51:26.900,0.17181,0.17207,0.05,0.09
2017.10.10 11:51:28.082,0.17182,0.17208,0.52,0.37
2017.10.10 11:51:28.209,0.1718,0.17205,0.04,0.04
2017.10.10 11:51:43.952,0.17179,0.17205,0.12,0.33
2017.10.10 11:51:44.113,0.1718,0.17206,0.51,0.33
2017.10.10 11:52:34.841,0.17176,0.17202,0.59,0.10
2017.10.10 11:52:35.203,0.17175,0.17201,0.08,0.33
2017.10.10 11:52:53.542,0.17177,0.17213,0.43,0.44
2017.10.10 11:52:53.690,0.17177,0.17216,0.43,0.44
2017.10.10 11:52:53.742,0.17181,0.17207,0.19,0.39
2017.10.10 11:53:12.859,0.1717,0.17207,0.41,0.21
2017.10.10 11:53:13.235,0.17181,0.17207,0.44,0.25
2017.10.10 11:53:14.868,0.17181,0.17207,0.44,0.25
2017.10.10 11:53:14.988,0.17179,0.17205,0.34,0.36
2017.10.10 11:53:15.533,0.17178,0.17215,0.45,0.35
2017.10.10 11:53:16.139,0.17181,0.17207,0.52,0.12
2017.10.10 11:53:16.464,0.1717,0.17207,0.52,0.12
2017.10.10 11:53:16.629,0.17182,0.17208,0.55,0.28
2017.10.10 11:53:18.624,0.17182,0.17208,0.25,0.30
2017.10.10 11:53:18.790,0.17178,0.17204,0.33,0.35
2017.10.10 11:53:25.981,0.17178,0.17204,0.12,0.39
2017.10.10 11:53:26.158,0.17181,0.17207,0.59,0.34
2017.10.10 11:53:26.813,0.17182,0.17208,0.09,0.38
2017.10.10 11:53:26.939,0.17182,0.17208,0.09,0.38
2017.10.10 11:53:27.109,0.17179,0.17205,0.08,0.39
2017.10.10 11:53:31.467,0.17178,0.17215,0.15,0.44
2017.10.10 11:53:32.011,0.17182,0.17208,0.15,0.32
2017.10.10 11:53:48.899,0.17181,0.1722,0.48,0.41
2017.10.10 11:53:49.097,0.17187,0.17213,0.47,0.28
2017.10.10 11:54:46.805,0.17186,0.17212,0.02,0.04
2017.10.10 11:54:46.929,0.17183,0.17209,0.49,0.21
2017.10.10 11:54:46.980,0.17183,0.17209,0.49,0.21
2017.10.10 11:54:47.297,0.17183,0.17209,0.48,0.19
2017.10.10 11:55:21.826,0.17182,0.17208,0.44,0.22
2017.10.10 11:55:22.004,0.17186,0.17212,0.43,0.09
2017.10.10 11:55:22.740,0.17175,0.17212,0.47,0.43
2017.10.10 11:55:23.297,0.17183,0.17209,0.39,0.39
2017.10.10 11:55:29.269,0.17182,0.17208,0.04,0.31
2017.10.10 11:55:29.392,0.17184,0.1721,0.05,0.36
2017.10.10 11:56:26.997,0.17186,0.17212,0.35,0.35
2017.10.10 11:56:27.148,0.17183,0.17209,0.05,0.32
2017.10.10 11:56:27.406,0.17185,0.17211,0.05,0.29
2017.10.10 11:56:27.636,0.17186,0.17212,0.37,0.28
2017.10.10 11:56:30.547,0.17186,0.17211,0.04,0.04
2017.10.10 11:56:30.698,0.17186,0.17212,0.15,0.39
2017.10.10 11:56:32.179,0.17186,0.17212,0.15,0.39
2017.10.10 11:56:32.397,0.17184,0.1721,0.36,0.25
2017.10.10 11:56:33.055,0.17186,0.17212,0.35,0.36
2017.10.10 11:56:33.180,0.17185,0.17212,0.11,0.48
2017.10.10 11:56:33.698,0.17184,0.1721,0.11,0.33
2017.10.10 11:56:39.880,0.17172,0.17209,0.43,0.45
2017.10.10 11:56:40.031,0.17179,0.17205,0.05,0.34
2017.10.10 11:56:41.150,0.17179,0.17204,0.04,0.04
2017.10.10 11:56:41.275,0.17181,0.17207,0.05,0.32
2017.10.10 11:56:43.783,0.17181,0.17208,0.14,0.45
2017.10.10 11:56:43.910,0.17181,0.17207,0.05,0.34
2017.10.10 11:56:44.061,0.17179,0.17205,0.49,0.34
2017.10.10 11:56:44.472,0.17179,0.17205,0.44,0.32
2017.10.10 11:56:44.600,0.17169,0.17206,0.44,0.10
2017.10.10 11:56:50.486,0.17179,0.17205,0.05,0.19
2017.10.10 11:57:17.628,0.17182,0.17208,0.04,0.21
2017.10.10 11:57:17.861,0.17186,0.17212,0.45,0.33
2017.10.10 11:57:18.244,0.17185,0.17211,0.24,0.04
2017.10.10 11:57:18.853,0.17182,0.17208,0.05,0.18
2017.10.10 11:57:40.304,0.17182,0.17208,0.39,0.35
2017.10.10 11:57:40.474,0.17186,0.17212,0.43,0.29
2017.10.10 11:57:48.918,0.17174,0.17211,0.45,0.12
2017.10.10 11:58:07.300,0.17182,0.17209,0.41,0.20
2017.10.10 11:58:08.042,0.17186,0.17212,0.45,0.34
2017.10.10 11:59:06.356,0.17196,0.1721,0.01,0.01
2017.10.10 11:59:06.406,0.17186,0.17222,0.48,0.45
2017.10.10 11:59:06.507,0.17191,0.17217,0.40,0.29
2017.10.10 11:59:07.370,0.17179,0.17217,0.45,0.32
2017.10.10 11:59:07.541,0.17188,0.17225,0.45,0.49
2017.10.10 11:59:07.645,0.17189,0.17215,0.30,0.29
2017.10.10 11:59:12.890,0.17192,0.17218,0.22,0.25
2017.10.10 11:59:12.940,0.17192,0.17218,0.23,0.25
2017.10.10 11:59:13.104,0.17189,0.17215,0.22,0.04
2017.10.10 11:59:13.486,0.1719,0.17215,0.04,0.04
2017.10.10 11:59:13.637,0.17192,0.17218,0.24,0.35
2017.10.10 11:59:14.424,0.17191,0.17217,0.36,0.18
2017.10.10 11:59:15.121,0.1719,0.17216,0.08,0.39
2017.10.10 11:59:15.694,0.17189,0.17215,0.30,0.28
2017.10.10 11:59:16.044,0.17192,0.17218,0.43,0.32
2017.10.10 11:59:16.353,0.17189,0.17215,0.05,0.29
