2013.05.29 14:00:00.341,0.22318,0.22354,0.03,0.02
2013.05.29 14:00:00.853,0.22316,0.22349,0.02,0.02
2013.05.29 14:00:00.992,0.22313,0.22351,0.06,0.03
2013.05.29 14:00:01.054,0.22323,0.22353,0.02,0.02
2013.05.29 14:00:01.234,0.22324,0.22354,0.02,0.02
2013.05.29 14:00:02.414,0.22323,0.22354,0.02,0.03
2013.05.29 14:00:03.101,0.22316,0.22352,0.03,0.03
2013.05.29 14:00:03.614,0.22319,0.22356,0.03,0.02
2013.05.29 14:00:06.053,0.22323,0.22356,0.02,0.03
2013.05.29 14:00:06.698,0.22321,0.22354,0.03,0.02
2013.05.29 14:00:07.124,0.22324,0.22356,0.02,0.05
2013.05.29 14:00:07.503,0.22324,0.22356,0.03,0.04
2013.05.29 14:00:09.284,0.22324,0.22354,0.02,0.03
2013.05.29 14:00:09.882,0.22316,0.2235,0.03,0.02
2013.05.29 14:00:10.243,0.22314,0.22345,0.02,0.02
2013.05.29 14:00:10.304,0.22313,0.22347,0.02,0.03
2013.05.29 14:00:10.363,0.22314,0.22345,0.02,0.02
2013.05.29 14:00:10.751,0.22316,0.22347,0.02,0.02
2013.05.29 14:00:12.353,0.2231,0.22341,0.02,0.03
2013.05.29 14:00:12.421,0.2231,0.22341,0.03,0.02
2013.05.29 14:00:13.667,0.22309,0.22339,0.02,0.02
2013.05.29 14:00:14.731,0.22309,0.22341,0.03,0.03
2013.05.29 14:00:18.865,0.22313,0.22343,0.02,0.06
2013.05.29 14:00:18.923,0.22315,0.22348,0.03,0.03
2013.05.29 14:00:19.943,0.22319,0.22349,0.02,0.02
2013.05.29 14:00:20.551,0.22314,0.22348,0.05,0.03
2013.05.29 14:00:22.903,0.22315,0.22345,0.02,0.02
2013.05.29 14:00:23.224,0.22308,0.2234,0.03,0.03
2013.05.29 14:00:23.344,0.22308,0.22342,0.03,0.02
2013.05.29 14:00:23.403,0.22314,0.22345,0.02,0.02
2013.05.29 14:00:23.463,0.22314,0.22346,0.03,0.02
2013.05.29 14:00:24.842,0.2231,0.22344,0.02,0.03
2013.05.29 14:00:25.023,0.22307,0.22338,0.03,0.03
2013.05.29 14:00:25.544,0.22307,0.22339,0.03,0.03
2013.05.29 14:00:25.617,0.22303,0.22334,0.02,0.02
2013.05.29 14:00:26.630,0.22306,0.22337,0.02,0.03
2013.05.29 14:00:27.374,0.22304,0.22336,0.03,0.02
2013.05.29 14:00:27.726,0.22304,0.22338,0.05,0.04
2013.05.29 14:00:28.871,0.22306,0.22337,0.02,0.03
2013.05.29 14:00:28.993,0.22311,0.22342,0.02,0.02
2013.05.29 14:00:30.150,0.22313,0.22344,0.02,0.03
2013.05.29 14:00:30.456,0.22313,0.22347,0.02,0.02
2013.05.29 14:00:31.673,0.22304,0.22336,0.03,0.02
2013.05.29 14:00:31.754,0.2231,0.22341,0.03,0.02
2013.05.29 14:00:32.193,0.2231,0.22345,0.03,0.02
2013.05.29 14:00:32.732,0.2231,0.22343,0.03,0.02
2013.05.29 14:00:33.043,0.22309,0.2234,0.02,0.03
2013.05.29 14:00:33.466,0.22311,0.22343,0.02,0.03
2013.05.29 14:00:33.524,0.22311,0.22344,0.03,0.02
2013.05.29 14:00:34.149,0.22308,0.22338,0.02,0.02
2013.05.29 14:00:34.203,0.22308,0.22338,0.02,0.02
2013.05.29 14:00:34.360,0.22308,0.22338,0.03,0.02
2013.05.29 14:00:36.624,0.2231,0.22341,0.02,0.03
2013.05.29 14:00:37.320,0.2231,0.22341,0.03,0.03
2013.05.29 14:00:38.180,0.22311,0.22344,0.03,0.02
2013.05.29 14:00:38.275,0.22313,0.22343,0.03,0.02
2013.05.29 14:00:38.851,0.22313,0.22343,0.05,0.02
2013.05.29 14:00:39.333,0.2231,0.22341,0.02,0.03
2013.05.29 14:00:39.453,0.22308,0.22342,0.03,0.03
2013.05.29 14:00:39.513,0.22308,0.22341,0.03,0.02
2013.05.29 14:00:40.143,0.22314,0.22345,0.02,0.03
2013.05.29 14:00:40.204,0.22314,0.22345,0.04,0.03
2013.05.29 14:00:40.323,0.22314,0.22344,0.05,0.02
2013.05.29 14:00:40.975,0.22315,0.22346,0.02,0.02
2013.05.29 14:00:41.098,0.22308,0.22338,0.04,0.02
2013.05.29 14:00:41.903,0.22314,0.22346,0.03,0.02
2013.05.29 14:00:42.678,0.22319,0.22351,0.02,0.02
2013.05.29 14:00:42.733,0.22315,0.22347,0.03,0.03
2013.05.29 14:00:44.563,0.22325,0.22355,0.02,0.03
2013.05.29 14:00:44.704,0.22322,0.22353,0.03,0.02
2013.05.29 14:00:45.255,0.22325,0.22355,0.03,0.02
2013.05.29 14:00:46.046,0.22325,0.2236,0.03,0.02
2013.05.29 14:00:46.126,0.22328,0.2236,0.03,0.02
2013.05.29 14:00:46.413,0.22329,0.22364,0.02,0.04
2013.05.29 14:00:46.473,0.22328,0.22359,0.03,0.02
2013.05.29 14:00:47.087,0.22331,0.22363,0.03,0.02
2013.05.29 14:00:47.774,0.22325,0.22358,0.02,0.03
2013.05.29 14:00:47.834,0.22325,0.22357,0.02,0.03
2013.05.29 14:00:47.953,0.22325,0.22355,0.03,0.02
2013.05.29 14:00:54.490,0.22329,0.22359,0.02,0.02
2013.05.29 14:00:54.569,0.22329,0.2236,0.03,0.02
2013.05.29 14:00:56.603,0.22326,0.22357,0.02,0.03
2013.05.29 14:00:57.634,0.22331,0.22364,0.03,0.02
2013.05.29 14:00:57.753,0.22331,0.22362,0.03,0.02
2013.05.29 14:00:58.103,0.22328,0.22361,0.03,0.02
2013.05.29 14:00:58.731,0.22325,0.22355,0.02,0.02
2013.05.29 14:00:58.809,0.22325,0.22355,0.02,0.02
2013.05.29 14:00:58.864,0.22318,0.22349,0.03,0.02
2013.05.29 14:00:59.172,0.22324,0.22354,0.02,0.02
2013.05.29 14:00:59.931,0.22324,0.22354,0.02,0.02
2013.05.29 14:01:02.180,0.22325,0.22355,0.02,0.02
2013.05.29 14:01:02.624,0.22325,0.22359,0.03,0.02
2013.05.29 14:01:03.399,0.22331,0.22362,0.02,0.02
2013.05.29 14:01:03.556,0.22331,0.22362,0.03,0.02
2013.05.29 14:01:03.613,0.22331,0.22363,0.03,0.03
2013.05.29 14:01:04.290,0.22329,0.22361,0.02,0.02
2013.05.29 14:01:04.344,0.22329,0.22363,0.02,0.02
2013.05.29 14:01:04.923,0.2233,0.22362,0.03,0.03
2013.05.29 14:01:05.085,0.22333,0.22364,0.03,0.02
2013.05.29 14:01:05.641,0.22333,0.22364,0.03,0.03
2013.05.29 14:01:06.185,0.22331,0.22361,0.02,0.02
2013.05.29 14:01:06.733,0.22332,0.22364,0.02,0.03
2013.05.29 14:01:06.979,0.2232,0.22356,0.02,0.05
2013.05.29 14:01:07.155,0.22324,0.22357,0.02,0.04
2013.05.29 14:01:07.213,0.22323,0.22354,0.02,0.03
2013.05.29 14:01:07.334,0.22321,0.22351,0.02,0.02
2013.05.29 14:01:07.774,0.22319,0.22349,0.02,0.02
2013.05.29 14:01:07.847,0.22317,0.22348,0.03,0.02
2013.05.29 14:01:11.633,0.22316,0.22346,0.02,0.02
2013.05.29 14:01:12.283,0.22316,0.22348,0.03,0.02
2013.05.29 14:01:14.526,0.22313,0.22344,0.03,0.03
2013.05.29 14:01:14.804,0.22313,0.22343,0.03,0.02
2013.05.29 14:01:15.520,0.22313,0.22343,0.07,0.02
2013.05.29 14:01:15.643,0.22313,0.22346,0.07,0.02
2013.05.29 14:01:15.763,0.22318,0.2235,0.03,0.02
2013.05.29 14:01:16.113,0.22321,0.22352,0.02,0.02
2013.05.29 14:01:16.440,0.22321,0.22355,0.03,0.07
2013.05.29 14:01:16.648,0.22315,0.22347,0.03,0.03
2013.05.29 14:01:16.756,0.22315,0.22347,0.02,0.03
2013.05.29 14:01:16.873,0.22315,0.22345,0.03,0.02
2013.05.29 14:01:17.552,0.22315,0.22346,0.03,0.02
2013.05.29 14:01:17.677,0.22314,0.22344,0.03,0.02
2013.05.29 14:01:17.744,0.22314,0.22345,0.04,0.02
2013.05.29 14:01:19.824,0.22316,0.22348,0.02,0.03
2013.05.29 14:01:20.337,0.22318,0.22348,0.02,0.02
2013.05.29 14:01:20.473,0.22318,0.22349,0.02,0.03
2013.05.29 14:01:21.072,0.22318,0.22349,0.03,0.03
2013.05.29 14:01:24.963,0.22316,0.22346,0.02,0.02
2013.05.29 14:01:25.092,0.22316,0.22347,0.03,0.03
2013.05.29 14:01:25.194,0.2231,0.22342,0.02,0.03
2013.05.29 14:01:25.315,0.22314,0.22345,0.02,0.03
2013.05.29 14:01:25.524,0.2231,0.22343,0.03,0.02
2013.05.29 14:01:28.305,0.22312,0.22343,0.02,0.02
2013.05.29 14:01:28.485,0.22304,0.22334,0.02,0.02
2013.05.29 14:01:28.543,0.22308,0.2234,0.03,0.02
2013.05.29 14:01:28.837,0.22307,0.22337,0.02,0.02
2013.05.29 14:01:28.894,0.22307,0.22337,0.03,0.02
2013.05.29 14:01:28.954,0.22303,0.22335,0.04,0.03
2013.05.29 14:01:29.073,0.22306,0.22336,0.02,0.03
2013.05.29 14:01:29.133,0.22306,0.22338,0.03,0.03
2013.05.29 14:01:29.194,0.22308,0.22338,0.02,0.03
2013.05.29 14:01:29.254,0.22304,0.22337,0.03,0.03
2013.05.29 14:01:29.314,0.22308,0.22339,0.03,0.02
2013.05.29 14:01:29.778,0.22306,0.22338,0.02,0.03
2013.05.29 14:01:30.023,0.22308,0.2234,0.03,0.03
2013.05.29 14:01:31.163,0.22307,0.22338,0.02,0.03
2013.05.29 14:01:31.223,0.22305,0.22336,0.03,0.02
2013.05.29 14:01:32.426,0.22303,0.22334,0.03,0.03
2013.05.29 14:01:32.484,0.22303,0.22334,0.04,0.02
2013.05.29 14:01:32.914,0.22307,0.22337,0.02,0.03
2013.05.29 14:01:33.252,0.22306,0.22338,0.03,0.03
2013.05.29 14:01:34.023,0.22309,0.22341,0.03,0.03
2013.05.29 14:01:34.907,0.22308,0.22339,0.02,0.03
2013.05.29 14:01:35.824,0.22316,0.22347,0.02,0.03
2013.05.29 14:01:36.154,0.22316,0.22348,0.03,0.03
2013.05.29 14:01:36.573,0.22313,0.22343,0.03,0.02
2013.05.29 14:01:37.041,0.2231,0.22341,0.02,0.03
2013.05.29 14:01:37.503,0.22314,0.22346,0.03,0.03
2013.05.29 14:01:37.609,0.22311,0.22341,0.02,0.02
2013.05.29 14:01:38.164,0.22311,0.22341,0.02,0.02
2013.05.29 14:01:38.731,0.22307,0.22339,0.02,0.02
2013.05.29 14:01:38.945,0.22316,0.22346,0.02,0.02
2013.05.29 14:01:39.451,0.22316,0.22349,0.03,0.03
2013.05.29 14:01:40.411,0.22309,0.22339,0.02,0.02
2013.05.29 14:01:40.645,0.22313,0.22343,0.04,0.02
2013.05.29 14:01:41.713,0.22304,0.22334,0.02,0.02
2013.05.29 14:01:42.061,0.22308,0.2234,0.03,0.02
2013.05.29 14:01:42.693,0.22308,0.2234,0.03,0.03
2013.05.29 14:01:43.815,0.22308,0.22341,0.03,0.03
2013.05.29 14:01:43.933,0.22304,0.22337,0.02,0.02
2013.05.29 14:01:43.993,0.22304,0.22335,0.03,0.03
2013.05.29 14:01:44.761,0.22302,0.22332,0.02,0.02
2013.05.29 14:01:48.084,0.22309,0.2234,0.03,0.02
2013.05.29 14:01:48.143,0.22307,0.22337,0.02,0.04
2013.05.29 14:01:48.203,0.22307,0.22339,0.03,0.03
2013.05.29 14:01:48.733,0.22305,0.22336,0.03,0.02
2013.05.29 14:01:49.114,0.22309,0.22339,0.02,0.03
2013.05.29 14:01:49.622,0.22307,0.2234,0.03,0.02
2013.05.29 14:01:50.138,0.22307,0.22338,0.03,0.03
2013.05.29 14:01:50.802,0.22309,0.22339,0.02,0.02
2013.05.29 14:01:51.632,0.22307,0.2234,0.03,0.02
2013.05.29 14:01:52.354,0.22313,0.22344,0.02,0.03
2013.05.29 14:01:52.484,0.22314,0.22344,0.02,0.02
2013.05.29 14:01:52.544,0.22309,0.22341,0.03,0.03
2013.05.29 14:01:52.700,0.22311,0.22342,0.03,0.02
2013.05.29 14:01:54.263,0.22311,0.22343,0.02,0.03
2013.05.29 14:01:54.584,0.22308,0.22341,0.03,0.03
2013.05.29 14:01:55.233,0.22303,0.22336,0.04,0.03
2013.05.29 14:01:55.293,0.22303,0.22335,0.03,0.02
2013.05.29 14:01:56.576,0.22302,0.22333,0.02,0.03
2013.05.29 14:01:56.814,0.22304,0.22334,0.04,0.02
2013.05.29 14:01:59.180,0.22307,0.22337,0.02,0.02
2013.05.29 14:01:59.303,0.22307,0.22338,0.03,0.03
2013.05.29 14:02:01.894,0.22303,0.22335,0.04,0.03
2013.05.29 14:02:02.225,0.22304,0.22335,0.03,0.03
2013.05.29 14:02:03.004,0.22304,0.22338,0.03,0.07
2013.05.29 14:02:04.203,0.22301,0.22331,0.03,0.02
2013.05.29 14:02:04.916,0.22307,0.2234,0.03,0.02
2013.05.29 14:02:05.658,0.22309,0.22339,0.02,0.02
2013.05.29 14:02:05.715,0.22313,0.22343,0.02,0.05
2013.05.29 14:02:05.833,0.22313,0.22345,0.02,0.03
2013.05.29 14:02:06.263,0.22304,0.22334,0.03,0.02
2013.05.29 14:02:06.393,0.22308,0.2234,0.03,0.02
2013.05.29 14:02:06.573,0.22304,0.22336,0.05,0.02
2013.05.29 14:02:06.633,0.22314,0.22344,0.02,0.02
2013.05.29 14:02:07.173,0.22313,0.22343,0.02,0.02
2013.05.29 14:02:07.523,0.22309,0.22341,0.02,0.03
2013.05.29 14:02:07.973,0.22309,0.22342,0.03,0.03
2013.05.29 14:02:08.650,0.22303,0.22337,0.05,0.03
2013.05.29 14:02:08.747,0.22304,0.22338,0.02,0.02
2013.05.29 14:02:09.276,0.22304,0.22336,0.02,0.03
2013.05.29 14:02:11.173,0.22301,0.22331,0.02,0.02
2013.05.29 14:02:15.389,0.22309,0.22341,0.02,0.03
2013.05.29 14:02:15.454,0.22306,0.22338,0.03,0.03
2013.05.29 14:02:15.532,0.22309,0.22342,0.03,0.02
2013.05.29 14:02:15.748,0.22307,0.22339,0.03,0.03
2013.05.29 14:02:16.524,0.22303,0.22334,0.03,0.02
2013.05.29 14:02:16.593,0.22308,0.22341,0.03,0.02
2013.05.29 14:02:17.223,0.22305,0.22335,0.03,0.02
2013.05.29 14:02:17.833,0.22313,0.22345,0.02,0.04
2013.05.29 14:02:18.064,0.22315,0.22346,0.02,0.02
2013.05.29 14:02:18.630,0.22314,0.22344,0.02,0.02
2013.05.29 14:02:19.489,0.22305,0.22335,0.02,0.02
2013.05.29 14:02:19.603,0.22314,0.22344,0.02,0.02
2013.05.29 14:02:19.663,0.22306,0.22342,0.02,0.05
2013.05.29 14:02:19.723,0.22304,0.22336,0.02,0.09
2013.05.29 14:02:19.883,0.22303,0.22334,0.02,0.03
2013.05.29 14:02:20.466,0.22303,0.22336,0.04,0.02
2013.05.29 14:02:20.597,0.22297,0.22327,0.02,0.02
2013.05.29 14:02:21.093,0.22303,0.22334,0.03,0.03
2013.05.29 14:02:21.153,0.22303,0.22333,0.03,0.02
2013.05.29 14:02:21.681,0.22303,0.22336,0.03,0.04
2013.05.29 14:02:21.803,0.22301,0.22332,0.02,0.03
2013.05.29 14:02:22.113,0.22296,0.22326,0.02,0.04
2013.05.29 14:02:22.493,0.22294,0.22325,0.02,0.02
2013.05.29 14:02:23.359,0.22292,0.22322,0.02,0.02
2013.05.29 14:02:23.688,0.22289,0.22323,0.02,0.03
2013.05.29 14:02:24.690,0.22294,0.22324,0.03,0.02
2013.05.29 14:02:25.130,0.22292,0.22322,0.02,0.02
2013.05.29 14:02:25.513,0.2229,0.22321,0.02,0.03
2013.05.29 14:02:26.063,0.2229,0.22321,0.02,0.03
2013.05.29 14:02:28.643,0.22294,0.22324,0.02,0.02
2013.05.29 14:02:29.738,0.2229,0.22321,0.02,0.03
2013.05.29 14:02:30.313,0.22294,0.22324,0.02,0.02
2013.05.29 14:02:30.961,0.22293,0.22325,0.03,0.05
2013.05.29 14:02:36.707,0.22291,0.22321,0.02,0.04
2013.05.29 14:02:36.853,0.22293,0.22324,0.03,0.04
2013.05.29 14:02:37.354,0.22286,0.22317,0.02,0.02
2013.05.29 14:02:39.249,0.22286,0.2232,0.03,0.02
2013.05.29 14:02:39.804,0.22291,0.22322,0.02,0.03
2013.05.29 14:02:39.864,0.22294,0.22325,0.02,0.07
2013.05.29 14:02:41.218,0.22293,0.22325,0.02,0.07
2013.05.29 14:02:42.054,0.22287,0.22317,0.02,0.02
2013.05.29 14:02:42.114,0.22287,0.22319,0.03,0.02
2013.05.29 14:02:42.721,0.22283,0.22313,0.02,0.02
2013.05.29 14:02:42.784,0.22287,0.22317,0.02,0.02
2013.05.29 14:02:43.675,0.22287,0.22318,0.03,0.03
2013.05.29 14:02:49.053,0.22289,0.2232,0.02,0.02
2013.05.29 14:02:49.293,0.22284,0.22316,0.05,0.02
2013.05.29 14:02:49.353,0.2229,0.22324,0.03,0.02
2013.05.29 14:02:50.208,0.2229,0.22325,0.03,0.02
2013.05.29 14:02:53.443,0.22293,0.22331,0.04,0.05
2013.05.29 14:02:53.503,0.22296,0.22326,0.02,0.02
2013.05.29 14:02:55.284,0.22294,0.22324,0.02,0.02
2013.05.29 14:02:55.343,0.22291,0.22322,0.02,0.03
2013.05.29 14:02:56.444,0.22288,0.22318,0.04,0.02
2013.05.29 14:02:56.796,0.22294,0.22328,0.03,0.05
2013.05.29 14:02:56.875,0.22297,0.22328,0.02,0.02
2013.05.29 14:02:57.905,0.22294,0.22324,0.03,0.02
2013.05.29 14:02:58.425,0.22298,0.22329,0.03,0.02
2013.05.29 14:02:59.163,0.22297,0.22328,0.02,0.03
2013.05.29 14:02:59.365,0.22293,0.22323,0.03,0.02
2013.05.29 14:03:01.065,0.22299,0.22331,0.03,0.03
2013.05.29 14:03:01.303,0.22301,0.22334,0.03,0.03
2013.05.29 14:03:02.944,0.22303,0.22334,0.02,0.03
2013.05.29 14:03:03.756,0.22301,0.22334,0.03,0.02
2013.05.29 14:03:04.060,0.22298,0.22329,0.02,0.03
2013.05.29 14:03:04.213,0.22298,0.22332,0.03,0.02
2013.05.29 14:03:04.273,0.22298,0.22328,0.03,0.02
2013.05.29 14:03:04.393,0.22298,0.22332,0.03,0.02
2013.05.29 14:03:04.635,0.22302,0.22332,0.02,0.02
2013.05.29 14:03:04.894,0.22299,0.22329,0.02,0.02
2013.05.29 14:03:04.953,0.22299,0.22329,0.02,0.02
2013.05.29 14:03:05.323,0.22302,0.22332,0.02,0.02
2013.05.29 14:03:05.384,0.22302,0.22335,0.03,0.02
2013.05.29 14:03:05.722,0.22291,0.22325,0.02,0.04
2013.05.29 14:03:05.976,0.22293,0.22324,0.02,0.03
2013.05.29 14:03:06.552,0.22294,0.22324,0.02,0.02
2013.05.29 14:03:06.833,0.22294,0.22324,0.02,0.03
2013.05.29 14:03:06.954,0.22293,0.22326,0.02,0.07
2013.05.29 14:03:07.076,0.22291,0.22322,0.02,0.02
2013.05.29 14:03:08.264,0.22283,0.22317,0.03,0.03
2013.05.29 14:03:08.323,0.22286,0.22317,0.03,0.03
2013.05.29 14:03:08.775,0.22289,0.22319,0.02,0.02
2013.05.29 14:03:09.334,0.22286,0.22318,0.03,0.03
2013.05.29 14:03:10.009,0.22288,0.22322,0.03,0.03
2013.05.29 14:03:10.322,0.22286,0.22317,0.02,0.03
2013.05.29 14:03:11.048,0.22284,0.22317,0.04,0.03
2013.05.29 14:03:11.693,0.22286,0.22316,0.02,0.02
2013.05.29 14:03:12.325,0.22287,0.22319,0.02,0.03
2013.05.29 14:03:13.176,0.22291,0.22322,0.02,0.02
2013.05.29 14:03:13.294,0.22294,0.22325,0.02,0.07
2013.05.29 14:03:13.991,0.22294,0.22325,0.02,0.07
2013.05.29 14:03:14.635,0.22286,0.22318,0.02,0.03
2013.05.29 14:03:14.754,0.22288,0.2232,0.02,0.02
2013.05.29 14:03:14.925,0.22288,0.22321,0.03,0.03
2013.05.29 14:03:16.288,0.22287,0.22318,0.02,0.03
2013.05.29 14:03:16.569,0.22287,0.22318,0.03,0.03
2013.05.29 14:03:17.784,0.22288,0.22322,0.03,0.02
2013.05.29 14:03:18.922,0.22281,0.22312,0.04,0.02
2013.05.29 14:03:18.985,0.22286,0.22319,0.03,0.02
2013.05.29 14:03:19.593,0.22283,0.22313,0.03,0.02
2013.05.29 14:03:19.805,0.22287,0.22318,0.02,0.03
2013.05.29 14:03:21.239,0.22288,0.22318,0.02,0.02
2013.05.29 14:03:22.020,0.22288,0.22323,0.03,0.02
2013.05.29 14:03:22.383,0.22289,0.22319,0.03,0.02
2013.05.29 14:03:22.503,0.2229,0.22323,0.03,0.02
2013.05.29 14:03:23.180,0.22287,0.22319,0.03,0.02
2013.05.29 14:03:23.604,0.22291,0.22321,0.02,0.02
2013.05.29 14:03:24.986,0.22294,0.22326,0.02,0.03
2013.05.29 14:03:25.584,0.22294,0.22326,0.03,0.03
2013.05.29 14:03:28.847,0.2229,0.22321,0.03,0.03
2013.05.29 14:03:28.964,0.22287,0.22319,0.04,0.02
2013.05.29 14:03:29.651,0.22293,0.22324,0.03,0.02
2013.05.29 14:03:29.873,0.2229,0.22322,0.02,0.03
2013.05.29 14:03:31.634,0.22294,0.22326,0.03,0.03
2013.05.29 14:03:31.843,0.2229,0.2232,0.02,0.02
2013.05.29 14:03:32.467,0.22288,0.22318,0.02,0.02
2013.05.29 14:03:32.963,0.22296,0.22326,0.02,0.03
2013.05.29 14:03:33.024,0.22293,0.22324,0.02,0.03
2013.05.29 14:03:33.579,0.22291,0.22322,0.02,0.03
2013.05.29 14:03:33.714,0.22297,0.22327,0.02,0.03
2013.05.29 14:03:33.837,0.22288,0.22318,0.02,0.02
2013.05.29 14:03:35.152,0.2229,0.22322,0.02,0.03
2013.05.29 14:03:35.523,0.22288,0.22318,0.02,0.02
2013.05.29 14:03:36.858,0.22294,0.22326,0.03,0.03
2013.05.29 14:03:36.984,0.22293,0.22326,0.02,0.10
2013.05.29 14:03:39.154,0.22294,0.22326,0.03,0.03
2013.05.29 14:03:39.791,0.22294,0.22326,0.04,0.03
2013.05.29 14:03:40.913,0.22299,0.22331,0.02,0.03
2013.05.29 14:03:41.034,0.22296,0.22328,0.03,0.02
2013.05.29 14:03:41.345,0.22302,0.22332,0.02,0.03
2013.05.29 14:03:41.704,0.22296,0.22328,0.02,0.03
2013.05.29 14:03:41.763,0.22296,0.22328,0.03,0.02
2013.05.29 14:03:42.313,0.22297,0.22327,0.02,0.02
2013.05.29 14:03:42.813,0.22294,0.22326,0.02,0.03
2013.05.29 14:03:46.774,0.22297,0.22327,0.02,0.02
2013.05.29 14:03:47.002,0.22296,0.22328,0.03,0.03
2013.05.29 14:03:47.484,0.22295,0.22327,0.03,0.03
2013.05.29 14:03:47.915,0.22299,0.22331,0.02,0.03
2013.05.29 14:03:48.581,0.22299,0.22331,0.03,0.02
2013.05.29 14:03:49.878,0.22297,0.22328,0.02,0.03
2013.05.29 14:03:50.582,0.22297,0.2233,0.03,0.02
2013.05.29 14:03:51.254,0.22285,0.22315,0.03,0.02
2013.05.29 14:03:51.408,0.22294,0.22325,0.02,0.05
2013.05.29 14:03:51.784,0.22294,0.22326,0.02,0.02
2013.05.29 14:03:51.956,0.22291,0.22323,0.02,0.03
2013.05.29 14:03:52.786,0.22294,0.22326,0.04,0.06
2013.05.29 14:03:53.294,0.22294,0.22326,0.04,0.04
2013.05.29 14:03:53.717,0.22293,0.22323,0.02,0.02
2013.05.29 14:03:53.843,0.22287,0.22322,0.03,0.02
2013.05.29 14:03:53.964,0.22287,0.2232,0.03,0.02
2013.05.29 14:03:54.481,0.22283,0.22313,0.03,0.02
2013.05.29 14:03:55.274,0.22289,0.2232,0.03,0.02
2013.05.29 14:03:56.188,0.22286,0.22318,0.02,0.03
2013.05.29 14:03:56.762,0.22287,0.22318,0.02,0.03
2013.05.29 14:03:57.791,0.22287,0.22319,0.03,0.02
2013.05.29 14:03:58.394,0.22283,0.22313,0.03,0.02
2013.05.29 14:03:58.986,0.22288,0.22319,0.02,0.03
2013.05.29 14:03:59.862,0.22288,0.2232,0.03,0.02
2013.05.29 14:03:59.954,0.22291,0.22325,0.03,0.06
2013.05.29 14:04:00.895,0.22302,0.22332,0.02,0.04
2013.05.29 14:04:01.194,0.22298,0.22331,0.02,0.02
2013.05.29 14:04:01.286,0.223,0.22331,0.02,0.02
2013.05.29 14:04:02.423,0.22299,0.22329,0.02,0.02
2013.05.29 14:04:02.802,0.22293,0.22325,0.03,0.03
2013.05.29 14:04:03.543,0.22291,0.22323,0.02,0.03
2013.05.29 14:04:03.689,0.22294,0.22325,0.02,0.04
2013.05.29 14:04:04.446,0.22294,0.22324,0.02,0.02
2013.05.29 14:04:05.716,0.22291,0.22323,0.03,0.03
2013.05.29 14:04:05.773,0.22289,0.2232,0.02,0.03
2013.05.29 14:04:06.401,0.22289,0.22321,0.03,0.03
2013.05.29 14:04:06.466,0.22291,0.22323,0.03,0.02
2013.05.29 14:04:06.892,0.22288,0.22319,0.02,0.03
2013.05.29 14:04:07.014,0.22288,0.22319,0.03,0.02
2013.05.29 14:04:10.284,0.22288,0.22323,0.03,0.02
2013.05.29 14:04:10.404,0.2229,0.22323,0.03,0.02
2013.05.29 14:04:10.697,0.2229,0.22322,0.03,0.03
2013.05.29 14:04:10.833,0.22288,0.22319,0.02,0.03
2013.05.29 14:04:12.307,0.22288,0.22324,0.03,0.04
2013.05.29 14:04:12.814,0.22294,0.22325,0.02,0.07
2013.05.29 14:04:15.814,0.22288,0.22318,0.02,0.02
2013.05.29 14:04:17.141,0.2229,0.2232,0.02,0.02
2013.05.29 14:04:25.384,0.22289,0.2232,0.03,0.03
2013.05.29 14:04:25.664,0.22287,0.22321,0.03,0.09
2013.05.29 14:04:25.724,0.22287,0.22317,0.03,0.02
2013.05.29 14:04:26.607,0.22288,0.22319,0.02,0.02
2013.05.29 14:04:26.822,0.22288,0.22322,0.03,0.02
2013.05.29 14:04:28.314,0.22285,0.22315,0.03,0.02
2013.05.29 14:04:28.943,0.22291,0.22324,0.03,0.02
2013.05.29 14:04:29.612,0.22291,0.22324,0.03,0.02
2013.05.29 14:04:34.513,0.22291,0.22324,0.03,0.02
2013.05.29 14:04:35.943,0.22288,0.2232,0.02,0.03
2013.05.29 14:04:36.003,0.22288,0.22321,0.03,0.02
2013.05.29 14:04:38.590,0.22289,0.22319,0.02,0.02
2013.05.29 14:04:39.263,0.22283,0.22318,0.04,0.03
2013.05.29 14:04:41.973,0.2229,0.22322,0.02,0.03
2013.05.29 14:04:42.033,0.2229,0.22323,0.03,0.02
2013.05.29 14:04:43.059,0.22292,0.22324,0.02,0.02
2013.05.29 14:04:43.574,0.22294,0.22324,0.02,0.02
2013.05.29 14:04:43.893,0.22296,0.22326,0.02,0.02
2013.05.29 14:04:46.045,0.22304,0.22335,0.02,0.03
2013.05.29 14:04:46.164,0.22295,0.22326,0.03,0.03
2013.05.29 14:04:46.224,0.22302,0.22333,0.03,0.03
2013.05.29 14:04:50.204,0.22303,0.22333,0.02,0.02
2013.05.29 14:04:53.834,0.22302,0.22335,0.03,0.03
2013.05.29 14:04:53.925,0.22298,0.22332,0.03,0.04
2013.05.29 14:04:53.983,0.22297,0.22327,0.02,0.02
2013.05.29 14:04:54.103,0.22295,0.22327,0.03,0.03
2013.05.29 14:04:54.285,0.22299,0.22329,0.02,0.03
2013.05.29 14:04:54.801,0.22301,0.22333,0.03,0.03
2013.05.29 14:04:55.304,0.22299,0.22333,0.03,0.04
2013.05.29 14:04:55.423,0.22297,0.22327,0.02,0.02
2013.05.29 14:04:55.483,0.22295,0.22327,0.03,0.03
2013.05.29 14:04:56.506,0.22294,0.22324,0.04,0.02
2013.05.29 14:04:57.325,0.22285,0.22315,0.02,0.02
2013.05.29 14:04:57.405,0.22293,0.22325,0.02,0.07
2013.05.29 14:04:58.533,0.22294,0.22325,0.02,0.03
2013.05.29 14:04:59.644,0.22292,0.22325,0.02,0.03
2013.05.29 14:05:00.094,0.22293,0.22325,0.03,0.03
2013.05.29 14:05:00.214,0.22302,0.22334,0.02,0.04
2013.05.29 14:05:00.631,0.22293,0.22328,0.03,0.03
2013.05.29 14:05:01.013,0.22299,0.22332,0.03,0.02
2013.05.29 14:05:01.351,0.22301,0.22332,0.02,0.02
2013.05.29 14:05:01.404,0.22301,0.22333,0.03,0.03
2013.05.29 14:05:02.541,0.22299,0.22331,0.02,0.02
2013.05.29 14:05:02.625,0.22296,0.22327,0.02,0.02
2013.05.29 14:05:03.083,0.22295,0.22326,0.03,0.02
2013.05.29 14:05:03.443,0.22297,0.22331,0.03,0.06
2013.05.29 14:05:03.967,0.22295,0.22326,0.03,0.02
2013.05.29 14:05:04.284,0.22294,0.22326,0.02,0.03
2013.05.29 14:05:04.665,0.2229,0.22321,0.02,0.03
2013.05.29 14:05:04.924,0.22296,0.22327,0.03,0.02
2013.05.29 14:05:04.984,0.22296,0.22326,0.02,0.02
2013.05.29 14:05:05.434,0.22291,0.22325,0.02,0.05
2013.05.29 14:05:05.554,0.22293,0.22324,0.02,0.03
2013.05.29 14:05:05.673,0.22294,0.22326,0.02,0.04
2013.05.29 14:05:05.736,0.22291,0.22324,0.03,0.02
2013.05.29 14:05:06.293,0.22294,0.22324,0.02,0.02
2013.05.29 14:05:07.423,0.22293,0.22323,0.02,0.02
2013.05.29 14:05:08.008,0.22286,0.22319,0.02,0.02
2013.05.29 14:05:08.063,0.22286,0.22317,0.03,0.03
2013.05.29 14:05:08.444,0.22287,0.22319,0.03,0.02
2013.05.29 14:05:08.744,0.22289,0.22319,0.02,0.02
2013.05.29 14:05:09.264,0.22284,0.22317,0.05,0.03
2013.05.29 14:05:09.496,0.22291,0.22322,0.02,0.02
2013.05.29 14:05:09.554,0.22294,0.22324,0.04,0.03
2013.05.29 14:05:09.613,0.22294,0.22325,0.06,0.02
2013.05.29 14:05:09.733,0.22294,0.22328,0.03,0.04
2013.05.29 14:05:09.806,0.22294,0.22327,0.03,0.02
2013.05.29 14:05:10.938,0.22291,0.22321,0.02,0.02
2013.05.29 14:05:11.125,0.22297,0.22329,0.03,0.02
2013.05.29 14:05:11.586,0.22288,0.22318,0.04,0.02
2013.05.29 14:05:11.682,0.22294,0.22327,0.04,0.03
2013.05.29 14:05:13.413,0.22297,0.22327,0.02,0.02
2013.05.29 14:05:13.643,0.22297,0.22331,0.03,0.06
2013.05.29 14:05:15.352,0.22294,0.22326,0.05,0.02
2013.05.29 14:05:15.543,0.22294,0.22327,0.03,0.02
2013.05.29 14:05:15.725,0.22294,0.22328,0.03,0.04
2013.05.29 14:05:15.784,0.22296,0.22326,0.02,0.02
2013.05.29 14:05:15.844,0.22296,0.22331,0.03,0.02
2013.05.29 14:05:16.024,0.22291,0.22321,0.02,0.02
2013.05.29 14:05:16.603,0.22297,0.22331,0.03,0.06
2013.05.29 14:05:17.564,0.22296,0.22328,0.02,0.03
2013.05.29 14:05:18.078,0.22296,0.22331,0.03,0.02
2013.05.29 14:05:18.426,0.22287,0.22319,0.06,0.02
2013.05.29 14:05:18.583,0.22293,0.22327,0.05,0.02
2013.05.29 14:05:19.775,0.22294,0.22326,0.03,0.02
2013.05.29 14:05:19.894,0.22293,0.22323,0.02,0.02
2013.05.29 14:05:20.503,0.22294,0.22326,0.02,0.10
2013.05.29 14:05:20.744,0.22296,0.22326,0.02,0.02
2013.05.29 14:05:20.804,0.22296,0.22331,0.03,0.02
2013.05.29 14:05:20.863,0.22298,0.22329,0.02,0.03
2013.05.29 14:05:22.056,0.22297,0.22327,0.02,0.02
2013.05.29 14:05:22.234,0.22297,0.22328,0.03,0.03
2013.05.29 14:05:27.056,0.22293,0.22325,0.04,0.03
2013.05.29 14:05:27.243,0.22293,0.22325,0.04,0.03
2013.05.29 14:05:29.024,0.22294,0.22325,0.02,0.02
2013.05.29 14:05:29.083,0.22296,0.22326,0.02,0.02
2013.05.29 14:05:31.010,0.22294,0.22325,0.02,0.03
2013.05.29 14:05:31.652,0.22294,0.22325,0.04,0.03
2013.05.29 14:05:32.154,0.22291,0.22322,0.02,0.03
2013.05.29 14:05:32.355,0.22285,0.22316,0.03,0.02
2013.05.29 14:05:32.474,0.22287,0.2232,0.03,0.02
2013.05.29 14:05:32.724,0.22284,0.22316,0.03,0.03
2013.05.29 14:05:33.330,0.22284,0.22317,0.03,0.03
2013.05.29 14:05:33.734,0.22287,0.22317,0.02,0.02
2013.05.29 14:05:37.104,0.2229,0.22321,0.02,0.02
2013.05.29 14:05:37.501,0.22291,0.22324,0.03,0.02
2013.05.29 14:05:38.534,0.22293,0.22325,0.02,0.06
2013.05.29 14:05:40.282,0.22291,0.22324,0.03,0.02
2013.05.29 14:05:40.657,0.22287,0.22317,0.02,0.02
2013.05.29 14:05:40.774,0.22287,0.2232,0.03,0.02
2013.05.29 14:05:40.834,0.22287,0.22318,0.02,0.02
2013.05.29 14:05:43.514,0.22278,0.22309,0.02,0.02
2013.05.29 14:05:43.605,0.22283,0.22316,0.04,0.03
2013.05.29 14:05:43.854,0.22276,0.22306,0.03,0.02
2013.05.29 14:05:46.221,0.22287,0.22317,0.02,0.02
2013.05.29 14:05:46.337,0.22283,0.22313,0.02,0.02
2013.05.29 14:05:46.399,0.22284,0.22319,0.02,0.03
2013.05.29 14:05:46.514,0.22284,0.22316,0.02,0.04
2013.05.29 14:05:47.424,0.22283,0.22314,0.02,0.03
2013.05.29 14:05:47.484,0.22282,0.22312,0.03,0.02
2013.05.29 14:05:48.091,0.22287,0.22317,0.02,0.02
2013.05.29 14:05:48.636,0.2229,0.2232,0.02,0.03
2013.05.29 14:05:48.694,0.22286,0.22317,0.03,0.02
2013.05.29 14:05:48.754,0.2229,0.22326,0.03,0.08
2013.05.29 14:05:49.343,0.22296,0.22326,0.02,0.02
2013.05.29 14:05:49.403,0.22296,0.22326,0.02,0.02
2013.05.29 14:05:49.469,0.22296,0.22331,0.03,0.03
2013.05.29 14:05:49.584,0.22296,0.22327,0.03,0.03
2013.05.29 14:05:49.993,0.2229,0.22324,0.02,0.03
2013.05.29 14:05:50.053,0.22291,0.22323,0.02,0.03
2013.05.29 14:05:50.880,0.22294,0.22324,0.02,0.02
2013.05.29 14:05:51.552,0.22293,0.22323,0.02,0.02
2013.05.29 14:05:52.339,0.22294,0.22324,0.02,0.02
2013.05.29 14:05:54.424,0.2229,0.2232,0.03,0.02
2013.05.29 14:05:55.304,0.22293,0.22324,0.02,0.02
2013.05.29 14:05:57.753,0.2229,0.22321,0.03,0.02
2013.05.29 14:05:58.547,0.22294,0.22324,0.02,0.02
2013.05.29 14:06:00.531,0.22292,0.22325,0.02,0.03
2013.05.29 14:06:03.288,0.2229,0.22325,0.03,0.03
2013.05.29 14:06:04.649,0.22293,0.22324,0.02,0.02
2013.05.29 14:06:05.104,0.22296,0.22326,0.02,0.02
2013.05.29 14:06:05.223,0.22298,0.22329,0.02,0.03
2013.05.29 14:06:05.355,0.22298,0.22332,0.03,0.03
2013.05.29 14:06:05.831,0.22295,0.22327,0.03,0.02
2013.05.29 14:06:05.886,0.22303,0.22333,0.02,0.02
2013.05.29 14:06:06.323,0.22306,0.22336,0.02,0.02
2013.05.29 14:06:06.785,0.22306,0.22339,0.02,0.02
2013.05.29 14:06:06.913,0.22309,0.22341,0.03,0.03
2013.05.29 14:06:06.973,0.22311,0.22342,0.02,0.02
2013.05.29 14:06:07.273,0.22311,0.22343,0.03,0.02
2013.05.29 14:06:07.335,0.22314,0.22344,0.02,0.02
2013.05.29 14:06:08.070,0.22314,0.22344,0.02,0.02
2013.05.29 14:06:08.414,0.22305,0.22336,0.03,0.02
2013.05.29 14:06:08.534,0.22307,0.22337,0.02,0.03
2013.05.29 14:06:09.705,0.22297,0.22327,0.03,0.02
2013.05.29 14:06:09.883,0.22303,0.22334,0.03,0.03
2013.05.29 14:06:10.004,0.22304,0.22335,0.03,0.02
2013.05.29 14:06:10.373,0.22306,0.22336,0.02,0.02
2013.05.29 14:06:10.702,0.2231,0.2234,0.02,0.02
2013.05.29 14:06:10.764,0.22307,0.22338,0.03,0.03
2013.05.29 14:06:10.824,0.22306,0.22336,0.02,0.02
2013.05.29 14:06:11.163,0.22307,0.22345,0.02,0.02
2013.05.29 14:06:11.223,0.22304,0.22336,0.02,0.02
2013.05.29 14:06:11.404,0.22308,0.22344,0.03,0.02
2013.05.29 14:06:11.464,0.22308,0.22343,0.03,0.04
2013.05.29 14:06:11.524,0.22299,0.22331,0.03,0.02
2013.05.29 14:06:11.584,0.22306,0.22339,0.03,0.03
2013.05.29 14:06:12.680,0.22298,0.22328,0.02,0.02
2013.05.29 14:06:12.794,0.22304,0.22335,0.02,0.02
2013.05.29 14:06:12.914,0.22306,0.22336,0.02,0.02
2013.05.29 14:06:13.114,0.22303,0.22333,0.04,0.02
2013.05.29 14:06:13.233,0.22306,0.22336,0.02,0.02
2013.05.29 14:06:13.848,0.22304,0.22336,0.02,0.04
2013.05.29 14:06:13.904,0.22301,0.22331,0.02,0.02
2013.05.29 14:06:14.024,0.22303,0.22333,0.02,0.02
2013.05.29 14:06:14.144,0.22301,0.22331,0.02,0.02
2013.05.29 14:06:14.263,0.22304,0.22336,0.03,0.02
2013.05.29 14:06:14.656,0.2231,0.22341,0.02,0.02
2013.05.29 14:06:14.714,0.22307,0.22339,0.03,0.02
2013.05.29 14:06:14.774,0.22307,0.22344,0.03,0.05
2013.05.29 14:06:14.924,0.22307,0.22339,0.03,0.02
2013.05.29 14:06:15.044,0.22305,0.22337,0.02,0.03
2013.05.29 14:06:15.384,0.22314,0.22345,0.05,0.02
2013.05.29 14:06:16.039,0.22314,0.22348,0.06,0.03
2013.05.29 14:06:17.143,0.22312,0.22343,0.03,0.02
2013.05.29 14:06:17.231,0.2231,0.22341,0.02,0.03
2013.05.29 14:06:17.744,0.2231,0.22341,0.02,0.03
2013.05.29 14:06:18.030,0.22312,0.22343,0.02,0.03
2013.05.29 14:06:18.144,0.22313,0.22344,0.02,0.02
2013.05.29 14:06:18.712,0.22314,0.22344,0.02,0.02
2013.05.29 14:06:20.924,0.22314,0.22348,0.03,0.03
2013.05.29 14:06:22.335,0.22309,0.22339,0.02,0.02
2013.05.29 14:06:22.494,0.22313,0.22346,0.02,0.03
2013.05.29 14:06:22.679,0.22313,0.22343,0.02,0.02
2013.05.29 14:06:23.863,0.22313,0.22343,0.03,0.02
2013.05.29 14:06:24.224,0.22314,0.22348,0.05,0.02
2013.05.29 14:06:25.435,0.22314,0.22347,0.03,0.03
2013.05.29 14:06:25.934,0.22312,0.22342,0.02,0.02
2013.05.29 14:06:26.434,0.2231,0.22342,0.02,0.03
2013.05.29 14:06:26.770,0.22307,0.22338,0.05,0.02
2013.05.29 14:06:27.525,0.22314,0.22346,0.02,0.03
2013.05.29 14:06:28.723,0.22307,0.22338,0.05,0.02
2013.05.29 14:06:28.914,0.22314,0.22346,0.02,0.03
2013.05.29 14:06:29.094,0.22313,0.22344,0.04,0.03
2013.05.29 14:06:29.872,0.22313,0.22343,0.04,0.02
2013.05.29 14:06:31.300,0.22315,0.22346,0.02,0.03
2013.05.29 14:06:31.832,0.22311,0.22341,0.02,0.02
2013.05.29 14:06:31.914,0.22314,0.22346,0.02,0.04
2013.05.29 14:06:32.285,0.22311,0.22341,0.02,0.02
2013.05.29 14:06:32.834,0.22312,0.22345,0.02,0.05
2013.05.29 14:06:33.808,0.22313,0.22345,0.02,0.06
2013.05.29 14:06:34.363,0.22313,0.22344,0.02,0.02
2013.05.29 14:06:34.424,0.22313,0.22344,0.04,0.03
2013.05.29 14:06:36.803,0.22311,0.22342,0.02,0.03
2013.05.29 14:06:37.494,0.22308,0.22338,0.04,0.02
2013.05.29 14:06:39.215,0.22316,0.22346,0.02,0.04
2013.05.29 14:06:39.524,0.22319,0.22351,0.03,0.02
2013.05.29 14:06:39.854,0.22316,0.22348,0.03,0.03
2013.05.29 14:06:40.095,0.22313,0.22343,0.03,0.02
2013.05.29 14:06:40.585,0.22311,0.22341,0.02,0.02
2013.05.29 14:06:42.203,0.22314,0.22344,0.02,0.02
2013.05.29 14:06:42.264,0.22309,0.22339,0.03,0.02
2013.05.29 14:06:42.788,0.22314,0.22344,0.02,0.02
2013.05.29 14:06:43.323,0.22308,0.22338,0.03,0.02
2013.05.29 14:06:43.384,0.22311,0.22342,0.02,0.03
2013.05.29 14:06:43.804,0.22306,0.22341,0.03,0.02
2013.05.29 14:06:43.944,0.22306,0.2234,0.03,0.02
2013.05.29 14:06:45.440,0.22304,0.22334,0.02,0.02
2013.05.29 14:06:45.655,0.22308,0.22341,0.03,0.03
2013.05.29 14:06:46.573,0.22304,0.22336,0.03,0.02
2013.05.29 14:06:47.036,0.22312,0.22345,0.02,0.03
2013.05.29 14:06:47.712,0.22313,0.22345,0.02,0.03
2013.05.29 14:06:48.533,0.22316,0.22346,0.02,0.02
2013.05.29 14:06:48.835,0.22316,0.22346,0.02,0.02
2013.05.29 14:06:49.194,0.22315,0.22348,0.03,0.03
2013.05.29 14:06:49.749,0.22316,0.22348,0.03,0.03
2013.05.29 14:06:49.884,0.22316,0.2235,0.03,0.07
2013.05.29 14:06:51.844,0.22313,0.22345,0.02,0.03
2013.05.29 14:06:51.964,0.22312,0.22344,0.04,0.03
2013.05.29 14:06:52.572,0.2231,0.22342,0.02,0.03
2013.05.29 14:06:53.146,0.22313,0.22344,0.02,0.03
2013.05.29 14:06:53.668,0.22313,0.22344,0.02,0.02
2013.05.29 14:06:54.483,0.22313,0.22343,0.02,0.02
2013.05.29 14:06:55.804,0.22316,0.22346,0.02,0.02
2013.05.29 14:06:56.172,0.22316,0.22347,0.02,0.03
2013.05.29 14:06:56.233,0.22319,0.2235,0.02,0.02
2013.05.29 14:06:57.864,0.2232,0.22351,0.02,0.03
2013.05.29 14:06:58.705,0.22314,0.22344,0.02,0.02
2013.05.29 14:06:59.424,0.22315,0.22345,0.02,0.02
2013.05.29 14:07:00.194,0.22318,0.22348,0.02,0.03
2013.05.29 14:07:00.314,0.22315,0.22345,0.02,0.02
2013.05.29 14:07:01.494,0.22314,0.22345,0.02,0.03
2013.05.29 14:07:01.861,0.22314,0.22345,0.02,0.05
2013.05.29 14:07:02.381,0.22314,0.22346,0.04,0.06
2013.05.29 14:07:03.071,0.22314,0.22344,0.04,0.02
2013.05.29 14:07:03.365,0.2231,0.22342,0.02,0.03
2013.05.29 14:07:03.990,0.22313,0.22343,0.02,0.02
2013.05.29 14:07:05.134,0.2231,0.22345,0.03,0.03
2013.05.29 14:07:05.761,0.22312,0.22345,0.02,0.03
2013.05.29 14:07:07.446,0.22315,0.22346,0.02,0.03
2013.05.29 14:07:07.564,0.22307,0.22339,0.02,0.02
2013.05.29 14:07:07.623,0.22314,0.22346,0.02,0.03
2013.05.29 14:07:08.266,0.22314,0.22345,0.02,0.02
2013.05.29 14:07:09.222,0.22306,0.22336,0.03,0.02
2013.05.29 14:07:09.505,0.2231,0.22343,0.03,0.02
2013.05.29 14:07:09.564,0.22304,0.22334,0.02,0.02
2013.05.29 14:07:09.795,0.22308,0.22341,0.03,0.03
2013.05.29 14:07:10.095,0.22306,0.22336,0.02,0.02
2013.05.29 14:07:10.621,0.22304,0.22337,0.03,0.03
2013.05.29 14:07:11.216,0.22306,0.22337,0.02,0.03
2013.05.29 14:07:11.721,0.22306,0.22337,0.02,0.02
2013.05.29 14:07:11.784,0.22308,0.22339,0.02,0.02
2013.05.29 14:07:13.645,0.22307,0.22337,0.02,0.02
2013.05.29 14:07:14.433,0.22307,0.22339,0.03,0.02
2013.05.29 14:07:16.293,0.22309,0.22339,0.02,0.02
2013.05.29 14:07:16.864,0.22309,0.22341,0.03,0.03
2013.05.29 14:07:27.165,0.22311,0.22341,0.02,0.03
2013.05.29 14:07:27.224,0.22311,0.22345,0.03,0.03
2013.05.29 14:07:27.798,0.22305,0.22337,0.02,0.03
2013.05.29 14:07:27.864,0.22308,0.22339,0.03,0.02
2013.05.29 14:07:29.464,0.22308,0.22343,0.03,0.02
2013.05.29 14:07:29.685,0.22308,0.22341,0.03,0.02
2013.05.29 14:07:30.376,0.22311,0.22342,0.02,0.03
2013.05.29 14:07:30.695,0.22314,0.22344,0.04,0.02
2013.05.29 14:07:30.781,0.22314,0.22346,0.04,0.03
2013.05.29 14:07:30.964,0.22316,0.22346,0.02,0.02
2013.05.29 14:07:31.550,0.22316,0.22349,0.03,0.02
2013.05.29 14:07:31.685,0.22319,0.22349,0.02,0.02
2013.05.29 14:07:32.679,0.22315,0.22346,0.02,0.03
2013.05.29 14:07:33.074,0.22313,0.22347,0.03,0.03
2013.05.29 14:07:33.335,0.22318,0.22348,0.02,0.02
2013.05.29 14:07:33.454,0.2231,0.2234,0.03,0.02
2013.05.29 14:07:33.577,0.22316,0.2235,0.03,0.05
2013.05.29 14:07:35.497,0.22316,0.2235,0.03,0.07
2013.05.29 14:07:36.334,0.22314,0.22346,0.03,0.03
2013.05.29 14:07:37.475,0.22318,0.22349,0.02,0.02
2013.05.29 14:07:37.831,0.22321,0.22352,0.03,0.03
2013.05.29 14:07:39.863,0.22322,0.22355,0.02,0.08
2013.05.29 14:07:41.634,0.22319,0.22349,0.02,0.02
2013.05.29 14:07:41.694,0.22319,0.22351,0.03,0.03
2013.05.29 14:07:42.034,0.22311,0.22341,0.04,0.02
2013.05.29 14:07:42.563,0.22318,0.2235,0.03,0.02
2013.05.29 14:07:43.252,0.22318,0.22349,0.03,0.03
2013.05.29 14:07:44.414,0.22321,0.22351,0.02,0.03
2013.05.29 14:07:44.976,0.22318,0.22348,0.02,0.02
2013.05.29 14:07:45.094,0.22318,0.2235,0.03,0.02
2013.05.29 14:07:45.167,0.22318,0.22349,0.03,0.03
2013.05.29 14:07:49.026,0.22321,0.22351,0.02,0.03
2013.05.29 14:07:49.394,0.22314,0.22344,0.02,0.02
2013.05.29 14:07:49.824,0.22308,0.22338,0.02,0.02
2013.05.29 14:07:49.954,0.2231,0.2234,0.03,0.02
2013.05.29 14:07:50.562,0.22316,0.22347,0.03,0.02
2013.05.29 14:07:51.143,0.22316,0.22347,0.03,0.03
2013.05.29 14:07:56.484,0.22315,0.22346,0.03,0.04
2013.05.29 14:07:57.009,0.22324,0.22354,0.02,0.03
2013.05.29 14:07:57.659,0.2232,0.22351,0.03,0.03
2013.05.29 14:07:57.834,0.2231,0.22341,0.05,0.02
2013.05.29 14:07:58.144,0.22318,0.22349,0.02,0.03
2013.05.29 14:07:59.246,0.22315,0.22347,0.02,0.03
2013.05.29 14:07:59.565,0.22318,0.22349,0.02,0.03
2013.05.29 14:07:59.696,0.22316,0.22347,0.02,0.02
2013.05.29 14:07:59.916,0.22316,0.22348,0.03,0.03
2013.05.29 14:07:59.978,0.22316,0.22349,0.03,0.02
2013.05.29 14:08:00.416,0.22308,0.22338,0.04,0.02
2013.05.29 14:08:00.506,0.22314,0.22346,0.02,0.07
2013.05.29 14:08:00.635,0.22313,0.22343,0.02,0.02
2013.05.29 14:08:01.034,0.22309,0.22341,0.02,0.03
2013.05.29 14:08:01.760,0.22309,0.22343,0.03,0.03
2013.05.29 14:08:01.997,0.2231,0.2234,0.02,0.02
2013.05.29 14:08:02.214,0.22314,0.22351,0.02,0.02
2013.05.29 14:08:04.121,0.22313,0.22345,0.02,0.02
2013.05.29 14:08:06.754,0.22313,0.22344,0.02,0.02
2013.05.29 14:08:07.355,0.2231,0.22344,0.03,0.03
2013.05.29 14:08:08.517,0.22303,0.22334,0.02,0.02
2013.05.29 14:08:08.694,0.22308,0.22342,0.03,0.03
2013.05.29 14:08:08.753,0.22306,0.22339,0.03,0.03
2013.05.29 14:08:10.705,0.22306,0.22341,0.03,0.03
2013.05.29 14:08:11.923,0.22306,0.22339,0.03,0.02
2013.05.29 14:08:35.756,0.22303,0.22333,0.03,0.02
2013.05.29 14:08:36.142,0.22314,0.22346,0.04,0.02
2013.05.29 14:08:36.407,0.22314,0.22347,0.03,0.03
2013.05.29 14:08:37.426,0.22305,0.22335,0.02,0.02
2013.05.29 14:08:38.088,0.22314,0.22344,0.04,0.02
2013.05.29 14:08:40.287,0.2231,0.22342,0.03,0.03
2013.05.29 14:08:41.274,0.22311,0.22342,0.03,0.03
2013.05.29 14:08:41.995,0.22313,0.22344,0.02,0.03
2013.05.29 14:08:42.423,0.22315,0.22346,0.03,0.03
2013.05.29 14:08:43.030,0.22315,0.22347,0.03,0.02
2013.05.29 14:08:46.321,0.22315,0.22346,0.03,0.02
2013.05.29 14:08:47.349,0.22314,0.22344,0.02,0.02
2013.05.29 14:08:47.482,0.22316,0.22346,0.02,0.03
2013.05.29 14:08:47.640,0.22316,0.2235,0.03,0.05
2013.05.29 14:08:47.694,0.22321,0.22351,0.02,0.02
2013.05.29 14:08:47.755,0.22324,0.22355,0.02,0.03
2013.05.29 14:08:47.814,0.22318,0.22348,0.02,0.02
2013.05.29 14:08:47.874,0.22318,0.22354,0.03,0.06
2013.05.29 14:08:47.995,0.22318,0.22351,0.03,0.03
2013.05.29 14:08:48.344,0.22321,0.22355,0.03,0.07
2013.05.29 14:08:49.618,0.22317,0.22349,0.02,0.03
2013.05.29 14:08:50.151,0.22322,0.22355,0.02,0.03
2013.05.29 14:08:50.661,0.2232,0.22356,0.03,0.05
2013.05.29 14:08:50.724,0.2232,0.22352,0.03,0.02
2013.05.29 14:08:52.301,0.22322,0.22355,0.02,0.03
2013.05.29 14:08:52.424,0.22316,0.22348,0.02,0.03
2013.05.29 14:08:52.484,0.22317,0.22349,0.03,0.03
2013.05.29 14:08:52.544,0.22315,0.22346,0.02,0.03
2013.05.29 14:08:54.849,0.22309,0.22339,0.03,0.02
2013.05.29 14:08:54.904,0.22314,0.22346,0.02,0.02
2013.05.29 14:08:57.563,0.22314,0.22349,0.02,0.09
2013.05.29 14:08:58.064,0.22314,0.22347,0.03,0.03
2013.05.29 14:08:58.276,0.2231,0.2234,0.02,0.02
2013.05.29 14:08:58.473,0.22316,0.2235,0.03,0.07
2013.05.29 14:09:01.044,0.22313,0.22343,0.05,0.02
2013.05.29 14:09:01.104,0.22317,0.22348,0.02,0.03
2013.05.29 14:09:07.992,0.22315,0.22346,0.04,0.02
2013.05.29 14:09:08.692,0.22315,0.22351,0.03,0.06
2013.05.29 14:09:12.297,0.22314,0.22346,0.03,0.02
2013.05.29 14:09:12.354,0.22314,0.22349,0.03,0.05
2013.05.29 14:09:14.807,0.22306,0.22336,0.03,0.02
2013.05.29 14:09:14.864,0.22313,0.22344,0.02,0.02
2013.05.29 14:09:15.076,0.22313,0.22346,0.02,0.06
2013.05.29 14:09:15.602,0.22313,0.22345,0.02,0.02
2013.05.29 14:09:17.385,0.22313,0.22343,0.04,0.02
2013.05.29 14:09:18.034,0.22314,0.22346,0.02,0.03
2013.05.29 14:09:18.951,0.2231,0.2234,0.03,0.02
2013.05.29 14:09:19.301,0.22316,0.22349,0.03,0.02
2013.05.29 14:09:23.385,0.22313,0.22344,0.03,0.03
2013.05.29 14:09:23.594,0.22313,0.22345,0.04,0.02
2013.05.29 14:09:24.459,0.22311,0.22341,0.02,0.02
2013.05.29 14:09:24.665,0.22315,0.22349,0.03,0.02
2013.05.29 14:09:33.762,0.22315,0.22347,0.03,0.03
2013.05.29 14:09:37.127,0.22313,0.22343,0.04,0.02
2013.05.29 14:09:44.845,0.22315,0.22345,0.02,0.02
2013.05.29 14:09:45.045,0.22315,0.22351,0.03,0.07
2013.05.29 14:09:46.815,0.22315,0.2235,0.03,0.02
2013.05.29 14:09:50.561,0.22313,0.22344,0.05,0.03
2013.05.29 14:09:50.723,0.22313,0.22346,0.04,0.02
2013.05.29 14:09:51.799,0.22315,0.22346,0.02,0.03
2013.05.29 14:09:51.974,0.22315,0.2235,0.03,0.02
2013.05.29 14:09:56.704,0.22314,0.22345,0.03,0.03
2013.05.29 14:09:56.944,0.22314,0.22346,0.04,0.02
2013.05.29 14:09:58.275,0.22316,0.22347,0.02,0.03
2013.05.29 14:09:59.106,0.22316,0.2235,0.03,0.07
2013.05.29 14:10:00.852,0.22316,0.22348,0.03,0.03
2013.05.29 14:10:04.914,0.22318,0.22349,0.02,0.02
2013.05.29 14:10:04.974,0.22318,0.2235,0.03,0.02
2013.05.29 14:10:09.056,0.22315,0.22346,0.03,0.02
2013.05.29 14:10:18.884,0.22315,0.2235,0.03,0.02
2013.05.29 14:10:19.184,0.22314,0.22344,0.02,0.02
2013.05.29 14:10:19.304,0.22313,0.22343,0.03,0.02
2013.05.29 14:10:20.131,0.22314,0.22346,0.02,0.10
2013.05.29 14:10:20.812,0.22314,0.22345,0.02,0.02
2013.05.29 14:10:32.494,0.2231,0.22343,0.02,0.03
2013.05.29 14:10:32.976,0.22306,0.2234,0.03,0.02
2013.05.29 14:10:33.054,0.22306,0.22338,0.02,0.02
2013.05.29 14:10:35.374,0.22308,0.22346,0.02,0.02
2013.05.29 14:10:37.404,0.22306,0.22339,0.03,0.03
2013.05.29 14:10:39.237,0.22306,0.22342,0.03,0.05
2013.05.29 14:10:43.638,0.22305,0.22335,0.03,0.02
2013.05.29 14:10:43.844,0.22311,0.22344,0.03,0.02
2013.05.29 14:10:44.435,0.22311,0.22345,0.03,0.04
2013.05.29 14:10:44.924,0.22313,0.22347,0.02,0.04
2013.05.29 14:10:44.984,0.22314,0.22345,0.02,0.03
2013.05.29 14:10:46.584,0.22304,0.22335,0.03,0.02
2013.05.29 14:10:46.726,0.22314,0.22345,0.02,0.04
2013.05.29 14:10:48.190,0.22314,0.22348,0.02,0.05
2013.05.29 14:10:48.254,0.22313,0.22347,0.02,0.04
2013.05.29 14:10:51.476,0.22313,0.22344,0.04,0.03
2013.05.29 14:10:52.223,0.22313,0.22347,0.04,0.03
2013.05.29 14:10:52.614,0.22306,0.22336,0.03,0.02
2013.05.29 14:10:53.216,0.22314,0.22346,0.02,0.09
2013.05.29 14:10:53.616,0.22314,0.22344,0.04,0.02
2013.05.29 14:10:53.838,0.22314,0.22348,0.04,0.04
2013.05.29 14:10:54.174,0.22314,0.22346,0.02,0.09
2013.05.29 14:11:03.764,0.22306,0.22337,0.03,0.02
2013.05.29 14:11:03.902,0.22306,0.22341,0.03,0.02
2013.05.29 14:11:06.112,0.22306,0.22342,0.03,0.07
2013.05.29 14:11:12.124,0.22306,0.2234,0.03,0.02
2013.05.29 14:11:17.177,0.22308,0.22338,0.02,0.02
2013.05.29 14:11:17.257,0.22308,0.22342,0.03,0.02
2013.05.29 14:11:18.043,0.22309,0.22342,0.03,0.02
2013.05.29 14:11:34.924,0.22311,0.22342,0.02,0.03
2013.05.29 14:11:35.905,0.22311,0.22345,0.03,0.05
2013.05.29 14:11:37.063,0.22311,0.22345,0.03,0.04
2013.05.29 14:11:37.184,0.22313,0.22347,0.02,0.03
2013.05.29 14:11:46.764,0.22311,0.22345,0.03,0.04
2013.05.29 14:12:00.246,0.22314,0.22346,0.02,0.03
2013.05.29 14:12:00.315,0.22313,0.22347,0.04,0.02
2013.05.29 14:12:00.903,0.22313,0.22346,0.04,0.02
2013.05.29 14:12:01.391,0.22305,0.22335,0.02,0.02
2013.05.29 14:12:01.840,0.22306,0.22342,0.02,0.04
2013.05.29 14:12:01.955,0.22308,0.22344,0.02,0.03
2013.05.29 14:12:02.015,0.22306,0.22341,0.03,0.02
2013.05.29 14:12:03.525,0.22302,0.22336,0.02,0.10
2013.05.29 14:12:03.704,0.22304,0.22335,0.02,0.02
2013.05.29 14:12:03.764,0.22303,0.22333,0.04,0.02
2013.05.29 14:12:03.824,0.22303,0.22339,0.05,0.03
2013.05.29 14:12:04.405,0.22304,0.22336,0.02,0.02
2013.05.29 14:12:06.184,0.22301,0.22335,0.02,0.03
2013.05.29 14:12:06.304,0.22304,0.22336,0.02,0.03
2013.05.29 14:12:08.495,0.22301,0.22333,0.03,0.02
2013.05.29 14:12:09.077,0.22304,0.22336,0.02,0.03
2013.05.29 14:12:09.742,0.22301,0.22333,0.03,0.02
2013.05.29 14:12:10.414,0.22303,0.22335,0.02,0.02
2013.05.29 14:12:10.914,0.22307,0.22337,0.03,0.02
2013.05.29 14:12:11.104,0.22307,0.22341,0.03,0.06
2013.05.29 14:12:11.864,0.22304,0.22338,0.04,0.03
2013.05.29 14:12:15.163,0.22313,0.22344,0.02,0.02
2013.05.29 14:12:15.224,0.22309,0.2234,0.02,0.03
2013.05.29 14:12:15.344,0.22311,0.22343,0.02,0.03
2013.05.29 14:12:18.264,0.22306,0.22338,0.02,0.03
2013.05.29 14:12:18.375,0.22307,0.22338,0.02,0.03
2013.05.29 14:12:18.443,0.22307,0.22341,0.03,0.07
2013.05.29 14:12:19.050,0.22308,0.22338,0.02,0.02
2013.05.29 14:12:19.260,0.2231,0.22341,0.02,0.03
2013.05.29 14:12:19.314,0.2231,0.22343,0.03,0.03
2013.05.29 14:12:20.016,0.22313,0.22343,0.02,0.02
2013.05.29 14:12:20.074,0.22307,0.22339,0.04,0.02
2013.05.29 14:12:20.194,0.22314,0.22349,0.03,0.06
2013.05.29 14:12:21.032,0.22316,0.2235,0.03,0.07
2013.05.29 14:12:21.444,0.22314,0.22344,0.02,0.02
2013.05.29 14:12:21.504,0.22314,0.22346,0.02,0.03
2013.05.29 14:12:22.258,0.22314,0.22349,0.02,0.05
2013.05.29 14:12:23.016,0.22316,0.22346,0.02,0.02
2013.05.29 14:12:23.744,0.22314,0.22345,0.02,0.04
2013.05.29 14:12:24.254,0.22313,0.22343,0.02,0.02
2013.05.29 14:12:24.596,0.22305,0.22335,0.02,0.02
2013.05.29 14:12:25.160,0.22314,0.22345,0.02,0.04
2013.05.29 14:12:25.796,0.22313,0.22343,0.02,0.02
2013.05.29 14:12:26.351,0.22313,0.22346,0.04,0.02
2013.05.29 14:12:33.700,0.22311,0.22345,0.04,0.03
2013.05.29 14:12:33.836,0.2231,0.2234,0.02,0.02
2013.05.29 14:12:34.515,0.22313,0.22343,0.03,0.02
2013.05.29 14:12:34.574,0.22307,0.22339,0.02,0.02
2013.05.29 14:12:34.674,0.22313,0.22349,0.05,0.07
2013.05.29 14:12:34.855,0.22314,0.22346,0.02,0.03
2013.05.29 14:12:35.754,0.22315,0.22345,0.03,0.02
2013.05.29 14:12:36.494,0.22314,0.22345,0.02,0.03
2013.05.29 14:12:36.804,0.2231,0.2234,0.02,0.02
2013.05.29 14:12:37.481,0.22313,0.22345,0.02,0.03
2013.05.29 14:12:40.290,0.22314,0.22346,0.02,0.10
2013.05.29 14:12:41.108,0.22313,0.22344,0.02,0.03
2013.05.29 14:12:48.776,0.22314,0.22344,0.02,0.02
2013.05.29 14:12:49.455,0.22307,0.22339,0.03,0.03
2013.05.29 14:12:49.574,0.22307,0.2234,0.03,0.02
2013.05.29 14:12:50.382,0.22307,0.2234,0.03,0.02
2013.05.29 14:12:55.449,0.22303,0.22335,0.05,0.03
2013.05.29 14:12:55.546,0.22303,0.22336,0.05,0.02
2013.05.29 14:12:56.445,0.22302,0.22332,0.03,0.02
2013.05.29 14:12:58.594,0.22304,0.22334,0.02,0.02
2013.05.29 14:12:58.787,0.22302,0.22333,0.03,0.02
2013.05.29 14:12:59.869,0.22303,0.22333,0.02,0.02
2013.05.29 14:13:01.277,0.22303,0.22336,0.02,0.10
2013.05.29 14:13:01.882,0.22303,0.22333,0.02,0.02
2013.05.29 14:13:02.561,0.22304,0.22336,0.02,0.10
2013.05.29 14:13:04.207,0.22302,0.22333,0.03,0.02
2013.05.29 14:13:04.324,0.22299,0.22331,0.02,0.03
2013.05.29 14:13:04.708,0.22296,0.22326,0.02,0.02
2013.05.29 14:13:04.764,0.22302,0.22334,0.03,0.02
2013.05.29 14:13:09.014,0.22306,0.22337,0.03,0.03
2013.05.29 14:13:09.790,0.22306,0.22339,0.03,0.02
2013.05.29 14:13:10.293,0.22306,0.22339,0.03,0.02
2013.05.29 14:13:11.096,0.22306,0.22338,0.03,0.02
2013.05.29 14:13:11.623,0.22306,0.22339,0.03,0.02
2013.05.29 14:13:12.444,0.22306,0.22341,0.03,0.02
2013.05.29 14:13:12.818,0.22306,0.22342,0.03,0.06
2013.05.29 14:13:13.155,0.22308,0.22339,0.02,0.03
2013.05.29 14:13:13.735,0.22308,0.2234,0.03,0.02
2013.05.29 14:13:14.354,0.22304,0.22336,0.03,0.02
2013.05.29 14:13:14.467,0.22308,0.22338,0.02,0.02
2013.05.29 14:13:15.384,0.22307,0.22338,0.02,0.03
2013.05.29 14:13:16.205,0.22308,0.22338,0.02,0.02
2013.05.29 14:13:17.190,0.22308,0.22343,0.03,0.02
2013.05.29 14:13:17.244,0.22306,0.22336,0.03,0.02
2013.05.29 14:13:18.204,0.2231,0.22344,0.03,0.03
2013.05.29 14:13:18.794,0.22313,0.22345,0.02,0.02
2013.05.29 14:13:21.899,0.22307,0.22339,0.02,0.03
2013.05.29 14:13:22.075,0.22307,0.22341,0.03,0.06
2013.05.29 14:13:23.893,0.22299,0.22329,0.03,0.02
2013.05.29 14:13:24.064,0.22303,0.22337,0.04,0.03
2013.05.29 14:13:24.553,0.22297,0.22327,0.03,0.02
2013.05.29 14:13:24.734,0.22299,0.22331,0.03,0.02
2013.05.29 14:13:24.914,0.22303,0.22337,0.04,0.04
2013.05.29 14:13:34.944,0.22306,0.22337,0.03,0.04
2013.05.29 14:13:38.104,0.22306,0.22339,0.03,0.02
2013.05.29 14:13:38.874,0.22306,0.2234,0.03,0.02
2013.05.29 14:13:39.644,0.22306,0.22339,0.03,0.02
2013.05.29 14:13:41.654,0.22309,0.22341,0.02,0.02
2013.05.29 14:13:41.731,0.22309,0.22346,0.03,0.02
2013.05.29 14:13:41.794,0.2231,0.22341,0.02,0.02
2013.05.29 14:13:42.214,0.22309,0.22339,0.02,0.02
2013.05.29 14:13:42.367,0.22307,0.22338,0.02,0.03
2013.05.29 14:13:46.174,0.22306,0.22338,0.03,0.03
2013.05.29 14:13:47.834,0.22309,0.22339,0.02,0.02
2013.05.29 14:13:53.734,0.22305,0.22338,0.03,0.03
2013.05.29 14:13:54.434,0.22308,0.22341,0.03,0.03
2013.05.29 14:13:55.575,0.22311,0.22342,0.02,0.02
2013.05.29 14:13:55.634,0.22311,0.22345,0.03,0.04
2013.05.29 14:13:58.725,0.22312,0.22345,0.02,0.03
2013.05.29 14:14:01.773,0.22307,0.22339,0.02,0.03
2013.05.29 14:14:04.997,0.22314,0.22344,0.02,0.02
2013.05.29 14:14:07.132,0.22314,0.22346,0.02,0.02
2013.05.29 14:14:07.194,0.22314,0.22344,0.02,0.02
2013.05.29 14:14:07.415,0.2231,0.2234,0.03,0.02
2013.05.29 14:14:08.023,0.22316,0.22346,0.02,0.02
2013.05.29 14:14:11.016,0.22316,0.2235,0.03,0.05
2013.05.29 14:14:11.875,0.22316,0.2235,0.03,0.05
2013.05.29 14:14:13.164,0.22324,0.22355,0.02,0.06
2013.05.29 14:14:13.284,0.22316,0.22349,0.02,0.03
2013.05.29 14:14:13.344,0.22318,0.22352,0.03,0.03
2013.05.29 14:14:13.902,0.22316,0.22347,0.02,0.03
2013.05.29 14:14:14.024,0.22321,0.22355,0.03,0.04
2013.05.29 14:14:14.563,0.22321,0.22354,0.03,0.02
2013.05.29 14:14:17.280,0.22317,0.22349,0.02,0.03
2013.05.29 14:14:18.674,0.22324,0.22354,0.02,0.02
2013.05.29 14:14:21.606,0.22316,0.22346,0.02,0.02
2013.05.29 14:14:21.979,0.22315,0.22347,0.02,0.03
2013.05.29 14:14:22.294,0.22315,0.22347,0.03,0.03
2013.05.29 14:14:22.808,0.22315,0.22349,0.03,0.03
2013.05.29 14:14:23.543,0.22315,0.22349,0.03,0.02
2013.05.29 14:14:33.485,0.22311,0.22343,0.02,0.04
2013.05.29 14:14:33.605,0.22309,0.22339,0.03,0.02
2013.05.29 14:14:33.665,0.22309,0.22339,0.03,0.02
2013.05.29 14:14:33.784,0.22304,0.22336,0.02,0.02
2013.05.29 14:14:33.846,0.2231,0.22345,0.03,0.03
2013.05.29 14:14:34.430,0.22313,0.22344,0.02,0.03
2013.05.29 14:14:35.404,0.22316,0.22346,0.02,0.02
2013.05.29 14:14:35.464,0.22316,0.22347,0.03,0.04
2013.05.29 14:14:36.914,0.22316,0.22346,0.02,0.03
2013.05.29 14:14:52.573,0.22311,0.22343,0.03,0.03
2013.05.29 14:14:52.635,0.22308,0.22342,0.04,0.03
2013.05.29 14:14:52.754,0.22308,0.22339,0.03,0.02
2013.05.29 14:15:01.531,0.22306,0.22337,0.02,0.02
2013.05.29 14:15:02.273,0.22306,0.22338,0.02,0.02
2013.05.29 14:15:03.324,0.22306,0.2234,0.03,0.03
2013.05.29 14:15:03.504,0.22306,0.22337,0.03,0.03
2013.05.29 14:15:05.409,0.22308,0.22338,0.02,0.03
2013.05.29 14:15:05.465,0.22308,0.22344,0.03,0.06
2013.05.29 14:15:05.585,0.2231,0.22345,0.03,0.02
2013.05.29 14:15:06.845,0.22306,0.22342,0.02,0.07
2013.05.29 14:15:06.975,0.22306,0.22336,0.03,0.04
2013.05.29 14:15:07.396,0.22297,0.22327,0.03,0.02
2013.05.29 14:15:07.455,0.22307,0.22337,0.02,0.03
2013.05.29 14:15:08.325,0.22309,0.2234,0.02,0.02
2013.05.29 14:15:08.773,0.22309,0.22345,0.03,0.02
2013.05.29 14:15:08.837,0.2231,0.22345,0.03,0.03
2013.05.29 14:15:09.370,0.22307,0.22338,0.02,0.03
2013.05.29 14:15:10.094,0.2231,0.22346,0.03,0.08
2013.05.29 14:15:10.286,0.22315,0.22346,0.02,0.03
2013.05.29 14:15:10.594,0.22315,0.22349,0.03,0.02
2013.05.29 14:15:15.124,0.22315,0.22347,0.03,0.03
2013.05.29 14:15:17.686,0.22314,0.22344,0.02,0.02
2013.05.29 14:15:18.626,0.22311,0.22342,0.03,0.03
2013.05.29 14:15:18.685,0.22313,0.22344,0.02,0.03
2013.05.29 14:15:20.344,0.22315,0.22347,0.03,0.05
2013.05.29 14:15:20.674,0.22313,0.22344,0.04,0.03
2013.05.29 14:15:21.282,0.22313,0.22345,0.04,0.02
2013.05.29 14:15:25.816,0.22313,0.22347,0.04,0.03
2013.05.29 14:15:26.344,0.22316,0.22347,0.02,0.03
2013.05.29 14:15:27.156,0.22314,0.22345,0.05,0.03
2013.05.29 14:15:27.354,0.22314,0.22345,0.03,0.02
2013.05.29 14:15:27.414,0.22316,0.22346,0.02,0.03
2013.05.29 14:15:34.215,0.22316,0.22348,0.03,0.03
2013.05.29 14:15:34.275,0.22316,0.22347,0.02,0.03
2013.05.29 14:15:38.790,0.22323,0.22353,0.02,0.02
2013.05.29 14:15:38.847,0.22319,0.22351,0.02,0.02
2013.05.29 14:15:38.906,0.22323,0.22355,0.02,0.02
2013.05.29 14:15:39.768,0.22324,0.22354,0.02,0.02
2013.05.29 14:15:39.885,0.22314,0.22344,0.03,0.02
2013.05.29 14:15:40.105,0.22318,0.22351,0.03,0.02
2013.05.29 14:15:40.503,0.22318,0.22349,0.03,0.02
2013.05.29 14:15:44.964,0.22315,0.22347,0.02,0.03
2013.05.29 14:15:46.277,0.22314,0.22347,0.03,0.03
2013.05.29 14:15:46.426,0.22313,0.22347,0.05,0.02
2013.05.29 14:15:48.964,0.22314,0.22344,0.02,0.02
2013.05.29 14:15:51.795,0.22314,0.22344,0.04,0.02
2013.05.29 14:15:51.915,0.22314,0.22346,0.04,0.02
2013.05.29 14:15:52.254,0.22315,0.22345,0.02,0.02
2013.05.29 14:15:53.135,0.22313,0.22343,0.04,0.02
2013.05.29 14:15:56.046,0.22306,0.22336,0.03,0.02
2013.05.29 14:15:56.466,0.22313,0.22343,0.04,0.02
2013.05.29 14:15:57.805,0.22314,0.22346,0.02,0.03
2013.05.29 14:15:57.913,0.22314,0.22352,0.04,0.02
2013.05.29 14:15:59.843,0.22313,0.22349,0.03,0.02
2013.05.29 14:15:59.965,0.22313,0.22346,0.02,0.04
2013.05.29 14:16:01.277,0.22313,0.22345,0.02,0.02
2013.05.29 14:16:01.862,0.22311,0.22346,0.02,0.06
2013.05.29 14:16:04.195,0.22314,0.22346,0.02,0.03
2013.05.29 14:16:04.375,0.22313,0.22347,0.03,0.02
2013.05.29 14:16:11.701,0.22315,0.22353,0.02,0.03
2013.05.29 14:16:14.071,0.22317,0.22355,0.02,0.03
2013.05.29 14:16:16.781,0.22322,0.22355,0.02,0.03
2013.05.29 14:16:17.686,0.22321,0.22352,0.02,0.03
2013.05.29 14:16:18.685,0.22324,0.22355,0.02,0.03
2013.05.29 14:16:19.198,0.22323,0.22355,0.02,0.03
2013.05.29 14:16:19.255,0.22324,0.22355,0.02,0.03
2013.05.29 14:16:19.437,0.22326,0.22356,0.02,0.02
2013.05.29 14:16:19.952,0.22324,0.22356,0.04,0.05
2013.05.29 14:16:24.995,0.2232,0.22351,0.03,0.03
2013.05.29 14:16:25.055,0.2232,0.22351,0.03,0.02
2013.05.29 14:16:25.344,0.22324,0.22354,0.02,0.03
2013.05.29 14:16:25.927,0.22321,0.22352,0.02,0.03
2013.05.29 14:16:26.643,0.22321,0.22353,0.03,0.03
2013.05.29 14:16:27.323,0.22324,0.22354,0.02,0.02
2013.05.29 14:16:34.634,0.22323,0.22353,0.02,0.02
2013.05.29 14:16:35.655,0.22324,0.22354,0.02,0.02
2013.05.29 14:16:38.665,0.22316,0.22348,0.02,0.03
2013.05.29 14:16:38.725,0.22319,0.2235,0.02,0.02
2013.05.29 14:16:39.490,0.22319,0.22351,0.03,0.03
2013.05.29 14:16:45.083,0.2232,0.22356,0.02,0.05
2013.05.29 14:16:45.145,0.22321,0.22354,0.03,0.03
2013.05.29 14:16:45.698,0.22321,0.22352,0.03,0.02
2013.05.29 14:16:45.874,0.22319,0.2235,0.02,0.03
2013.05.29 14:16:52.536,0.22314,0.22346,0.03,0.03
2013.05.29 14:16:52.595,0.2232,0.22355,0.03,0.03
2013.05.29 14:16:53.132,0.2232,0.22351,0.03,0.02
2013.05.29 14:16:58.695,0.22324,0.22354,0.02,0.02
2013.05.29 14:16:59.214,0.22323,0.22354,0.02,0.03
2013.05.29 14:16:59.764,0.22324,0.22354,0.02,0.02
2013.05.29 14:17:01.413,0.22324,0.22356,0.02,0.07
2013.05.29 14:17:01.595,0.22326,0.22356,0.02,0.02
2013.05.29 14:17:07.645,0.22323,0.22355,0.05,0.03
2013.05.29 14:17:07.837,0.22323,0.22354,0.04,0.02
2013.05.29 14:17:19.624,0.22325,0.22357,0.02,0.03
2013.05.29 14:17:19.684,0.22325,0.22357,0.03,0.02
2013.05.29 14:17:20.044,0.22324,0.22356,0.02,0.02
2013.05.29 14:17:21.495,0.22326,0.22358,0.03,0.03
2013.05.29 14:17:22.212,0.22326,0.22356,0.02,0.02
2013.05.29 14:17:23.454,0.22319,0.22349,0.03,0.02
2013.05.29 14:17:23.688,0.22325,0.22356,0.02,0.02
2013.05.29 14:17:23.745,0.22323,0.22357,0.03,0.02
2013.05.29 14:17:23.877,0.22325,0.22357,0.03,0.02
2013.05.29 14:17:24.093,0.22325,0.22356,0.03,0.03
2013.05.29 14:17:24.165,0.22324,0.22356,0.04,0.04
2013.05.29 14:17:27.540,0.22321,0.22351,0.03,0.02
2013.05.29 14:17:27.757,0.22325,0.2236,0.03,0.02
2013.05.29 14:17:32.203,0.22323,0.22356,0.03,0.04
2013.05.29 14:17:32.749,0.22321,0.22353,0.02,0.03
2013.05.29 14:17:33.562,0.22323,0.22354,0.02,0.02
2013.05.29 14:17:34.120,0.22323,0.22356,0.02,0.04
2013.05.29 14:17:54.345,0.22323,0.22354,0.02,0.02
2013.05.29 14:18:00.585,0.22323,0.22354,0.04,0.03
2013.05.29 14:18:01.263,0.22323,0.22359,0.05,0.04
2013.05.29 14:18:02.856,0.22326,0.22357,0.02,0.03
2013.05.29 14:18:03.196,0.22324,0.22354,0.04,0.02
2013.05.29 14:18:03.945,0.22323,0.22359,0.05,0.03
2013.05.29 14:18:04.552,0.22326,0.22356,0.02,0.02
2013.05.29 14:18:05.055,0.22323,0.22354,0.05,0.02
2013.05.29 14:18:17.387,0.22325,0.22357,0.02,0.03
2013.05.29 14:18:17.445,0.22324,0.22354,0.05,0.02
2013.05.29 14:18:18.115,0.22327,0.22359,0.02,0.03
2013.05.29 14:18:23.207,0.22325,0.22356,0.02,0.03
2013.05.29 14:18:23.771,0.22325,0.22358,0.03,0.03
2013.05.29 14:18:24.275,0.22325,0.22357,0.02,0.02
2013.05.29 14:18:28.053,0.22325,0.22357,0.03,0.02
2013.05.29 14:18:33.786,0.22325,0.2236,0.03,0.02
2013.05.29 14:19:11.315,0.22323,0.22353,0.03,0.02
2013.05.29 14:19:11.835,0.22325,0.22356,0.02,0.02
2013.05.29 14:19:14.259,0.22323,0.22353,0.03,0.02
2013.05.29 14:19:15.340,0.22325,0.22356,0.02,0.03
2013.05.29 14:19:15.455,0.22325,0.22356,0.03,0.03
2013.05.29 14:19:18.910,0.22325,0.22358,0.03,0.03
2013.05.29 14:19:19.015,0.22325,0.22361,0.03,0.04
2013.05.29 14:19:22.067,0.22325,0.22357,0.03,0.03
2013.05.29 14:19:26.218,0.22325,0.2236,0.03,0.02
2013.05.29 14:19:35.076,0.22325,0.22357,0.03,0.03
2013.05.29 14:19:37.700,0.22321,0.22353,0.02,0.03
2013.05.29 14:19:37.815,0.22321,0.22351,0.03,0.02
2013.05.29 14:19:38.368,0.22323,0.22354,0.02,0.02
2013.05.29 14:19:38.983,0.22323,0.22354,0.02,0.03
2013.05.29 14:19:39.653,0.22322,0.22354,0.02,0.03
2013.05.29 14:19:40.385,0.22326,0.22356,0.02,0.02
2013.05.29 14:19:40.486,0.22326,0.22357,0.03,0.03
2013.05.29 14:19:41.035,0.22324,0.22355,0.03,0.02
2013.05.29 14:19:44.708,0.22328,0.2236,0.02,0.02
2013.05.29 14:19:44.825,0.22332,0.22363,0.02,0.05
2013.05.29 14:19:44.885,0.22328,0.2236,0.02,0.03
2013.05.29 14:19:48.716,0.22334,0.22365,0.02,0.02
2013.05.29 14:19:52.456,0.22332,0.22364,0.03,0.02
2013.05.29 14:19:52.770,0.22319,0.2235,0.02,0.02
2013.05.29 14:19:52.965,0.22326,0.22357,0.02,0.03
2013.05.29 14:20:03.955,0.22323,0.22355,0.02,0.07
2013.05.29 14:20:04.015,0.22324,0.22354,0.03,0.02
2013.05.29 14:20:04.075,0.22326,0.22356,0.02,0.03
2013.05.29 14:20:11.290,0.22325,0.22356,0.03,0.02
2013.05.29 14:20:11.405,0.22331,0.22362,0.03,0.03
2013.05.29 14:20:11.656,0.22333,0.22366,0.02,0.05
2013.05.29 14:20:11.845,0.22327,0.22359,0.04,0.02
2013.05.29 14:20:11.965,0.22333,0.22366,0.04,0.03
2013.05.29 14:20:14.966,0.22336,0.22367,0.02,0.04
2013.05.29 14:20:15.572,0.22336,0.22366,0.03,0.03
2013.05.29 14:20:20.209,0.22332,0.22362,0.02,0.02
2013.05.29 14:20:20.445,0.22332,0.22363,0.03,0.02
2013.05.29 14:20:21.335,0.22332,0.22364,0.03,0.02
2013.05.29 14:20:25.878,0.22327,0.22359,0.02,0.03
2013.05.29 14:20:25.978,0.22325,0.22357,0.03,0.03
2013.05.29 14:20:26.035,0.22325,0.22356,0.03,0.02
2013.05.29 14:20:26.375,0.22325,0.22358,0.03,0.02
2013.05.29 14:20:29.577,0.22325,0.22359,0.03,0.02
2013.05.29 14:20:33.941,0.22329,0.22359,0.02,0.02
2013.05.29 14:20:34.006,0.22329,0.22363,0.03,0.06
2013.05.29 14:20:34.185,0.22332,0.22364,0.02,0.03
2013.05.29 14:20:34.645,0.22334,0.22366,0.02,0.02
2013.05.29 14:20:38.406,0.22332,0.22363,0.02,0.03
2013.05.29 14:20:38.707,0.22336,0.22366,0.02,0.02
2013.05.29 14:20:39.036,0.22334,0.22364,0.04,0.02
2013.05.29 14:20:39.156,0.22333,0.22363,0.02,0.02
2013.05.29 14:20:39.285,0.22336,0.22367,0.02,0.05
2013.05.29 14:20:39.471,0.22334,0.22367,0.03,0.04
2013.05.29 14:20:39.625,0.22334,0.22365,0.04,0.03
2013.05.29 14:20:40.243,0.22334,0.22365,0.04,0.03
2013.05.29 14:20:42.066,0.22334,0.22366,0.04,0.03
2013.05.29 14:20:42.125,0.22337,0.22367,0.02,0.04
2013.05.29 14:20:48.145,0.22337,0.2237,0.03,0.02
2013.05.29 14:20:48.535,0.22333,0.22364,0.05,0.02
2013.05.29 14:20:51.960,0.22344,0.22374,0.02,0.05
2013.05.29 14:20:52.076,0.22344,0.22374,0.02,0.02
2013.05.29 14:20:53.076,0.22347,0.22379,0.02,0.02
2013.05.29 14:20:53.135,0.22347,0.22377,0.02,0.03
2013.05.29 14:20:53.585,0.22344,0.22375,0.03,0.02
2013.05.29 14:20:53.985,0.22348,0.22378,0.02,0.03
2013.05.29 14:20:54.837,0.22346,0.22378,0.02,0.03
2013.05.29 14:20:55.421,0.22346,0.22377,0.03,0.03
2013.05.29 14:20:58.924,0.2234,0.22372,0.04,0.03
2013.05.29 14:20:58.985,0.22343,0.22373,0.02,0.02
2013.05.29 14:20:59.535,0.2234,0.22371,0.02,0.02
2013.05.29 14:21:00.307,0.22344,0.22374,0.04,0.03
2013.05.29 14:21:00.864,0.22344,0.22376,0.04,0.06
2013.05.29 14:21:01.299,0.22346,0.22376,0.02,0.05
2013.05.29 14:21:01.846,0.22343,0.22373,0.02,0.02
2013.05.29 14:21:02.115,0.22343,0.22374,0.04,0.03
2013.05.29 14:21:04.942,0.22344,0.22374,0.02,0.02
2013.05.29 14:21:05.405,0.22342,0.22374,0.02,0.03
2013.05.29 14:21:05.994,0.2234,0.22372,0.02,0.03
2013.05.29 14:21:06.342,0.22344,0.22376,0.03,0.08
2013.05.29 14:21:06.405,0.22346,0.22376,0.02,0.04
2013.05.29 14:21:06.585,0.22343,0.22373,0.04,0.02
2013.05.29 14:21:06.805,0.22347,0.22377,0.02,0.04
2013.05.29 14:21:07.145,0.22338,0.22368,0.02,0.02
2013.05.29 14:21:07.355,0.22347,0.22377,0.02,0.02
2013.05.29 14:21:08.211,0.22344,0.22375,0.04,0.02
2013.05.29 14:21:10.916,0.22343,0.22373,0.05,0.02
2013.05.29 14:21:11.573,0.22344,0.22375,0.02,0.02
2013.05.29 14:21:11.977,0.22341,0.22372,0.02,0.03
2013.05.29 14:21:12.585,0.22341,0.22372,0.03,0.03
2013.05.29 14:21:13.577,0.22341,0.22373,0.03,0.03
2013.05.29 14:21:14.378,0.22343,0.22373,0.02,0.03
2013.05.29 14:21:23.631,0.22344,0.22374,0.02,0.02
2013.05.29 14:21:24.900,0.22343,0.22373,0.02,0.03
2013.05.29 14:21:31.695,0.22344,0.22374,0.02,0.02
2013.05.29 14:21:37.456,0.22341,0.22372,0.03,0.03
2013.05.29 14:21:37.994,0.22341,0.22371,0.03,0.02
2013.05.29 14:21:38.525,0.22343,0.22374,0.02,0.03
2013.05.29 14:21:39.438,0.22344,0.22374,0.02,0.02
2013.05.29 14:21:40.867,0.22347,0.22379,0.02,0.03
2013.05.29 14:21:41.037,0.22345,0.22376,0.03,0.02
2013.05.29 14:21:55.516,0.22344,0.22375,0.05,0.02
2013.05.29 14:21:55.755,0.22353,0.22383,0.02,0.02
2013.05.29 14:21:56.263,0.22351,0.22383,0.03,0.03
2013.05.29 14:21:57.635,0.22353,0.22385,0.02,0.06
2013.05.29 14:21:57.696,0.22356,0.22386,0.02,0.02
2013.05.29 14:21:57.875,0.22356,0.22389,0.03,0.02
2013.05.29 14:21:58.805,0.22359,0.22391,0.02,0.03
2013.05.29 14:21:58.925,0.22361,0.22392,0.02,0.02
2013.05.29 14:21:59.276,0.22359,0.22391,0.02,0.03
2013.05.29 14:21:59.798,0.22359,0.22389,0.03,0.02
2013.05.29 14:21:59.866,0.22361,0.22391,0.02,0.02
2013.05.29 14:22:00.311,0.22364,0.22395,0.02,0.06
2013.05.29 14:22:00.819,0.22361,0.22392,0.03,0.03
2013.05.29 14:22:01.349,0.22364,0.22395,0.02,0.06
2013.05.29 14:22:01.741,0.22366,0.22397,0.02,0.02
2013.05.29 14:22:01.923,0.22362,0.22395,0.03,0.02
2013.05.29 14:22:02.045,0.22366,0.22396,0.03,0.06
2013.05.29 14:22:02.225,0.22363,0.22393,0.02,0.02
2013.05.29 14:22:02.285,0.22361,0.22392,0.03,0.02
2013.05.29 14:22:03.073,0.22363,0.22395,0.02,0.05
2013.05.29 14:22:03.733,0.22363,0.22393,0.02,0.02
2013.05.29 14:22:05.843,0.22364,0.22395,0.02,0.04
2013.05.29 14:22:06.382,0.22363,0.22393,0.02,0.02
2013.05.29 14:22:06.918,0.22364,0.22395,0.02,0.04
2013.05.29 14:22:10.063,0.22363,0.22393,0.02,0.02
2013.05.29 14:22:10.993,0.22364,0.22394,0.02,0.02
2013.05.29 14:22:11.543,0.22363,0.22393,0.02,0.02
2013.05.29 14:22:12.730,0.22357,0.22389,0.02,0.02
2013.05.29 14:22:13.253,0.22366,0.22396,0.02,0.02
2013.05.29 14:22:13.457,0.22366,0.22396,0.03,0.04
2013.05.29 14:22:15.015,0.22356,0.22386,0.04,0.02
2013.05.29 14:22:15.195,0.22352,0.22384,0.03,0.02
2013.05.29 14:22:19.715,0.22359,0.22389,0.02,0.02
2013.05.29 14:22:19.838,0.22359,0.2239,0.03,0.02
2013.05.29 14:22:20.135,0.22355,0.22385,0.02,0.02
2013.05.29 14:22:20.335,0.22355,0.22388,0.03,0.03
2013.05.29 14:22:20.486,0.22354,0.22386,0.02,0.04
2013.05.29 14:22:22.116,0.22353,0.22384,0.02,0.03
2013.05.29 14:22:22.745,0.22356,0.22386,0.03,0.02
2013.05.29 14:22:24.926,0.22356,0.2239,0.03,0.06
2013.05.29 14:22:25.306,0.22356,0.22386,0.03,0.02
2013.05.29 14:22:30.454,0.22356,0.22395,0.03,0.02
2013.05.29 14:22:30.516,0.2236,0.22391,0.02,0.03
2013.05.29 14:22:30.720,0.22361,0.22393,0.02,0.02
2013.05.29 14:22:31.280,0.22363,0.22393,0.02,0.02
2013.05.29 14:22:33.235,0.22364,0.22394,0.02,0.03
2013.05.29 14:22:36.614,0.22363,0.22393,0.02,0.02
2013.05.29 14:22:42.695,0.2236,0.22393,0.03,0.02
2013.05.29 14:22:42.835,0.22355,0.22386,0.03,0.05
2013.05.29 14:22:43.643,0.22355,0.22385,0.03,0.02
2013.05.29 14:22:47.699,0.22355,0.22387,0.03,0.03
2013.05.29 14:22:54.906,0.22355,0.22385,0.03,0.02
2013.05.29 14:22:55.056,0.22355,0.22389,0.03,0.02
2013.05.29 14:22:55.896,0.22355,0.22387,0.03,0.02
2013.05.29 14:22:57.086,0.22355,0.22386,0.03,0.02
2013.05.29 14:22:57.217,0.22355,0.22389,0.03,0.02
2013.05.29 14:22:57.697,0.22351,0.22383,0.02,0.02
2013.05.29 14:22:59.006,0.2235,0.22383,0.03,0.02
2013.05.29 14:23:00.375,0.2235,0.22385,0.03,0.03
2013.05.29 14:23:00.815,0.22345,0.22375,0.03,0.02
2013.05.29 14:23:00.935,0.22351,0.22384,0.03,0.03
2013.05.29 14:23:01.125,0.22349,0.2238,0.03,0.02
2013.05.29 14:23:01.245,0.22351,0.22382,0.02,0.03
2013.05.29 14:23:02.398,0.22355,0.22385,0.02,0.02
2013.05.29 14:23:02.465,0.22355,0.22388,0.02,0.03
2013.05.29 14:23:02.631,0.22366,0.22396,0.02,0.02
2013.05.29 14:23:02.867,0.22362,0.22395,0.03,0.02
2013.05.29 14:23:02.927,0.22366,0.22396,0.03,0.06
2013.05.29 14:23:04.835,0.22364,0.22395,0.02,0.03
2013.05.29 14:23:04.955,0.22363,0.22393,0.02,0.03
2013.05.29 14:23:07.407,0.2236,0.22394,0.03,0.02
2013.05.29 14:23:08.455,0.2236,0.22393,0.03,0.02
2013.05.29 14:23:09.927,0.2236,0.22394,0.03,0.02
2013.05.29 14:23:11.290,0.2236,0.22393,0.03,0.03
2013.05.29 14:23:12.512,0.22358,0.22392,0.03,0.02
2013.05.29 14:23:12.598,0.22356,0.22386,0.02,0.02
2013.05.29 14:23:12.715,0.22356,0.22389,0.03,0.02
2013.05.29 14:23:16.718,0.22361,0.22391,0.02,0.02
2013.05.29 14:23:16.777,0.22359,0.22391,0.03,0.02
2013.05.29 14:23:16.835,0.22363,0.22394,0.02,0.03
2013.05.29 14:23:17.688,0.22364,0.22394,0.02,0.02
2013.05.29 14:23:18.397,0.22363,0.22394,0.02,0.03
2013.05.29 14:23:19.256,0.22356,0.22386,0.02,0.02
2013.05.29 14:23:20.499,0.2236,0.22391,0.02,0.02
2013.05.29 14:23:20.555,0.2236,0.22394,0.03,0.03
2013.05.29 14:23:21.185,0.22357,0.2239,0.03,0.03
2013.05.29 14:23:23.421,0.2236,0.22392,0.03,0.02
2013.05.29 14:23:24.325,0.22359,0.22389,0.02,0.02
2013.05.29 14:23:24.445,0.22353,0.22388,0.03,0.03
2013.05.29 14:23:26.115,0.22361,0.22391,0.02,0.02
2013.05.29 14:23:26.585,0.22361,0.22395,0.03,0.03
2013.05.29 14:23:33.215,0.22363,0.22393,0.02,0.02
2013.05.29 14:23:36.546,0.22364,0.22395,0.02,0.02
2013.05.29 14:23:37.144,0.22363,0.22393,0.02,0.02
2013.05.29 14:23:39.548,0.22364,0.22406,0.06,0.07
2013.05.29 14:23:39.605,0.22365,0.22396,0.02,0.02
2013.05.29 14:23:39.666,0.22365,0.22399,0.03,0.02
2013.05.29 14:23:39.787,0.22365,0.22395,0.03,0.02
2013.05.29 14:23:40.363,0.22365,0.22396,0.03,0.03
2013.05.29 14:23:40.874,0.22365,0.22397,0.03,0.02
2013.05.29 14:23:45.005,0.22366,0.22399,0.03,0.02
2013.05.29 14:23:45.459,0.22366,0.22396,0.03,0.02
2013.05.29 14:23:49.675,0.22363,0.22394,0.02,0.03
2013.05.29 14:23:49.795,0.22364,0.22395,0.02,0.03
2013.05.29 14:23:49.855,0.22358,0.22388,0.04,0.02
2013.05.29 14:23:50.095,0.22361,0.22391,0.02,0.02
2013.05.29 14:23:51.946,0.22363,0.22394,0.02,0.02
2013.05.29 14:23:53.141,0.22364,0.22394,0.02,0.02
2013.05.29 14:23:53.255,0.22365,0.22395,0.02,0.02
2013.05.29 14:23:53.316,0.22364,0.22396,0.03,0.03
2013.05.29 14:23:53.435,0.22361,0.22392,0.02,0.03
2013.05.29 14:23:53.865,0.22363,0.22395,0.02,0.03
2013.05.29 14:23:54.126,0.2236,0.2239,0.02,0.02
2013.05.29 14:23:55.345,0.22364,0.22396,0.02,0.10
2013.05.29 14:23:55.875,0.22364,0.22395,0.02,0.07
2013.05.29 14:24:00.698,0.22359,0.2239,0.02,0.04
2013.05.29 14:24:00.817,0.22356,0.22389,0.03,0.02
2013.05.29 14:24:00.909,0.22359,0.22389,0.02,0.02
2013.05.29 14:24:01.724,0.22359,0.2239,0.03,0.02
2013.05.29 14:24:03.268,0.2235,0.22381,0.04,0.02
2013.05.29 14:24:03.776,0.22355,0.22389,0.03,0.03
2013.05.29 14:24:05.305,0.22355,0.22387,0.03,0.02
2013.05.29 14:24:06.429,0.22353,0.22384,0.02,0.02
2013.05.29 14:24:06.511,0.22358,0.22391,0.03,0.02
2013.05.29 14:24:09.418,0.22361,0.22392,0.02,0.02
2013.05.29 14:24:09.803,0.22361,0.22394,0.03,0.02
2013.05.29 14:24:10.438,0.22363,0.22393,0.02,0.02
2013.05.29 14:24:11.505,0.22361,0.22393,0.03,0.03
2013.05.29 14:24:11.566,0.22355,0.22386,0.03,0.02
2013.05.29 14:24:16.839,0.22352,0.22384,0.03,0.03
2013.05.29 14:24:17.144,0.22351,0.22382,0.02,0.02
2013.05.29 14:24:17.458,0.22353,0.22385,0.02,0.03
2013.05.29 14:24:17.625,0.22353,0.22387,0.04,0.04
2013.05.29 14:24:18.452,0.22345,0.22375,0.02,0.02
2013.05.29 14:24:18.506,0.22353,0.22384,0.02,0.03
2013.05.29 14:24:19.769,0.22354,0.22384,0.02,0.02
2013.05.29 14:24:21.643,0.22346,0.22379,0.02,0.03
2013.05.29 14:24:21.705,0.22346,0.22379,0.04,0.03
2013.05.29 14:24:21.825,0.22346,0.22381,0.03,0.03
2013.05.29 14:24:22.453,0.22349,0.22381,0.02,0.03
2013.05.29 14:24:23.027,0.22353,0.22383,0.02,0.07
2013.05.29 14:24:23.085,0.22353,0.22383,0.03,0.02
2013.05.29 14:24:23.205,0.22351,0.22383,0.04,0.02
2013.05.29 14:24:23.265,0.22353,0.22385,0.04,0.02
2013.05.29 14:24:25.999,0.22354,0.22385,0.04,0.03
2013.05.29 14:24:26.605,0.22356,0.22386,0.02,0.02
2013.05.29 14:24:27.224,0.22351,0.22381,0.03,0.02
2013.05.29 14:24:27.386,0.22355,0.22389,0.03,0.03
2013.05.29 14:24:28.067,0.22355,0.22389,0.03,0.02
2013.05.29 14:24:29.318,0.22358,0.22389,0.02,0.03
2013.05.29 14:24:29.435,0.22356,0.22388,0.02,0.03
2013.05.29 14:24:30.424,0.22353,0.22383,0.04,0.02
2013.05.29 14:24:30.792,0.22356,0.22388,0.02,0.03
2013.05.29 14:24:31.297,0.22353,0.22383,0.03,0.02
2013.05.29 14:24:31.356,0.22359,0.22393,0.03,0.05
2013.05.29 14:24:31.415,0.22361,0.22392,0.02,0.03
2013.05.29 14:24:34.060,0.22364,0.22394,0.02,0.02
2013.05.29 14:24:35.638,0.22366,0.22396,0.02,0.03
2013.05.29 14:24:36.681,0.22366,0.22396,0.03,0.03
2013.05.29 14:24:55.986,0.22366,0.22397,0.03,0.05
2013.05.29 14:24:56.812,0.22366,0.22396,0.03,0.05
2013.05.29 14:24:57.126,0.2236,0.22392,0.02,0.03
2013.05.29 14:24:57.246,0.2236,0.2239,0.03,0.02
2013.05.29 14:24:57.384,0.2236,0.22392,0.02,0.03
2013.05.29 14:24:57.471,0.22362,0.22394,0.03,0.03
2013.05.29 14:24:58.019,0.22363,0.22394,0.04,0.03
2013.05.29 14:24:58.779,0.22364,0.22394,0.02,0.03
2013.05.29 14:24:59.307,0.22357,0.22389,0.02,0.03
2013.05.29 14:24:59.856,0.22364,0.22394,0.02,0.03
2013.05.29 14:25:00.463,0.22357,0.22389,0.02,0.03
2013.05.29 14:25:03.653,0.22364,0.22394,0.02,0.03
2013.05.29 14:25:04.434,0.22357,0.22389,0.02,0.03
2013.05.29 14:25:05.195,0.22364,0.22394,0.02,0.03
2013.05.29 14:25:05.755,0.22361,0.22393,0.03,0.03
2013.05.29 14:25:08.281,0.22364,0.22394,0.02,0.02
2013.05.29 14:25:09.496,0.22363,0.22393,0.02,0.02
2013.05.29 14:25:11.565,0.22364,0.22394,0.02,0.02
2013.05.29 14:25:12.202,0.22363,0.22393,0.02,0.02
2013.05.29 14:25:13.738,0.22364,0.22394,0.02,0.02
2013.05.29 14:25:14.359,0.22363,0.22393,0.02,0.02
2013.05.29 14:25:14.915,0.22364,0.22396,0.02,0.08
2013.05.29 14:25:15.908,0.22363,0.22393,0.02,0.02
2013.05.29 14:25:17.100,0.22364,0.22394,0.02,0.02
2013.05.29 14:25:17.701,0.22363,0.22394,0.02,0.03
2013.05.29 14:25:21.891,0.22364,0.22394,0.02,0.02
2013.05.29 14:25:23.968,0.22357,0.22387,0.02,0.02
2013.05.29 14:25:24.086,0.22356,0.22386,0.02,0.02
2013.05.29 14:25:24.145,0.22355,0.22389,0.03,0.02
2013.05.29 14:25:24.666,0.22355,0.22386,0.02,0.02
2013.05.29 14:25:26.045,0.22361,0.22393,0.02,0.02
2013.05.29 14:25:26.144,0.22356,0.22389,0.03,0.03
2013.05.29 14:25:26.233,0.22357,0.22387,0.02,0.03
2013.05.29 14:25:26.623,0.22355,0.22386,0.02,0.03
2013.05.29 14:25:26.696,0.22355,0.22386,0.03,0.02
2013.05.29 14:25:31.366,0.22354,0.22384,0.02,0.02
2013.05.29 14:25:32.193,0.22353,0.22387,0.05,0.03
2013.05.29 14:25:34.147,0.22354,0.22386,0.02,0.03
2013.05.29 14:25:35.856,0.22356,0.22386,0.02,0.03
2013.05.29 14:25:36.526,0.22356,0.22387,0.03,0.03
2013.05.29 14:25:36.856,0.22354,0.22386,0.04,0.03
2013.05.29 14:25:39.376,0.22351,0.22381,0.02,0.02
2013.05.29 14:25:40.081,0.22351,0.22383,0.03,0.02
2013.05.29 14:25:42.075,0.22354,0.22385,0.02,0.04
2013.05.29 14:25:42.385,0.22348,0.22384,0.03,0.05
2013.05.29 14:25:43.214,0.22351,0.22381,0.02,0.02
2013.05.29 14:25:44.936,0.22351,0.22387,0.03,0.05
2013.05.29 14:25:46.496,0.22353,0.22384,0.02,0.02
2013.05.29 14:25:47.095,0.22354,0.22384,0.02,0.02
2013.05.29 14:25:48.287,0.22342,0.22372,0.02,0.02
2013.05.29 14:25:48.345,0.22346,0.22381,0.03,0.03
2013.05.29 14:25:48.655,0.22346,0.22378,0.03,0.03
2013.05.29 14:25:48.986,0.22346,0.22382,0.03,0.05
2013.05.29 14:25:49.752,0.22346,0.22381,0.03,0.03
2013.05.29 14:25:52.066,0.22346,0.2238,0.03,0.02
2013.05.29 14:25:56.216,0.22346,0.22381,0.03,0.03
2013.05.29 14:26:00.175,0.22346,0.22379,0.03,0.03
2013.05.29 14:26:05.275,0.22346,0.22381,0.03,0.02
2013.05.29 14:26:05.395,0.22346,0.22382,0.03,0.05
2013.05.29 14:26:06.107,0.22346,0.22381,0.03,0.02
2013.05.29 14:26:09.757,0.22346,0.22381,0.03,0.02
2013.05.29 14:26:11.456,0.22346,0.22379,0.03,0.03
2013.05.29 14:26:11.695,0.22346,0.22382,0.03,0.05
2013.05.29 14:26:15.416,0.22346,0.22381,0.03,0.02
2013.05.29 14:26:18.252,0.22346,0.22382,0.03,0.05
2013.05.29 14:26:22.543,0.2235,0.22381,0.02,0.02
2013.05.29 14:26:22.597,0.22354,0.22384,0.02,0.02
2013.05.29 14:26:23.126,0.22347,0.22378,0.02,0.03
2013.05.29 14:26:24.846,0.22353,0.22386,0.02,0.06
2013.05.29 14:26:25.123,0.22351,0.22383,0.03,0.03
2013.05.29 14:26:25.677,0.22354,0.22385,0.02,0.07
2013.05.29 14:26:26.959,0.22353,0.22387,0.02,0.03
2013.05.29 14:26:27.185,0.22353,0.22385,0.02,0.06
2013.05.29 14:26:28.717,0.22353,0.22385,0.02,0.08
2013.05.29 14:26:28.935,0.22353,0.22385,0.02,0.06
2013.05.29 14:26:29.927,0.22356,0.22386,0.02,0.02
2013.05.29 14:26:30.028,0.22356,0.2239,0.03,0.08
2013.05.29 14:26:31.068,0.22356,0.22392,0.03,0.02
2013.05.29 14:26:34.458,0.22359,0.22389,0.02,0.02
2013.05.29 14:26:36.231,0.22356,0.22387,0.03,0.03
2013.05.29 14:26:36.746,0.22359,0.22389,0.02,0.02
2013.05.29 14:26:37.456,0.22355,0.22385,0.03,0.02
2013.05.29 14:26:37.519,0.22364,0.22395,0.02,0.06
2013.05.29 14:26:38.048,0.22361,0.22395,0.03,0.07
2013.05.29 14:26:38.164,0.22355,0.22387,0.02,0.03
2013.05.29 14:26:38.285,0.22355,0.22385,0.02,0.02
2013.05.29 14:26:40.151,0.22355,0.22386,0.03,0.02
2013.05.29 14:26:40.317,0.22346,0.22376,0.03,0.02
2013.05.29 14:26:40.914,0.22346,0.22376,0.03,0.02
2013.05.29 14:26:41.976,0.22351,0.22384,0.03,0.03
2013.05.29 14:26:42.035,0.22351,0.22384,0.03,0.02
2013.05.29 14:26:42.647,0.22351,0.22384,0.03,0.02
2013.05.29 14:26:44.648,0.22355,0.22387,0.03,0.04
2013.05.29 14:26:44.707,0.22355,0.22385,0.03,0.02
2013.05.29 14:26:45.106,0.22354,0.22385,0.02,0.03
2013.05.29 14:26:45.666,0.22356,0.22386,0.03,0.02
2013.05.29 14:26:46.589,0.22359,0.22389,0.02,0.02
2013.05.29 14:26:46.726,0.22355,0.22387,0.03,0.03
2013.05.29 14:26:47.245,0.22357,0.22388,0.02,0.02
2013.05.29 14:26:47.306,0.22351,0.22381,0.03,0.02
2013.05.29 14:26:48.036,0.22358,0.22389,0.02,0.03
2013.05.29 14:26:48.715,0.2236,0.22394,0.03,0.03
2013.05.29 14:26:49.344,0.2236,0.22394,0.03,0.02
2013.05.29 14:26:50.387,0.2236,0.22394,0.03,0.02
2013.05.29 14:26:51.045,0.22357,0.22389,0.02,0.03
2013.05.29 14:26:51.602,0.22364,0.22394,0.02,0.02
2013.05.29 14:26:53.168,0.22357,0.22389,0.02,0.03
2013.05.29 14:26:53.767,0.22361,0.22392,0.02,0.03
2013.05.29 14:26:54.873,0.22363,0.22395,0.02,0.02
2013.05.29 14:26:55.181,0.22356,0.22388,0.03,0.03
2013.05.29 14:26:55.236,0.22356,0.22386,0.02,0.02
2013.05.29 14:27:00.387,0.22354,0.22385,0.02,0.02
2013.05.29 14:27:00.888,0.22346,0.22376,0.03,0.02
2013.05.29 14:27:01.475,0.22353,0.22384,0.02,0.02
2013.05.29 14:27:02.096,0.22343,0.22374,0.03,0.02
2013.05.29 14:27:02.653,0.2235,0.22381,0.02,0.06
2013.05.29 14:27:03.055,0.22345,0.22376,0.03,0.03
2013.05.29 14:27:04.813,0.22353,0.22384,0.02,0.03
2013.05.29 14:27:04.876,0.2235,0.22381,0.02,0.03
2013.05.29 14:27:05.715,0.22353,0.22385,0.02,0.02
2013.05.29 14:27:05.776,0.2235,0.2238,0.03,0.02
2013.05.29 14:27:06.315,0.22349,0.2238,0.02,0.03
2013.05.29 14:27:06.617,0.22347,0.22378,0.02,0.03
2013.05.29 14:27:07.186,0.22347,0.22377,0.03,0.03
2013.05.29 14:27:07.389,0.22354,0.22384,0.02,0.02
2013.05.29 14:27:07.446,0.2235,0.22381,0.02,0.02
2013.05.29 14:27:07.527,0.22354,0.22385,0.02,0.02
2013.05.29 14:27:10.376,0.22353,0.22386,0.02,0.06
2013.05.29 14:27:12.568,0.22354,0.22384,0.04,0.02
2013.05.29 14:27:12.853,0.22354,0.22384,0.02,0.02
2013.05.29 14:27:13.026,0.22355,0.22387,0.02,0.02
2013.05.29 14:27:13.450,0.22345,0.22375,0.02,0.02
2013.05.29 14:27:13.567,0.22353,0.22384,0.02,0.02
2013.05.29 14:27:14.767,0.22348,0.22378,0.02,0.02
2013.05.29 14:27:15.102,0.22356,0.22386,0.02,0.03
2013.05.29 14:27:15.580,0.22355,0.2239,0.03,0.02
2013.05.29 14:27:16.016,0.22353,0.22385,0.05,0.03
2013.05.29 14:27:16.136,0.22355,0.22386,0.02,0.02
2013.05.29 14:27:16.974,0.22355,0.22388,0.02,0.03
2013.05.29 14:27:23.316,0.22355,0.22386,0.03,0.02
2013.05.29 14:27:23.867,0.22355,0.22388,0.03,0.03
2013.05.29 14:27:25.738,0.22346,0.22376,0.03,0.02
2013.05.29 14:27:25.996,0.22352,0.22384,0.02,0.03
2013.05.29 14:27:26.813,0.22353,0.22384,0.02,0.03
2013.05.29 14:27:27.916,0.22353,0.22384,0.02,0.02
2013.05.29 14:27:29.131,0.2235,0.22384,0.03,0.03
2013.05.29 14:27:30.168,0.2235,0.22384,0.03,0.02
2013.05.29 14:27:30.416,0.22349,0.22379,0.02,0.02
2013.05.29 14:27:30.985,0.22349,0.22383,0.03,0.09
2013.05.29 14:27:31.188,0.2235,0.2238,0.02,0.02
2013.05.29 14:27:31.918,0.22349,0.2238,0.02,0.03
2013.05.29 14:27:32.029,0.22349,0.2238,0.02,0.03
2013.05.29 14:27:32.500,0.22349,0.2238,0.03,0.02
2013.05.29 14:27:34.187,0.22347,0.22377,0.02,0.02
2013.05.29 14:27:34.245,0.22347,0.2238,0.03,0.02
2013.05.29 14:27:36.446,0.22345,0.22376,0.03,0.02
2013.05.29 14:27:39.306,0.22347,0.22379,0.03,0.02
2013.05.29 14:27:54.576,0.22345,0.22377,0.03,0.02
2013.05.29 14:27:57.326,0.22344,0.22375,0.04,0.03
2013.05.29 14:27:59.466,0.22341,0.22373,0.02,0.03
2013.05.29 14:27:59.586,0.22341,0.22372,0.03,0.02
2013.05.29 14:28:00.366,0.22344,0.22375,0.02,0.03
2013.05.29 14:28:00.486,0.22336,0.22366,0.02,0.02
2013.05.29 14:28:01.140,0.22343,0.22374,0.02,0.03
2013.05.29 14:28:01.477,0.22339,0.22369,0.02,0.02
2013.05.29 14:28:01.640,0.22339,0.22372,0.03,0.03
2013.05.29 14:28:02.187,0.22331,0.22362,0.07,0.02
2013.05.29 14:28:02.246,0.22336,0.22369,0.03,0.02
2013.05.29 14:28:02.396,0.22325,0.22356,0.03,0.02
2013.05.29 14:28:02.527,0.22333,0.22365,0.03,0.03
2013.05.29 14:28:04.156,0.22333,0.22367,0.03,0.02
2013.05.29 14:28:09.042,0.22334,0.22365,0.03,0.02
2013.05.29 14:28:09.106,0.22325,0.22355,0.02,0.02
2013.05.29 14:28:09.690,0.22325,0.22361,0.04,0.06
2013.05.29 14:28:10.778,0.22319,0.2235,0.03,0.02
2013.05.29 14:28:10.847,0.22327,0.22359,0.02,0.03
2013.05.29 14:28:10.942,0.2232,0.2235,0.02,0.02
2013.05.29 14:28:12.977,0.22329,0.2236,0.02,0.03
2013.05.29 14:28:13.186,0.22332,0.22364,0.02,0.02
2013.05.29 14:28:13.323,0.22334,0.22364,0.02,0.02
2013.05.29 14:28:14.037,0.22334,0.22366,0.02,0.04
2013.05.29 14:28:14.439,0.22333,0.22365,0.02,0.02
2013.05.29 14:28:15.173,0.22332,0.22364,0.03,0.03
2013.05.29 14:28:15.916,0.22333,0.22365,0.02,0.02
2013.05.29 14:28:16.036,0.22333,0.22366,0.02,0.03
2013.05.29 14:28:16.768,0.22333,0.22366,0.02,0.03
2013.05.29 14:28:18.567,0.22332,0.22364,0.03,0.03
2013.05.29 14:28:20.236,0.22333,0.22366,0.02,0.04
2013.05.29 14:28:26.686,0.22325,0.2236,0.03,0.02
2013.05.29 14:28:27.037,0.22326,0.22358,0.02,0.03
2013.05.29 14:28:27.857,0.22328,0.22358,0.02,0.02
2013.05.29 14:28:28.116,0.22328,0.22364,0.03,0.04
2013.05.29 14:28:28.735,0.2233,0.22365,0.02,0.02
2013.05.29 14:28:28.838,0.22332,0.22363,0.02,0.03
2013.05.29 14:28:30.573,0.22333,0.22364,0.02,0.02
2013.05.29 14:28:31.892,0.22332,0.22363,0.02,0.03
2013.05.29 14:28:34.689,0.22333,0.22364,0.02,0.02
2013.05.29 14:28:40.048,0.22334,0.22365,0.02,0.03
2013.05.29 14:28:46.379,0.22333,0.22363,0.02,0.02
2013.05.29 14:28:47.235,0.22334,0.22366,0.02,0.03
2013.05.29 14:28:47.944,0.22334,0.22366,0.02,0.05
2013.05.29 14:28:50.398,0.22333,0.22363,0.02,0.03
2013.05.29 14:28:50.461,0.22333,0.22366,0.02,0.03
2013.05.29 14:28:51.134,0.22333,0.22365,0.02,0.03
2013.05.29 14:28:52.584,0.22326,0.22357,0.02,0.03
2013.05.29 14:28:55.526,0.22325,0.22357,0.03,0.03
2013.05.29 14:28:55.646,0.22325,0.22357,0.02,0.03
2013.05.29 14:28:56.216,0.22325,0.22361,0.03,0.07
2013.05.29 14:28:57.038,0.22325,0.2236,0.03,0.02
2013.05.29 14:28:59.672,0.22325,0.22361,0.03,0.07
2013.05.29 14:29:03.096,0.22332,0.22363,0.02,0.03
2013.05.29 14:29:03.704,0.22333,0.22366,0.02,0.07
2013.05.29 14:29:06.703,0.22327,0.22358,0.02,0.03
2013.05.29 14:29:10.484,0.22327,0.2236,0.03,0.02
2013.05.29 14:29:10.596,0.22326,0.22356,0.02,0.04
2013.05.29 14:29:22.439,0.22328,0.22365,0.02,0.05
2013.05.29 14:29:22.657,0.22334,0.22366,0.02,0.05
2013.05.29 14:29:24.284,0.22331,0.22364,0.03,0.03
2013.05.29 14:29:25.162,0.22329,0.22359,0.02,0.02
2013.05.29 14:29:25.238,0.22325,0.22357,0.02,0.03
2013.05.29 14:29:26.147,0.22332,0.22362,0.02,0.02
2013.05.29 14:29:26.206,0.22332,0.22365,0.03,0.02
2013.05.29 14:29:34.547,0.22332,0.22363,0.03,0.03
2013.05.29 14:29:34.666,0.2232,0.2235,0.03,0.02
2013.05.29 14:29:34.726,0.22326,0.22356,0.03,0.03
2013.05.29 14:29:34.856,0.22326,0.2236,0.03,0.08
2013.05.29 14:29:35.298,0.22326,0.22357,0.03,0.03
2013.05.29 14:29:38.267,0.22326,0.2236,0.03,0.08
2013.05.29 14:29:41.426,0.22323,0.22353,0.03,0.02
2013.05.29 14:29:41.506,0.22329,0.22362,0.03,0.03
2013.05.29 14:29:42.148,0.2232,0.2235,0.02,0.02
2013.05.29 14:29:42.266,0.22326,0.22357,0.03,0.02
2013.05.29 14:29:44.460,0.22326,0.2236,0.03,0.07
2013.05.29 14:30:03.142,0.22316,0.2235,0.06,0.03
2013.05.29 14:30:03.611,0.22318,0.22356,0.02,0.03
2013.05.29 14:30:03.696,0.22315,0.22347,0.02,0.03
2013.05.29 14:30:04.274,0.22315,0.22351,0.03,0.07
2013.05.29 14:30:04.728,0.22308,0.22338,0.05,0.02
2013.05.29 14:30:04.846,0.22315,0.22345,0.02,0.02
2013.05.29 14:30:04.907,0.22315,0.22349,0.03,0.02
2013.05.29 14:30:05.277,0.22314,0.22346,0.05,0.03
2013.05.29 14:30:05.456,0.22314,0.22345,0.05,0.02
2013.05.29 14:30:06.488,0.22316,0.22347,0.02,0.03
2013.05.29 14:30:06.557,0.22316,0.2235,0.03,0.06
2013.05.29 14:30:08.797,0.22313,0.22345,0.02,0.03
2013.05.29 14:30:08.916,0.22314,0.22349,0.02,0.06
2013.05.29 14:30:09.036,0.22315,0.22345,0.02,0.02
2013.05.29 14:30:09.156,0.22315,0.2235,0.03,0.02
2013.05.29 14:30:13.083,0.22314,0.22345,0.03,0.03
2013.05.29 14:30:13.224,0.22314,0.22347,0.03,0.03
2013.05.29 14:30:14.106,0.22306,0.22336,0.03,0.02
2013.05.29 14:30:17.965,0.2231,0.2234,0.02,0.02
2013.05.29 14:30:18.557,0.22316,0.22349,0.03,0.03
2013.05.29 14:30:26.246,0.22316,0.22348,0.03,0.03
2013.05.29 14:30:27.186,0.22321,0.22354,0.03,0.03
2013.05.29 14:30:27.534,0.22319,0.22354,0.03,0.02
2013.05.29 14:30:27.657,0.22315,0.22347,0.02,0.03
2013.05.29 14:30:27.817,0.2232,0.2235,0.02,0.03
2013.05.29 14:30:27.876,0.2232,0.2235,0.03,0.03
2013.05.29 14:30:28.016,0.2232,0.22354,0.03,0.03
2013.05.29 14:30:30.488,0.22324,0.22355,0.02,0.03
2013.05.29 14:30:33.551,0.22317,0.22349,0.03,0.03
2013.05.29 14:30:34.014,0.22323,0.22353,0.04,0.02
2013.05.29 14:30:35.457,0.22321,0.22353,0.03,0.03
2013.05.29 14:30:38.347,0.22323,0.22353,0.02,0.02
2013.05.29 14:30:38.988,0.22322,0.22353,0.02,0.03
2013.05.29 14:30:41.695,0.22323,0.22353,0.02,0.02
2013.05.29 14:30:50.461,0.22323,0.22357,0.04,0.05
2013.05.29 14:30:53.826,0.22325,0.22356,0.03,0.05
2013.05.29 14:30:54.366,0.22326,0.2236,0.03,0.07
2013.05.29 14:31:05.738,0.22323,0.22355,0.05,0.03
2013.05.29 14:31:05.934,0.22323,0.22356,0.05,0.06
2013.05.29 14:31:06.417,0.22318,0.22349,0.02,0.03
2013.05.29 14:31:06.857,0.2231,0.2234,0.02,0.02
2013.05.29 14:31:07.417,0.22315,0.22345,0.02,0.02
2013.05.29 14:31:07.919,0.22321,0.22355,0.03,0.03
2013.05.29 14:31:09.774,0.22321,0.22354,0.03,0.03
2013.05.29 14:31:10.573,0.22324,0.22354,0.03,0.03
2013.05.29 14:31:10.687,0.22326,0.22356,0.02,0.03
2013.05.29 14:31:11.305,0.22326,0.22359,0.03,0.02
2013.05.29 14:31:12.893,0.22314,0.22345,0.02,0.02
2013.05.29 14:31:13.206,0.2232,0.22351,0.03,0.03
2013.05.29 14:31:13.294,0.2232,0.22355,0.03,0.03
2013.05.29 14:31:14.688,0.22318,0.22348,0.02,0.02
2013.05.29 14:31:15.017,0.22325,0.22356,0.02,0.02
2013.05.29 14:31:15.264,0.22325,0.22357,0.03,0.05
2013.05.29 14:31:18.706,0.22325,0.22357,0.03,0.05
2013.05.29 14:31:20.321,0.22325,0.22357,0.03,0.04
2013.05.29 14:31:20.436,0.22323,0.22354,0.04,0.03
2013.05.29 14:31:21.010,0.22324,0.22356,0.04,0.06
2013.05.29 14:31:23.523,0.22316,0.22346,0.03,0.02
2013.05.29 14:31:23.613,0.22323,0.22354,0.02,0.03
2013.05.29 14:31:26.526,0.22319,0.22349,0.02,0.02
2013.05.29 14:31:26.646,0.22319,0.22352,0.03,0.02
2013.05.29 14:31:28.153,0.22315,0.22347,0.02,0.03
2013.05.29 14:31:28.360,0.22315,0.22347,0.03,0.02
2013.05.29 14:31:34.599,0.22315,0.22354,0.03,0.03
2013.05.29 14:31:34.656,0.22319,0.2235,0.02,0.03
2013.05.29 14:31:34.716,0.22316,0.22348,0.03,0.03
2013.05.29 14:31:34.776,0.22319,0.22353,0.03,0.06
2013.05.29 14:31:34.967,0.22319,0.2235,0.03,0.02
2013.05.29 14:31:36.536,0.22316,0.22348,0.02,0.03
2013.05.29 14:31:37.204,0.22316,0.22348,0.02,0.03
2013.05.29 14:31:39.377,0.22316,0.22352,0.03,0.03
2013.05.29 14:31:39.439,0.22316,0.22349,0.03,0.03
2013.05.29 14:31:39.971,0.22313,0.22344,0.03,0.02
2013.05.29 14:31:40.246,0.22318,0.22352,0.03,0.03
2013.05.29 14:31:47.296,0.22315,0.22345,0.03,0.02
2013.05.29 14:31:47.825,0.22321,0.22355,0.03,0.06
2013.05.29 14:31:49.032,0.22324,0.22354,0.03,0.02
2013.05.29 14:31:49.086,0.22324,0.22357,0.03,0.05
2013.05.29 14:31:57.951,0.22325,0.22356,0.03,0.06
2013.05.29 14:31:58.226,0.22324,0.22354,0.02,0.02
2013.05.29 14:32:01.989,0.22324,0.22358,0.05,0.03
2013.05.29 14:32:02.078,0.22326,0.22356,0.02,0.05
2013.05.29 14:32:02.726,0.22326,0.22357,0.03,0.06
2013.05.29 14:32:03.465,0.22323,0.22354,0.05,0.03
2013.05.29 14:32:08.680,0.2232,0.2235,0.03,0.02
2013.05.29 14:32:10.981,0.22323,0.22353,0.02,0.02
2013.05.29 14:32:12.336,0.22326,0.22356,0.02,0.05
2013.05.29 14:32:12.544,0.22326,0.22358,0.03,0.02
2013.05.29 14:32:16.306,0.22329,0.22361,0.02,0.02
2013.05.29 14:32:16.366,0.22329,0.22364,0.03,0.02
2013.05.29 14:32:16.546,0.22327,0.22357,0.03,0.02
2013.05.29 14:32:17.698,0.22331,0.22363,0.03,0.02
2013.05.29 14:32:18.540,0.22331,0.22361,0.03,0.03
2013.05.29 14:32:19.185,0.22334,0.22364,0.02,0.02
2013.05.29 14:32:27.046,0.22333,0.22364,0.02,0.03
2013.05.29 14:32:30.692,0.22331,0.22361,0.03,0.03
2013.05.29 14:32:30.807,0.22329,0.22359,0.02,0.02
2013.05.29 14:32:31.385,0.22324,0.22357,0.02,0.03
2013.05.29 14:32:38.463,0.22325,0.22357,0.03,0.03
2013.05.29 14:32:38.566,0.22325,0.22358,0.02,0.02
2013.05.29 14:32:42.912,0.22324,0.22354,0.02,0.02
2013.05.29 14:32:42.976,0.22324,0.22354,0.03,0.02
2013.05.29 14:32:45.490,0.22324,0.22357,0.03,0.03
2013.05.29 14:32:53.416,0.2232,0.2235,0.02,0.02
2013.05.29 14:32:53.694,0.22326,0.2236,0.03,0.04
2013.05.29 14:32:58.271,0.22323,0.22356,0.05,0.04
2013.05.29 14:32:58.413,0.22322,0.22354,0.02,0.03
2013.05.29 14:33:01.438,0.22317,0.22349,0.02,0.03
2013.05.29 14:33:01.980,0.22324,0.22354,0.02,0.02
2013.05.29 14:33:05.264,0.2232,0.22354,0.03,0.02
2013.05.29 14:33:05.316,0.22313,0.22344,0.05,0.02
2013.05.29 14:33:05.376,0.22318,0.22352,0.03,0.03
2013.05.29 14:33:09.196,0.22315,0.22345,0.03,0.02
2013.05.29 14:33:09.386,0.22322,0.22355,0.02,0.05
2013.05.29 14:33:10.210,0.22324,0.22355,0.02,0.03
2013.05.29 14:33:15.506,0.22323,0.22354,0.02,0.03
2013.05.29 14:33:15.829,0.22321,0.22352,0.02,0.03
2013.05.29 14:33:17.484,0.22323,0.22354,0.02,0.03
2013.05.29 14:33:25.106,0.22321,0.22352,0.02,0.03
2013.05.29 14:33:26.417,0.22326,0.22358,0.03,0.03
2013.05.29 14:33:27.606,0.22326,0.2236,0.03,0.06
2013.05.29 14:33:28.275,0.22326,0.22357,0.02,0.02
2013.05.29 14:33:29.916,0.22326,0.22357,0.03,0.02
2013.05.29 14:33:36.507,0.22326,0.22356,0.03,0.02
2013.05.29 14:33:36.566,0.2232,0.22354,0.02,0.03
2013.05.29 14:33:36.626,0.2232,0.22352,0.03,0.02
2013.05.29 14:33:43.480,0.22322,0.22355,0.02,0.03
2013.05.29 14:33:44.015,0.22321,0.22352,0.02,0.03
2013.05.29 14:33:44.675,0.22318,0.2235,0.03,0.02
2013.05.29 14:33:45.337,0.22321,0.22354,0.03,0.02
2013.05.29 14:33:46.136,0.22319,0.22349,0.03,0.02
2013.05.29 14:33:46.238,0.22324,0.22356,0.02,0.03
2013.05.29 14:33:58.848,0.22325,0.22356,0.03,0.03
2013.05.29 14:33:59.933,0.22325,0.2236,0.03,0.02
2013.05.29 14:34:01.146,0.22325,0.22361,0.03,0.06
2013.05.29 14:34:01.527,0.22325,0.22357,0.02,0.03
2013.05.29 14:34:01.691,0.22333,0.22364,0.02,0.03
2013.05.29 14:34:02.638,0.22334,0.22364,0.02,0.02
2013.05.29 14:34:06.027,0.22333,0.22364,0.02,0.03
2013.05.29 14:34:10.336,0.22334,0.22364,0.02,0.02
2013.05.29 14:34:13.583,0.22333,0.22364,0.02,0.03
2013.05.29 14:34:14.213,0.22333,0.22365,0.02,0.02
2013.05.29 14:34:17.170,0.22333,0.22366,0.02,0.03
2013.05.29 14:34:17.815,0.22334,0.22366,0.02,0.02
2013.05.29 14:34:18.784,0.22333,0.22366,0.02,0.03
2013.05.29 14:34:19.526,0.22334,0.22366,0.02,0.02
2013.05.29 14:34:24.413,0.22331,0.22363,0.03,0.03
2013.05.29 14:34:25.238,0.22333,0.22365,0.02,0.03
2013.05.29 14:34:27.356,0.22334,0.22366,0.02,0.02
2013.05.29 14:34:31.139,0.22333,0.22365,0.05,0.03
2013.05.29 14:34:31.357,0.22332,0.22362,0.02,0.02
2013.05.29 14:34:31.476,0.22336,0.22366,0.02,0.03
2013.05.29 14:34:31.656,0.22336,0.22366,0.03,0.03
2013.05.29 14:34:37.504,0.22334,0.22364,0.02,0.02
2013.05.29 14:34:37.626,0.22332,0.22362,0.03,0.02
2013.05.29 14:34:38.365,0.22334,0.22364,0.03,0.02
2013.05.29 14:34:39.466,0.22336,0.22366,0.03,0.02
2013.05.29 14:34:43.608,0.22331,0.22363,0.02,0.03
2013.05.29 14:34:43.727,0.22331,0.22364,0.03,0.03
2013.05.29 14:34:44.303,0.22331,0.22364,0.03,0.02
2013.05.29 14:34:48.456,0.22331,0.22363,0.03,0.03
2013.05.29 14:34:56.770,0.22334,0.22365,0.02,0.02
2013.05.29 14:34:57.007,0.22336,0.22366,0.02,0.03
2013.05.29 14:34:57.067,0.22336,0.22368,0.03,0.03
2013.05.29 14:34:59.534,0.22336,0.22371,0.03,0.03
2013.05.29 14:35:01.830,0.22339,0.22371,0.02,0.03
2013.05.29 14:35:02.166,0.22337,0.22369,0.03,0.02
2013.05.29 14:35:03.787,0.22334,0.22366,0.02,0.03
2013.05.29 14:35:03.926,0.22334,0.22365,0.04,0.03
2013.05.29 14:35:03.986,0.22332,0.22362,0.02,0.02
2013.05.29 14:35:04.189,0.22334,0.22365,0.02,0.03
2013.05.29 14:35:04.497,0.22337,0.22367,0.02,0.04
2013.05.29 14:35:05.003,0.22335,0.22366,0.03,0.02
2013.05.29 14:35:07.275,0.22329,0.22363,0.02,0.06
2013.05.29 14:35:07.397,0.22327,0.22357,0.02,0.02
2013.05.29 14:35:07.457,0.22331,0.22366,0.03,0.04
2013.05.29 14:35:07.637,0.22331,0.22363,0.03,0.03
2013.05.29 14:35:09.541,0.22331,0.22363,0.03,0.03
2013.05.29 14:35:09.596,0.22329,0.2236,0.02,0.03
2013.05.29 14:35:10.276,0.22329,0.22362,0.03,0.02
2013.05.29 14:35:16.676,0.22327,0.22359,0.03,0.02
2013.05.29 14:35:19.927,0.22329,0.22361,0.03,0.03
2013.05.29 14:35:27.566,0.22331,0.22361,0.02,0.02
2013.05.29 14:35:27.627,0.22331,0.22366,0.03,0.02
2013.05.29 14:35:27.757,0.22331,0.22363,0.03,0.03
2013.05.29 14:35:30.096,0.22332,0.22364,0.02,0.02
2013.05.29 14:35:31.306,0.22331,0.22363,0.03,0.04
2013.05.29 14:35:31.426,0.22326,0.22357,0.04,0.02
2013.05.29 14:35:31.518,0.22326,0.22356,0.03,0.02
2013.05.29 14:35:47.059,0.22326,0.22357,0.03,0.03
2013.05.29 14:35:47.918,0.22326,0.22359,0.03,0.02
2013.05.29 14:35:50.036,0.22329,0.22361,0.02,0.03
2013.05.29 14:35:50.105,0.22329,0.22362,0.03,0.03
2013.05.29 14:35:50.226,0.22332,0.22362,0.02,0.03
2013.05.29 14:35:50.975,0.22332,0.22363,0.03,0.02
2013.05.29 14:35:58.718,0.22334,0.22364,0.02,0.02
2013.05.29 14:35:59.356,0.22334,0.22364,0.02,0.02
2013.05.29 14:35:59.966,0.22334,0.22366,0.04,0.03
2013.05.29 14:36:00.226,0.22337,0.22367,0.02,0.02
2013.05.29 14:36:00.634,0.22337,0.22371,0.03,0.04
2013.05.29 14:36:02.437,0.22337,0.22369,0.03,0.03
2013.05.29 14:36:08.926,0.22337,0.22369,0.03,0.02
2013.05.29 14:36:09.475,0.22337,0.2237,0.03,0.02
2013.05.29 14:36:10.408,0.22337,0.22369,0.03,0.02
2013.05.29 14:36:13.108,0.22338,0.22368,0.02,0.02
2013.05.29 14:36:17.518,0.22341,0.22372,0.02,0.02
2013.05.29 14:36:18.045,0.22342,0.22373,0.03,0.03
2013.05.29 14:36:22.377,0.22337,0.22367,0.03,0.02
2013.05.29 14:36:22.496,0.22337,0.2237,0.03,0.02
2013.05.29 14:36:23.487,0.22333,0.22363,0.03,0.02
2013.05.29 14:36:24.117,0.22334,0.22367,0.04,0.03
2013.05.29 14:36:37.277,0.22337,0.22367,0.02,0.02
2013.05.29 14:36:38.256,0.22337,0.22371,0.03,0.09
2013.05.29 14:36:38.703,0.22335,0.22366,0.03,0.02
2013.05.29 14:36:40.869,0.22337,0.2237,0.03,0.03
2013.05.29 14:36:43.966,0.22337,0.22375,0.03,0.02
2013.05.29 14:36:44.027,0.22338,0.22374,0.03,0.03
2013.05.29 14:36:44.087,0.22342,0.22374,0.02,0.02
2013.05.29 14:36:44.686,0.22337,0.22368,0.02,0.02
2013.05.29 14:36:45.221,0.22344,0.22374,0.02,0.02
2013.05.29 14:36:47.116,0.22337,0.22368,0.02,0.02
2013.05.29 14:36:48.598,0.22344,0.22374,0.02,0.02
2013.05.29 14:36:53.376,0.22343,0.22373,0.04,0.03
2013.05.29 14:36:58.761,0.22336,0.22369,0.02,0.03
2013.05.29 14:36:59.177,0.22346,0.22376,0.02,0.03
2013.05.29 14:36:59.237,0.22344,0.22374,0.03,0.02
2013.05.29 14:36:59.777,0.22346,0.22376,0.02,0.02
2013.05.29 14:37:01.157,0.22351,0.22381,0.02,0.02
2013.05.29 14:37:01.276,0.22348,0.22379,0.03,0.02
2013.05.29 14:37:01.397,0.22343,0.22373,0.03,0.02
2013.05.29 14:37:01.794,0.22351,0.22385,0.03,0.08
2013.05.29 14:37:02.475,0.22351,0.22384,0.03,0.02
2013.05.29 14:37:04.787,0.22351,0.22385,0.03,0.08
2013.05.29 14:37:06.256,0.22351,0.22384,0.03,0.02
2013.05.29 14:37:07.754,0.22353,0.22385,0.02,0.08
2013.05.29 14:37:08.564,0.22351,0.22384,0.03,0.02
2013.05.29 14:37:09.244,0.22353,0.22385,0.02,0.08
2013.05.29 14:37:11.387,0.22354,0.22384,0.02,0.02
2013.05.29 14:37:15.129,0.22346,0.22377,0.03,0.03
2013.05.29 14:37:15.188,0.22346,0.22379,0.03,0.03
2013.05.29 14:37:15.260,0.22346,0.22381,0.03,0.02
2013.05.29 14:37:15.716,0.22344,0.22378,0.03,0.03
2013.05.29 14:37:16.138,0.22343,0.22373,0.03,0.02
2013.05.29 14:37:16.755,0.22343,0.22373,0.04,0.02
2013.05.29 14:37:20.932,0.22344,0.22376,0.02,0.03
2013.05.29 14:37:21.471,0.22347,0.22378,0.02,0.02
2013.05.29 14:37:31.528,0.22343,0.22373,0.04,0.02
2013.05.29 14:37:31.975,0.22347,0.22377,0.02,0.03
2013.05.29 14:37:41.672,0.22349,0.2238,0.02,0.03
2013.05.29 14:37:42.208,0.22351,0.22382,0.03,0.03
2013.05.29 14:37:46.707,0.22354,0.22385,0.02,0.07
2013.05.29 14:37:47.628,0.22354,0.22385,0.03,0.02
2013.05.29 14:37:47.797,0.22356,0.22386,0.02,0.02
2013.05.29 14:37:47.987,0.22356,0.2239,0.03,0.05
2013.05.29 14:37:48.290,0.22358,0.2239,0.02,0.02
2013.05.29 14:37:48.728,0.22356,0.22387,0.02,0.03
2013.05.29 14:37:49.526,0.22356,0.22389,0.03,0.02
2013.05.29 14:37:53.717,0.22361,0.22395,0.03,0.04
2013.05.29 14:37:54.303,0.2236,0.2239,0.03,0.03
2013.05.29 14:37:54.820,0.2236,0.22392,0.03,0.03
2013.05.29 14:37:55.355,0.22364,0.22394,0.02,0.03
2013.05.29 14:37:56.231,0.22363,0.22394,0.02,0.03
2013.05.29 14:37:56.757,0.22361,0.22394,0.02,0.02
2013.05.29 14:37:59.436,0.22361,0.22394,0.02,0.03
2013.05.29 14:38:01.893,0.22364,0.22394,0.02,0.02
2013.05.29 14:38:15.331,0.22363,0.22393,0.02,0.02
2013.05.29 14:38:15.918,0.22364,0.22394,0.02,0.02
2013.05.29 14:38:25.256,0.22363,0.22393,0.02,0.02
2013.05.29 14:38:25.649,0.22363,0.22396,0.02,0.08
2013.05.29 14:38:36.317,0.22358,0.22391,0.04,0.03
2013.05.29 14:38:36.497,0.22355,0.2239,0.03,0.02
2013.05.29 14:38:37.064,0.2235,0.22385,0.02,0.03
2013.05.29 14:38:37.127,0.2235,0.22381,0.03,0.02
2013.05.29 14:38:37.667,0.2235,0.22382,0.03,0.03
2013.05.29 14:38:37.727,0.22349,0.22379,0.02,0.02
2013.05.29 14:38:37.787,0.22349,0.22379,0.03,0.02
2013.05.29 14:38:39.023,0.22349,0.22383,0.03,0.05
2013.05.29 14:38:39.187,0.22353,0.22383,0.03,0.02
2013.05.29 14:38:39.247,0.22353,0.22384,0.03,0.02
2013.05.29 14:38:40.027,0.22351,0.22384,0.02,0.02
2013.05.29 14:38:40.267,0.22353,0.22386,0.03,0.03
2013.05.29 14:38:40.813,0.22351,0.22382,0.02,0.03
2013.05.29 14:38:41.048,0.22353,0.22384,0.03,0.02
2013.05.29 14:38:41.167,0.22353,0.22384,0.04,0.02
2013.05.29 14:38:41.997,0.22355,0.22387,0.02,0.02
2013.05.29 14:38:44.231,0.22348,0.22378,0.02,0.02
2013.05.29 14:38:44.886,0.22356,0.22387,0.02,0.03
2013.05.29 14:38:53.947,0.22358,0.22388,0.02,0.02
2013.05.29 14:38:54.007,0.22358,0.22389,0.03,0.03
2013.05.29 14:38:55.776,0.2236,0.22391,0.02,0.03
2013.05.29 14:38:56.077,0.22362,0.22394,0.03,0.03
2013.05.29 14:38:56.660,0.22364,0.22396,0.02,0.05
2013.05.29 14:38:56.997,0.22355,0.22385,0.02,0.02
2013.05.29 14:38:58.732,0.22363,0.22393,0.02,0.02
2013.05.29 14:38:59.247,0.22359,0.2239,0.02,0.02
2013.05.29 14:38:59.459,0.22359,0.2239,0.03,0.02
2013.05.29 14:38:59.648,0.22358,0.2239,0.03,0.02
2013.05.29 14:38:59.708,0.22364,0.22395,0.02,0.02
2013.05.29 14:39:00.254,0.22361,0.22393,0.02,0.03
2013.05.29 14:39:00.935,0.2236,0.2239,0.03,0.02
2013.05.29 14:39:02.799,0.22364,0.22394,0.02,0.02
2013.05.29 14:39:05.295,0.22363,0.22394,0.03,0.03
2013.05.29 14:39:05.805,0.22364,0.22394,0.02,0.02
2013.05.29 14:39:05.866,0.22364,0.22394,0.04,0.03
2013.05.29 14:39:08.689,0.22361,0.22391,0.02,0.02
2013.05.29 14:39:09.376,0.22361,0.22392,0.03,0.03
2013.05.29 14:39:11.482,0.22363,0.22393,0.02,0.02
2013.05.29 14:39:13.537,0.22365,0.22396,0.02,0.02
2013.05.29 14:39:13.677,0.22361,0.22393,0.03,0.03
2013.05.29 14:39:13.797,0.22364,0.22396,0.03,0.04
2013.05.29 14:39:14.627,0.22365,0.22397,0.03,0.04
2013.05.29 14:39:17.289,0.22365,0.224,0.03,0.02
2013.05.29 14:39:17.407,0.22365,0.22396,0.03,0.02
2013.05.29 14:39:19.875,0.22372,0.22402,0.02,0.02
2013.05.29 14:39:20.001,0.22369,0.224,0.03,0.02
2013.05.29 14:39:20.957,0.22372,0.22405,0.03,0.03
2013.05.29 14:39:21.077,0.22367,0.22399,0.02,0.03
2013.05.29 14:39:21.137,0.22366,0.22398,0.03,0.02
2013.05.29 14:39:21.647,0.22368,0.224,0.03,0.02
2013.05.29 14:39:22.227,0.22366,0.22398,0.02,0.03
2013.05.29 14:39:29.280,0.22364,0.22395,0.05,0.03
2013.05.29 14:39:29.740,0.22363,0.22395,0.03,0.07
2013.05.29 14:39:29.854,0.22364,0.22395,0.03,0.03
2013.05.29 14:39:29.907,0.22364,0.22394,0.03,0.02
2013.05.29 14:39:32.492,0.22361,0.22392,0.02,0.03
2013.05.29 14:39:42.081,0.22358,0.2239,0.02,0.06
2013.05.29 14:39:42.198,0.22356,0.22393,0.04,0.03
2013.05.29 14:39:42.257,0.22356,0.22389,0.03,0.02
2013.05.29 14:39:42.911,0.22356,0.22386,0.02,0.02
2013.05.29 14:39:44.546,0.22365,0.22395,0.02,0.02
2013.05.29 14:39:44.667,0.22361,0.22391,0.02,0.02
2013.05.29 14:39:44.847,0.22359,0.2239,0.03,0.02
2013.05.29 14:39:44.967,0.22358,0.22388,0.03,0.02
2013.05.29 14:39:45.087,0.22358,0.22391,0.03,0.03
2013.05.29 14:39:48.727,0.22361,0.22391,0.02,0.03
2013.05.29 14:39:49.380,0.22364,0.22394,0.02,0.02
2013.05.29 14:39:49.992,0.22363,0.22393,0.02,0.02
2013.05.29 14:39:50.512,0.22364,0.22394,0.02,0.02
2013.05.29 14:39:51.936,0.22363,0.22393,0.02,0.02
2013.05.29 14:39:52.207,0.22365,0.22396,0.03,0.03
2013.05.29 14:39:52.268,0.22365,0.22397,0.03,0.02
2013.05.29 14:39:54.451,0.22365,0.22396,0.03,0.03
2013.05.29 14:39:55.457,0.22364,0.22396,0.02,0.03
2013.05.29 14:39:55.797,0.2236,0.2239,0.02,0.02
2013.05.29 14:40:23.140,0.22358,0.22389,0.02,0.03
2013.05.29 14:40:23.233,0.22355,0.22387,0.03,0.03
2013.05.29 14:40:23.288,0.22355,0.22387,0.03,0.03
2013.05.29 14:40:24.035,0.22355,0.22388,0.03,0.03
2013.05.29 14:40:32.259,0.22355,0.22386,0.03,0.02
2013.05.29 14:40:41.939,0.22358,0.2239,0.02,0.02
2013.05.29 14:40:42.414,0.22355,0.22387,0.02,0.03
2013.05.29 14:40:42.538,0.22355,0.22388,0.03,0.03
2013.05.29 14:40:43.957,0.22355,0.22391,0.03,0.06
2013.05.29 14:40:46.688,0.22355,0.22386,0.03,0.02
2013.05.29 14:40:46.808,0.22355,0.22389,0.03,0.02
2013.05.29 14:40:47.733,0.22355,0.22385,0.03,0.02
2013.05.29 14:40:48.162,0.22346,0.22376,0.03,0.02
2013.05.29 14:40:48.725,0.22354,0.22384,0.02,0.02
2013.05.29 14:40:52.366,0.22353,0.22384,0.02,0.03
2013.05.29 14:40:52.608,0.22354,0.22386,0.03,0.03
2013.05.29 14:40:56.667,0.22355,0.22387,0.03,0.04
2013.05.29 14:40:56.787,0.22361,0.22391,0.02,0.02
2013.05.29 14:40:56.847,0.22357,0.22391,0.03,0.02
2013.05.29 14:40:56.968,0.2236,0.22395,0.03,0.03
2013.05.29 14:40:57.986,0.22359,0.22391,0.02,0.03
2013.05.29 14:40:58.047,0.22359,0.22391,0.02,0.03
2013.05.29 14:41:00.951,0.22359,0.22393,0.03,0.03
2013.05.29 14:41:01.128,0.22355,0.22385,0.02,0.02
2013.05.29 14:41:02.767,0.22364,0.22394,0.02,0.02
2013.05.29 14:41:02.827,0.22364,0.22394,0.03,0.02
2013.05.29 14:41:03.362,0.22366,0.22397,0.03,0.03
2013.05.29 14:41:04.357,0.22368,0.22398,0.02,0.02
2013.05.29 14:41:04.548,0.22368,0.22398,0.03,0.02
2013.05.29 14:41:04.617,0.22368,0.22404,0.03,0.06
2013.05.29 14:41:04.797,0.22371,0.22403,0.03,0.03
2013.05.29 14:41:05.097,0.22368,0.224,0.03,0.03
2013.05.29 14:41:05.157,0.22371,0.22403,0.03,0.03
2013.05.29 14:41:05.724,0.22371,0.22403,0.03,0.03
2013.05.29 14:41:05.778,0.22369,0.224,0.02,0.03
2013.05.29 14:41:05.877,0.22369,0.224,0.03,0.02
2013.05.29 14:41:07.867,0.22369,0.22403,0.03,0.06
2013.05.29 14:41:08.007,0.22368,0.22402,0.03,0.02
2013.05.29 14:41:08.707,0.22371,0.22403,0.03,0.02
2013.05.29 14:41:09.316,0.22371,0.22406,0.03,0.06
2013.05.29 14:41:09.549,0.22371,0.22401,0.03,0.02
2013.05.29 14:41:11.588,0.22365,0.22399,0.02,0.03
2013.05.29 14:41:11.647,0.22365,0.22397,0.02,0.03
2013.05.29 14:41:11.707,0.22365,0.22398,0.03,0.03
2013.05.29 14:41:11.767,0.22364,0.22395,0.03,0.03
2013.05.29 14:41:11.915,0.22364,0.22395,0.03,0.03
2013.05.29 14:41:14.397,0.22351,0.22385,0.02,0.03
2013.05.29 14:41:14.458,0.22355,0.22393,0.02,0.03
2013.05.29 14:41:14.561,0.22351,0.22383,0.03,0.03
2013.05.29 14:41:14.618,0.22341,0.22371,0.02,0.02
2013.05.29 14:41:14.855,0.22347,0.22377,0.03,0.03
2013.05.29 14:41:17.573,0.22347,0.22379,0.03,0.03
2013.05.29 14:41:17.648,0.22346,0.22378,0.02,0.03
2013.05.29 14:41:20.385,0.22351,0.22381,0.02,0.02
2013.05.29 14:41:20.447,0.22351,0.22384,0.03,0.02
2013.05.29 14:41:22.846,0.22353,0.22383,0.02,0.02
2013.05.29 14:41:26.610,0.22354,0.22385,0.02,0.06
2013.05.29 14:41:29.087,0.22356,0.22386,0.02,0.06
2013.05.29 14:41:29.642,0.22354,0.22385,0.03,0.02
2013.05.29 14:41:31.656,0.22346,0.22376,0.03,0.02
2013.05.29 14:41:31.838,0.2235,0.22381,0.03,0.02
2013.05.29 14:41:32.575,0.2235,0.22383,0.03,0.02
2013.05.29 14:41:33.157,0.2235,0.22385,0.03,0.03
2013.05.29 14:41:36.466,0.22353,0.22384,0.02,0.02
2013.05.29 14:41:36.977,0.22354,0.22384,0.02,0.02
2013.05.29 14:41:38.617,0.22347,0.22379,0.02,0.03
2013.05.29 14:41:38.737,0.22347,0.22381,0.03,0.03
2013.05.29 14:41:38.797,0.22347,0.22377,0.03,0.04
2013.05.29 14:41:42.228,0.22344,0.22375,0.04,0.03
2013.05.29 14:41:42.799,0.22342,0.22372,0.02,0.02
2013.05.29 14:41:42.968,0.22342,0.22373,0.03,0.02
2013.05.29 14:41:43.576,0.22341,0.22373,0.03,0.02
2013.05.29 14:41:44.245,0.22341,0.22374,0.03,0.02
2013.05.29 14:41:44.992,0.22344,0.22374,0.03,0.03
2013.05.29 14:41:45.636,0.22344,0.22376,0.03,0.03
2013.05.29 14:41:46.477,0.22342,0.22372,0.02,0.02
2013.05.29 14:41:46.777,0.22343,0.22374,0.02,0.03
2013.05.29 14:41:57.538,0.22347,0.22377,0.02,0.03
2013.05.29 14:41:58.880,0.22343,0.22374,0.04,0.03
2013.05.29 14:41:59.254,0.22342,0.22374,0.03,0.02
2013.05.29 14:42:03.180,0.22339,0.2237,0.02,0.03
2013.05.29 14:42:03.318,0.22335,0.22366,0.02,0.02
2013.05.29 14:42:05.960,0.22337,0.22369,0.02,0.03
2013.05.29 14:42:06.657,0.22344,0.22374,0.02,0.02
2013.05.29 14:42:08.028,0.22342,0.22374,0.03,0.03
2013.05.29 14:42:10.799,0.22342,0.22374,0.03,0.02
2013.05.29 14:42:11.129,0.22344,0.22375,0.04,0.03
2013.05.29 14:42:11.248,0.22346,0.22377,0.02,0.03
2013.05.29 14:42:11.389,0.22344,0.22375,0.02,0.03
2013.05.29 14:42:11.681,0.22341,0.22371,0.03,0.02
2013.05.29 14:42:13.029,0.22344,0.22375,0.02,0.03
2013.05.29 14:42:13.594,0.22344,0.22376,0.04,0.03
2013.05.29 14:42:14.589,0.22344,0.22378,0.05,0.03
2013.05.29 14:42:14.649,0.22341,0.22371,0.02,0.02
2013.05.29 14:42:15.343,0.22344,0.22375,0.02,0.03
2013.05.29 14:42:15.399,0.22344,0.22375,0.03,0.02
2013.05.29 14:42:16.294,0.22346,0.22377,0.02,0.02
2013.05.29 14:42:16.680,0.22346,0.22379,0.03,0.03
2013.05.29 14:42:17.048,0.22349,0.22381,0.02,0.03
2013.05.29 14:42:17.494,0.22351,0.22381,0.02,0.02
2013.05.29 14:42:17.548,0.22351,0.22385,0.03,0.03
2013.05.29 14:42:18.278,0.22353,0.22384,0.02,0.03
2013.05.29 14:42:21.529,0.22347,0.22377,0.03,0.06
2013.05.29 14:42:24.739,0.22344,0.22375,0.02,0.03
2013.05.29 14:42:25.306,0.22344,0.22374,0.02,0.02
2013.05.29 14:42:25.369,0.22342,0.22372,0.03,0.02
2013.05.29 14:42:25.489,0.22346,0.22376,0.02,0.05
2013.05.29 14:42:28.069,0.22346,0.22376,0.02,0.03
2013.05.29 14:42:28.399,0.22354,0.22384,0.02,0.02
2013.05.29 14:42:29.011,0.22353,0.22385,0.03,0.07
2013.05.29 14:42:30.108,0.22356,0.22386,0.02,0.02
2013.05.29 14:42:30.318,0.22356,0.22386,0.02,0.02
2013.05.29 14:42:31.299,0.22353,0.22384,0.05,0.02
2013.05.29 14:42:31.419,0.2235,0.2238,0.02,0.02
2013.05.29 14:42:31.590,0.22356,0.2239,0.03,0.06
2013.05.29 14:42:32.039,0.22351,0.22382,0.03,0.02
2013.05.29 14:42:32.686,0.22353,0.22385,0.02,0.04
2013.05.29 14:42:33.419,0.22354,0.22385,0.03,0.04
2013.05.29 14:42:34.365,0.22353,0.22385,0.02,0.04
2013.05.29 14:42:35.087,0.22354,0.22385,0.02,0.04
2013.05.29 14:42:36.120,0.22353,0.22385,0.02,0.04
2013.05.29 14:42:36.369,0.22346,0.2238,0.03,0.02
2013.05.29 14:42:38.649,0.22341,0.22374,0.02,0.03
2013.05.29 14:42:38.722,0.22343,0.22375,0.03,0.02
2013.05.29 14:42:40.619,0.22344,0.22375,0.03,0.02
2013.05.29 14:42:40.706,0.22344,0.22379,0.03,0.08
2013.05.29 14:42:43.906,0.22344,0.22375,0.02,0.03
2013.05.29 14:42:44.923,0.22346,0.22377,0.03,0.06
2013.05.29 14:42:45.559,0.22346,0.2238,0.03,0.02
2013.05.29 14:42:47.584,0.22346,0.2238,0.03,0.06
2013.05.29 14:42:48.741,0.22346,0.22382,0.03,0.06
2013.05.29 14:42:48.799,0.22355,0.22385,0.02,0.02
2013.05.29 14:42:48.919,0.22355,0.22389,0.03,0.03
2013.05.29 14:42:49.278,0.22354,0.22385,0.02,0.05
2013.05.29 14:42:53.370,0.22353,0.22383,0.02,0.02
2013.05.29 14:42:56.880,0.22353,0.22385,0.02,0.05
2013.05.29 14:42:58.779,0.22346,0.22382,0.02,0.04
2013.05.29 14:42:59.019,0.22346,0.22377,0.02,0.06
2013.05.29 14:42:59.565,0.22346,0.22379,0.03,0.02
2013.05.29 14:43:02.278,0.22343,0.22376,0.02,0.05
2013.05.29 14:43:02.359,0.22344,0.22375,0.02,0.03
2013.05.29 14:43:02.418,0.22342,0.22372,0.02,0.02
2013.05.29 14:43:02.849,0.22336,0.2237,0.02,0.03
2013.05.29 14:43:02.968,0.22336,0.22371,0.03,0.03
2013.05.29 14:43:03.499,0.22336,0.22372,0.03,0.07
2013.05.29 14:43:03.738,0.22336,0.22371,0.03,0.02
2013.05.29 14:43:05.769,0.22337,0.22374,0.02,0.02
2013.05.29 14:43:05.930,0.22339,0.22372,0.03,0.03
2013.05.29 14:43:06.369,0.22335,0.22367,0.03,0.02
2013.05.29 14:43:06.429,0.22341,0.22374,0.03,0.03
2013.05.29 14:43:06.748,0.22334,0.22364,0.05,0.02
2013.05.29 14:43:07.797,0.22342,0.22374,0.02,0.03
2013.05.29 14:43:08.348,0.22342,0.22375,0.03,0.02
2013.05.29 14:43:10.060,0.22343,0.22376,0.02,0.03
2013.05.29 14:43:10.748,0.22344,0.22375,0.02,0.03
2013.05.29 14:43:10.829,0.22344,0.22376,0.02,0.04
2013.05.29 14:43:15.756,0.22344,0.22376,0.02,0.06
2013.05.29 14:43:15.879,0.22336,0.2237,0.03,0.03
2013.05.29 14:43:16.421,0.22336,0.22371,0.03,0.02
2013.05.29 14:43:18.264,0.22332,0.22366,0.02,0.09
2013.05.29 14:43:18.660,0.22333,0.22363,0.02,0.02
2013.05.29 14:43:19.540,0.22334,0.22366,0.02,0.09
2013.05.29 14:43:19.870,0.22334,0.22369,0.02,0.02
2013.05.29 14:43:20.839,0.22333,0.22363,0.02,0.02
2013.05.29 14:43:23.859,0.22331,0.22363,0.04,0.03
2013.05.29 14:43:25.292,0.22334,0.22365,0.02,0.03
2013.05.29 14:43:32.803,0.22336,0.22367,0.03,0.05
2013.05.29 14:43:32.859,0.22336,0.2237,0.03,0.02
2013.05.29 14:43:33.588,0.22341,0.22372,0.02,0.03
2013.05.29 14:43:33.709,0.22344,0.22374,0.02,0.02
2013.05.29 14:43:34.149,0.22343,0.22377,0.03,0.06
2013.05.29 14:43:39.353,0.22344,0.22374,0.04,0.02
2013.05.29 14:43:40.100,0.22347,0.22377,0.02,0.03
2013.05.29 14:43:40.159,0.22347,0.2238,0.03,0.06
2013.05.29 14:43:51.670,0.22349,0.22386,0.02,0.05
2013.05.29 14:43:51.790,0.22353,0.22384,0.04,0.03
2013.05.29 14:43:52.069,0.22355,0.22386,0.02,0.03
2013.05.29 14:43:52.214,0.22355,0.2239,0.03,0.02
2013.05.29 14:43:52.659,0.22353,0.22384,0.02,0.03
2013.05.29 14:43:52.719,0.2235,0.22381,0.02,0.03
2013.05.29 14:43:55.905,0.22353,0.22384,0.02,0.02
2013.05.29 14:43:57.469,0.2235,0.22381,0.02,0.03
2013.05.29 14:43:58.016,0.22353,0.22384,0.02,0.02
2013.05.29 14:44:00.734,0.2235,0.22381,0.02,0.03
2013.05.29 14:44:02.152,0.22347,0.22379,0.02,0.03
2013.05.29 14:44:02.670,0.22346,0.22377,0.03,0.04
2013.05.29 14:44:20.910,0.22344,0.22375,0.03,0.02
2013.05.29 14:44:21.336,0.22343,0.22375,0.03,0.02
2013.05.29 14:44:22.920,0.22333,0.22364,0.04,0.02
2013.05.29 14:44:22.989,0.22336,0.22367,0.02,0.03
2013.05.29 14:44:32.744,0.22336,0.22372,0.03,0.04
2013.05.29 14:44:33.588,0.22336,0.22366,0.02,0.02
2013.05.29 14:44:40.249,0.22336,0.22372,0.03,0.04
2013.05.29 14:44:47.183,0.22344,0.22374,0.02,0.02
2013.05.29 14:44:47.349,0.22343,0.22373,0.02,0.03
2013.05.29 14:44:47.468,0.22343,0.22376,0.02,0.02
2013.05.29 14:44:54.013,0.22343,0.22375,0.02,0.03
2013.05.29 14:44:55.314,0.22344,0.22375,0.02,0.03
2013.05.29 14:44:56.055,0.22343,0.22375,0.02,0.03
2013.05.29 14:44:56.108,0.22343,0.22377,0.02,0.06
2013.05.29 14:44:57.064,0.22343,0.22373,0.04,0.02
2013.05.29 14:44:57.727,0.22343,0.22377,0.04,0.05
2013.05.29 14:44:58.221,0.22342,0.22372,0.02,0.02
2013.05.29 14:45:00.689,0.22339,0.22371,0.02,0.04
2013.05.29 14:45:00.870,0.22338,0.22375,0.02,0.03
2013.05.29 14:45:00.929,0.22337,0.2237,0.03,0.02
2013.05.29 14:45:05.837,0.22334,0.22366,0.03,0.02
2013.05.29 14:45:06.078,0.22333,0.22365,0.03,0.03
2013.05.29 14:45:07.509,0.22333,0.22366,0.03,0.02
2013.05.29 14:45:08.157,0.22333,0.22364,0.04,0.03
2013.05.29 14:45:08.319,0.22337,0.22367,0.02,0.02
2013.05.29 14:45:08.829,0.22337,0.22367,0.02,0.04
2013.05.29 14:45:09.749,0.22337,0.22367,0.03,0.04
2013.05.29 14:45:10.220,0.22337,0.22371,0.03,0.05
2013.05.29 14:45:10.805,0.22337,0.22369,0.03,0.02
2013.05.29 14:45:12.320,0.22337,0.2237,0.03,0.03
2013.05.29 14:45:13.579,0.22337,0.22371,0.03,0.03
2013.05.29 14:45:14.177,0.22337,0.22371,0.03,0.03
2013.05.29 14:45:15.569,0.22331,0.22366,0.02,0.03
2013.05.29 14:45:15.689,0.22334,0.22369,0.03,0.03
2013.05.29 14:45:15.759,0.22333,0.22367,0.03,0.09
2013.05.29 14:45:15.819,0.22332,0.22362,0.03,0.02
2013.05.29 14:45:16.342,0.22336,0.22366,0.03,0.05
2013.05.29 14:45:16.410,0.22334,0.22364,0.04,0.02
2013.05.29 14:45:20.289,0.22332,0.22362,0.03,0.02
2013.05.29 14:45:23.260,0.22333,0.22364,0.04,0.03
2013.05.29 14:45:23.896,0.22334,0.22365,0.03,0.02
2013.05.29 14:45:24.511,0.22334,0.22369,0.03,0.07
2013.05.29 14:45:25.920,0.22337,0.22368,0.02,0.03
2013.05.29 14:45:26.238,0.22328,0.22358,0.05,0.02
2013.05.29 14:45:26.509,0.22337,0.22367,0.02,0.05
2013.05.29 14:45:26.709,0.22334,0.22368,0.03,0.03
2013.05.29 14:45:26.828,0.22336,0.22367,0.02,0.05
2013.05.29 14:45:26.896,0.22334,0.22365,0.02,0.03
2013.05.29 14:45:27.220,0.22336,0.22367,0.02,0.05
2013.05.29 14:45:27.279,0.22336,0.2237,0.03,0.05
2013.05.29 14:45:33.490,0.22334,0.22366,0.06,0.06
2013.05.29 14:45:33.679,0.22334,0.22366,0.03,0.02
2013.05.29 14:45:34.386,0.22334,0.22366,0.02,0.05
2013.05.29 14:45:34.739,0.22327,0.22357,0.03,0.02
2013.05.29 14:45:36.129,0.22333,0.22363,0.03,0.03
2013.05.29 14:45:36.716,0.22333,0.22364,0.03,0.02
2013.05.29 14:45:36.981,0.22333,0.22367,0.03,0.06
2013.05.29 14:45:38.489,0.22333,0.22363,0.02,0.02
2013.05.29 14:45:38.620,0.22333,0.22365,0.03,0.03
2013.05.29 14:45:40.377,0.22334,0.22366,0.03,0.09
2013.05.29 14:45:41.711,0.22333,0.2237,0.03,0.03
2013.05.29 14:45:41.769,0.22337,0.22367,0.02,0.05
2013.05.29 14:45:41.889,0.22337,0.22371,0.03,0.07
2013.05.29 14:45:42.465,0.22337,0.22367,0.02,0.05
2013.05.29 14:45:43.549,0.22331,0.22366,0.02,0.07
2013.05.29 14:45:43.739,0.22333,0.22366,0.02,0.03
2013.05.29 14:45:43.820,0.22331,0.22362,0.03,0.03
2013.05.29 14:45:43.879,0.22333,0.22366,0.02,0.02
2013.05.29 14:45:49.937,0.22328,0.2236,0.02,0.06
2013.05.29 14:45:50.060,0.22326,0.2236,0.03,0.06
2013.05.29 14:45:50.250,0.22326,0.22363,0.03,0.02
2013.05.29 14:45:50.465,0.22326,0.2236,0.03,0.06
2013.05.29 14:46:03.737,0.22323,0.22357,0.06,0.03
2013.05.29 14:46:03.949,0.22325,0.22355,0.02,0.02
2013.05.29 14:46:05.270,0.22331,0.22362,0.02,0.03
2013.05.29 14:46:05.329,0.22331,0.22366,0.03,0.03
2013.05.29 14:46:05.757,0.22333,0.22367,0.02,0.08
2013.05.29 14:46:06.344,0.22334,0.22366,0.02,0.02
2013.05.29 14:46:07.463,0.22334,0.22367,0.02,0.06
2013.05.29 14:46:08.599,0.22337,0.22367,0.02,0.02
2013.05.29 14:46:08.809,0.22334,0.22368,0.03,0.05
2013.05.29 14:46:08.928,0.22334,0.22365,0.03,0.02
2013.05.29 14:46:11.970,0.22334,0.22368,0.03,0.05
2013.05.29 14:46:12.089,0.22334,0.22366,0.04,0.03
2013.05.29 14:46:12.369,0.22337,0.22369,0.03,0.02
2013.05.29 14:46:14.085,0.22337,0.22375,0.03,0.06
2013.05.29 14:46:14.270,0.22342,0.22373,0.03,0.02
2013.05.29 14:46:14.741,0.22339,0.22371,0.02,0.03
2013.05.29 14:46:15.328,0.22339,0.22373,0.03,0.06
2013.05.29 14:46:23.812,0.22336,0.22368,0.03,0.03
2013.05.29 14:46:24.459,0.22336,0.22372,0.03,0.04
2013.05.29 14:46:26.781,0.22338,0.22368,0.02,0.02
2013.05.29 14:46:27.659,0.22336,0.22367,0.03,0.03
2013.05.29 14:46:28.498,0.22339,0.22369,0.02,0.02
2013.05.29 14:46:28.879,0.22337,0.22367,0.02,0.02
2013.05.29 14:46:29.559,0.22337,0.22371,0.03,0.04
2013.05.29 14:46:30.219,0.22339,0.2237,0.02,0.03
2013.05.29 14:46:31.400,0.22337,0.22368,0.02,0.03
2013.05.29 14:46:34.629,0.22339,0.2237,0.02,0.03
2013.05.29 14:46:35.164,0.22336,0.22366,0.02,0.02
2013.05.29 14:46:35.856,0.22336,0.22369,0.03,0.02
2013.05.29 14:46:37.436,0.22336,0.22367,0.03,0.03
2013.05.29 14:46:37.499,0.22331,0.22363,0.02,0.03
2013.05.29 14:46:38.067,0.22334,0.22366,0.03,0.04
2013.05.29 14:46:42.941,0.22329,0.22362,0.04,0.03
2013.05.29 14:46:43.119,0.22328,0.22363,0.03,0.02
2013.05.29 14:46:43.401,0.22328,0.22362,0.03,0.03
2013.05.29 14:46:45.310,0.2232,0.2235,0.03,0.02
2013.05.29 14:46:45.799,0.22326,0.2236,0.03,0.06
2013.05.29 14:46:47.009,0.22326,0.2236,0.03,0.05
2013.05.29 14:46:47.469,0.22332,0.22363,0.02,0.03
2013.05.29 14:46:47.529,0.22334,0.22366,0.02,0.07
2013.05.29 14:46:48.034,0.22333,0.22365,0.03,0.02
2013.05.29 14:46:48.219,0.22334,0.22365,0.03,0.03
2013.05.29 14:46:49.157,0.22334,0.22367,0.03,0.03
2013.05.29 14:46:49.670,0.22331,0.22364,0.03,0.02
2013.05.29 14:46:49.750,0.22323,0.22354,0.05,0.02
2013.05.29 14:46:55.260,0.22331,0.22361,0.02,0.02
2013.05.29 14:46:55.704,0.22322,0.22353,0.03,0.02
2013.05.29 14:46:56.218,0.22329,0.22363,0.03,0.06
2013.05.29 14:46:57.279,0.22332,0.22364,0.02,0.03
2013.05.29 14:46:57.863,0.22333,0.22364,0.02,0.02
2013.05.29 14:47:02.599,0.22327,0.22358,0.02,0.03
2013.05.29 14:47:02.659,0.22328,0.22359,0.02,0.03
2013.05.29 14:47:02.719,0.22328,0.22362,0.03,0.02
2013.05.29 14:47:05.952,0.22326,0.2236,0.02,0.07
2013.05.29 14:47:06.459,0.22326,0.22363,0.03,0.02
2013.05.29 14:47:06.519,0.22328,0.22359,0.02,0.03
2013.05.29 14:47:07.590,0.22331,0.22364,0.02,0.03
2013.05.29 14:47:07.739,0.22327,0.22357,0.03,0.02
2013.05.29 14:47:07.799,0.22333,0.22367,0.02,0.09
2013.05.29 14:47:10.440,0.22332,0.22362,0.03,0.02
2013.05.29 14:47:10.589,0.22336,0.2237,0.03,0.02
2013.05.29 14:47:10.923,0.22336,0.22367,0.02,0.02
2013.05.29 14:47:11.282,0.22334,0.22369,0.03,0.05
2013.05.29 14:47:11.523,0.22333,0.22367,0.05,0.03
2013.05.29 14:47:14.309,0.22327,0.22357,0.03,0.02
2013.05.29 14:47:14.846,0.22333,0.22367,0.03,0.09
2013.05.29 14:47:16.769,0.22334,0.22366,0.02,0.04
2013.05.29 14:47:17.689,0.22333,0.22363,0.02,0.02
2013.05.29 14:47:17.816,0.22333,0.22367,0.04,0.03
2013.05.29 14:47:18.517,0.22333,0.22367,0.04,0.03
2013.05.29 14:47:18.857,0.22333,0.22364,0.02,0.03
2013.05.29 14:47:24.849,0.22334,0.22366,0.02,0.07
2013.05.29 14:47:28.699,0.22333,0.22367,0.02,0.04
2013.05.29 14:47:30.899,0.22336,0.22369,0.03,0.02
2013.05.29 14:47:31.020,0.22336,0.22371,0.03,0.02
2013.05.29 14:47:35.273,0.22336,0.2237,0.03,0.02
2013.05.29 14:47:42.351,0.22336,0.22372,0.03,0.06
2013.05.29 14:47:44.341,0.22336,0.22372,0.03,0.05
2013.05.29 14:47:44.399,0.22338,0.22368,0.02,0.02
2013.05.29 14:47:49.665,0.22336,0.22368,0.03,0.03
2013.05.29 14:47:50.198,0.22336,0.22372,0.03,0.08
2013.05.29 14:47:52.889,0.22336,0.22369,0.03,0.03
2013.05.29 14:47:53.609,0.22344,0.22375,0.02,0.03
2013.05.29 14:47:53.670,0.22341,0.22373,0.02,0.02
2013.05.29 14:47:53.789,0.22346,0.22376,0.02,0.02
2013.05.29 14:47:53.849,0.22344,0.22376,0.02,0.03
2013.05.29 14:47:53.909,0.22344,0.22377,0.03,0.02
2013.05.29 14:47:55.690,0.22344,0.22378,0.05,0.05
2013.05.29 14:47:55.750,0.22346,0.22378,0.02,0.03
2013.05.29 14:47:55.894,0.22346,0.22382,0.03,0.08
2013.05.29 14:47:56.588,0.22346,0.22381,0.03,0.02
2013.05.29 14:47:58.920,0.22341,0.22375,0.02,0.03
2013.05.29 14:47:59.099,0.22344,0.22377,0.03,0.02
2013.05.29 14:47:59.655,0.22336,0.22368,0.02,0.03
2013.05.29 14:47:59.829,0.22339,0.22372,0.02,0.03
2013.05.29 14:47:59.889,0.22339,0.22376,0.03,0.09
2013.05.29 14:47:59.969,0.22339,0.2237,0.03,0.02
2013.05.29 14:48:00.502,0.22338,0.22368,0.02,0.02
2013.05.29 14:48:00.559,0.22338,0.22374,0.02,0.03
2013.05.29 14:48:00.633,0.22338,0.22371,0.03,0.03
2013.05.29 14:48:01.346,0.22338,0.22369,0.03,0.02
2013.05.29 14:48:01.680,0.22341,0.22375,0.03,0.03
2013.05.29 14:48:03.410,0.22343,0.22375,0.03,0.03
2013.05.29 14:48:04.587,0.22342,0.22372,0.02,0.02
2013.05.29 14:48:05.086,0.22344,0.22376,0.03,0.08
2013.05.29 14:48:05.159,0.22342,0.22374,0.03,0.02
2013.05.29 14:48:05.469,0.22331,0.22362,0.04,0.02
2013.05.29 14:48:05.620,0.22336,0.22368,0.02,0.03
2013.05.29 14:48:06.431,0.22336,0.22368,0.02,0.03
2013.05.29 14:48:07.338,0.22338,0.2237,0.02,0.02
2013.05.29 14:48:07.680,0.22338,0.22372,0.03,0.03
2013.05.29 14:48:08.001,0.22335,0.22367,0.02,0.02
2013.05.29 14:48:08.169,0.22341,0.22374,0.03,0.02
2013.05.29 14:48:08.610,0.22333,0.22363,0.02,0.02
2013.05.29 14:48:08.729,0.22333,0.22363,0.03,0.02
2013.05.29 14:48:08.789,0.22332,0.22362,0.03,0.02
2013.05.29 14:48:10.149,0.22338,0.22369,0.02,0.03
2013.05.29 14:48:11.080,0.22337,0.22368,0.02,0.03
2013.05.29 14:48:12.419,0.22327,0.22359,0.06,0.02
2013.05.29 14:48:12.541,0.22333,0.22369,0.05,0.08
2013.05.29 14:48:13.527,0.22333,0.22369,0.05,0.07
2013.05.29 14:48:13.601,0.22336,0.22367,0.02,0.02
2013.05.29 14:48:15.980,0.22336,0.22372,0.03,0.06
2013.05.29 14:48:16.637,0.22336,0.22371,0.03,0.02
2013.05.29 14:48:18.305,0.22336,0.2237,0.03,0.02
2013.05.29 14:48:24.549,0.22333,0.22367,0.03,0.09
2013.05.29 14:48:24.636,0.22333,0.22367,0.03,0.09
2013.05.29 14:48:24.720,0.22333,0.22364,0.05,0.03
2013.05.29 14:48:26.619,0.22327,0.22357,0.03,0.02
2013.05.29 14:48:27.158,0.22334,0.22365,0.03,0.02
2013.05.29 14:48:28.401,0.22336,0.22367,0.02,0.03
2013.05.29 14:48:28.520,0.22333,0.22364,0.05,0.03
2013.05.29 14:48:28.818,0.22336,0.22367,0.02,0.03
2013.05.29 14:48:28.939,0.22336,0.22366,0.02,0.03
2013.05.29 14:48:30.249,0.22329,0.22359,0.03,0.02
2013.05.29 14:48:30.409,0.22334,0.22365,0.03,0.02
2013.05.29 14:48:30.919,0.22332,0.22363,0.02,0.03
2013.05.29 14:48:35.879,0.22334,0.22366,0.02,0.03
2013.05.29 14:48:36.129,0.22336,0.22371,0.03,0.02
2013.05.29 14:48:36.999,0.22336,0.2237,0.03,0.02
2013.05.29 14:48:39.581,0.22336,0.22366,0.03,0.03
2013.05.29 14:48:39.639,0.22333,0.22364,0.04,0.03
2013.05.29 14:48:40.233,0.22333,0.22367,0.05,0.03
2013.05.29 14:48:40.547,0.22333,0.22366,0.02,0.05
2013.05.29 14:48:41.150,0.22334,0.22366,0.02,0.07
2013.05.29 14:48:41.619,0.22337,0.22367,0.02,0.02
2013.05.29 14:48:43.169,0.22337,0.22369,0.03,0.02
2013.05.29 14:48:43.759,0.22328,0.22359,0.02,0.02
2013.05.29 14:48:43.879,0.22334,0.22366,0.03,0.03
2013.05.29 14:48:44.929,0.22327,0.22357,0.03,0.02
2013.05.29 14:48:45.639,0.22332,0.22362,0.02,0.02
2013.05.29 14:48:45.810,0.22333,0.22364,0.04,0.03
2013.05.29 14:48:46.250,0.22336,0.22366,0.02,0.03
2013.05.29 14:48:47.249,0.22333,0.22365,0.02,0.03
2013.05.29 14:48:47.770,0.22332,0.22362,0.03,0.02
2013.05.29 14:48:47.890,0.22331,0.22365,0.02,0.03
2013.05.29 14:48:47.949,0.22333,0.22365,0.02,0.02
2013.05.29 14:48:48.555,0.22334,0.22366,0.02,0.04
2013.05.29 14:48:49.619,0.22335,0.22366,0.03,0.02
2013.05.29 14:48:50.999,0.22334,0.22365,0.02,0.03
2013.05.29 14:48:51.527,0.22334,0.22366,0.04,0.03
2013.05.29 14:48:52.628,0.22332,0.22364,0.02,0.03
2013.05.29 14:48:52.830,0.22334,0.22364,0.04,0.02
2013.05.29 14:48:53.398,0.22332,0.22364,0.02,0.03
2013.05.29 14:48:53.909,0.22334,0.22365,0.02,0.02
2013.05.29 14:48:54.074,0.22333,0.22363,0.02,0.02
2013.05.29 14:48:54.129,0.22333,0.22367,0.04,0.03
2013.05.29 14:48:54.515,0.22331,0.22361,0.03,0.02
2013.05.29 14:48:54.744,0.22337,0.2237,0.03,0.02
2013.05.29 14:48:54.970,0.22337,0.22367,0.03,0.02
2013.05.29 14:48:55.290,0.22337,0.2237,0.03,0.02
2013.05.29 14:48:55.610,0.22328,0.22358,0.02,0.02
2013.05.29 14:48:55.850,0.22333,0.22364,0.02,0.02
2013.05.29 14:48:56.630,0.22328,0.22358,0.04,0.02
2013.05.29 14:48:56.712,0.22337,0.22367,0.02,0.03
2013.05.29 14:48:57.228,0.22337,0.22369,0.03,0.02
2013.05.29 14:48:59.490,0.22328,0.22359,0.02,0.02
2013.05.29 14:48:59.610,0.22333,0.22366,0.04,0.02
2013.05.29 14:49:00.175,0.22332,0.22364,0.02,0.03
2013.05.29 14:49:01.711,0.22334,0.22364,0.04,0.02
2013.05.29 14:49:02.296,0.22334,0.22366,0.04,0.02
2013.05.29 14:49:05.607,0.22336,0.22366,0.02,0.02
2013.05.29 14:49:05.989,0.22336,0.22372,0.03,0.05
2013.05.29 14:49:06.349,0.22333,0.22366,0.02,0.02
2013.05.29 14:49:06.409,0.22334,0.22369,0.03,0.09
2013.05.29 14:49:07.240,0.22334,0.22369,0.04,0.07
2013.05.29 14:49:07.299,0.22336,0.22366,0.02,0.02
2013.05.29 14:49:14.265,0.22333,0.22366,0.03,0.05
2013.05.29 14:49:14.381,0.22333,0.22364,0.04,0.03
2013.05.29 14:49:15.419,0.22332,0.22362,0.02,0.02
2013.05.29 14:49:15.619,0.22333,0.22364,0.04,0.03
2013.05.29 14:49:15.679,0.22333,0.22369,0.05,0.04
2013.05.29 14:49:15.911,0.22337,0.22367,0.02,0.02
2013.05.29 14:49:16.453,0.22336,0.22366,0.02,0.02
2013.05.29 14:49:16.689,0.22333,0.22368,0.06,0.03
2013.05.29 14:49:16.809,0.22334,0.22366,0.02,0.02
2013.05.29 14:49:18.283,0.22334,0.22364,0.02,0.02
2013.05.29 14:49:18.439,0.22333,0.22364,0.02,0.03
2013.05.29 14:49:18.939,0.22332,0.22362,0.02,0.02
2013.05.29 14:49:20.021,0.22333,0.22364,0.04,0.03
2013.05.29 14:49:20.747,0.22334,0.22364,0.02,0.02
2013.05.29 14:49:24.239,0.22332,0.22362,0.03,0.02
2013.05.29 14:49:24.449,0.22336,0.22367,0.02,0.02
2013.05.29 14:49:24.777,0.22334,0.22368,0.04,0.06
2013.05.29 14:49:25.761,0.22331,0.22361,0.02,0.02
2013.05.29 14:49:26.446,0.22337,0.22369,0.03,0.02
2013.05.29 14:49:28.851,0.22337,0.22369,0.03,0.02
2013.05.29 14:49:29.459,0.22337,0.22368,0.03,0.03
2013.05.29 14:49:30.230,0.22337,0.22369,0.03,0.02
2013.05.29 14:49:30.291,0.22333,0.22363,0.02,0.02
2013.05.29 14:49:30.951,0.22337,0.22368,0.02,0.03
2013.05.29 14:49:32.300,0.22341,0.22372,0.03,0.02
2013.05.29 14:49:32.419,0.22336,0.22366,0.02,0.02
2013.05.29 14:49:38.320,0.22341,0.22371,0.02,0.04
2013.05.29 14:49:38.499,0.22337,0.22371,0.03,0.05
2013.05.29 14:49:41.679,0.22335,0.22366,0.03,0.02
2013.05.29 14:49:45.329,0.22332,0.22362,0.02,0.02
2013.05.29 14:49:46.959,0.22336,0.22368,0.03,0.03
2013.05.29 14:50:03.478,0.22334,0.22364,0.02,0.03
2013.05.29 14:50:03.659,0.22332,0.22364,0.03,0.02
2013.05.29 14:50:03.784,0.22334,0.22365,0.04,0.02
2013.05.29 14:50:03.872,0.22334,0.22366,0.05,0.02
2013.05.29 14:50:24.047,0.22334,0.22364,0.03,0.02
2013.05.29 14:50:37.989,0.22337,0.22367,0.02,0.03
2013.05.29 14:50:39.849,0.22337,0.22371,0.03,0.05
2013.05.29 14:50:47.615,0.22337,0.22371,0.03,0.06
2013.05.29 14:50:55.301,0.22337,0.22371,0.03,0.05
2013.05.29 14:50:57.969,0.22337,0.22369,0.03,0.02
2013.05.29 14:50:58.524,0.22337,0.22368,0.03,0.03
2013.05.29 14:51:05.682,0.22337,0.22369,0.03,0.02
2013.05.29 14:51:14.245,0.22337,0.22371,0.03,0.05
2013.05.29 14:51:19.159,0.22334,0.22367,0.04,0.03
2013.05.29 14:51:19.691,0.22336,0.22366,0.02,0.02
2013.05.29 14:51:20.427,0.22337,0.22368,0.02,0.02
2013.05.29 14:51:32.645,0.22338,0.22369,0.02,0.02
2013.05.29 14:51:32.759,0.22336,0.22367,0.02,0.03
2013.05.29 14:51:33.589,0.22336,0.22367,0.02,0.02
2013.05.29 14:51:42.215,0.22342,0.22372,0.02,0.02
2013.05.29 14:51:42.540,0.22342,0.22376,0.03,0.04
2013.05.29 14:51:42.607,0.22342,0.22373,0.03,0.02
2013.05.29 14:51:43.119,0.22339,0.22371,0.02,0.03
2013.05.29 14:51:43.272,0.22339,0.22369,0.03,0.02
2013.05.29 14:51:43.819,0.22336,0.22366,0.02,0.02
2013.05.29 14:51:44.425,0.22338,0.22368,0.02,0.02
2013.05.29 14:51:49.815,0.22341,0.22372,0.02,0.02
2013.05.29 14:51:50.129,0.22344,0.22374,0.02,0.02
2013.05.29 14:51:54.597,0.22341,0.22372,0.03,0.02
2013.05.29 14:51:56.650,0.22344,0.22375,0.02,0.03
2013.05.29 14:51:58.880,0.22343,0.22375,0.02,0.03
2013.05.29 14:52:00.369,0.22344,0.22375,0.02,0.03
2013.05.29 14:52:13.910,0.22344,0.22376,0.02,0.02
2013.05.29 14:52:18.689,0.22341,0.22373,0.03,0.03
2013.05.29 14:52:23.424,0.22343,0.22373,0.02,0.03
2013.05.29 14:52:31.646,0.22343,0.22376,0.02,0.03
2013.05.29 14:52:31.723,0.22344,0.22376,0.02,0.02
2013.05.29 14:52:32.190,0.22342,0.22373,0.02,0.03
2013.05.29 14:52:32.741,0.22343,0.22373,0.04,0.02
2013.05.29 14:52:32.914,0.22342,0.22373,0.02,0.03
2013.05.29 14:52:39.954,0.22344,0.22376,0.02,0.03
2013.05.29 14:52:40.181,0.22342,0.22373,0.02,0.03
2013.05.29 14:52:42.291,0.22344,0.22376,0.02,0.04
2013.05.29 14:52:42.362,0.22346,0.22376,0.03,0.02
2013.05.29 14:52:43.050,0.22346,0.22376,0.03,0.05
2013.05.29 14:52:43.598,0.22346,0.22376,0.03,0.05
2013.05.29 14:52:47.774,0.22342,0.22374,0.03,0.03
2013.05.29 14:52:47.999,0.22341,0.22371,0.03,0.03
2013.05.29 14:52:48.844,0.22344,0.22374,0.02,0.02
2013.05.29 14:52:51.345,0.22344,0.22374,0.02,0.02
2013.05.29 14:52:52.331,0.22343,0.22374,0.02,0.03
2013.05.29 14:52:52.933,0.22344,0.22374,0.02,0.02
2013.05.29 14:52:54.277,0.22343,0.22374,0.02,0.03
2013.05.29 14:52:55.409,0.22344,0.22374,0.02,0.02
2013.05.29 14:52:59.978,0.22343,0.22374,0.02,0.03
2013.05.29 14:53:06.035,0.22344,0.22374,0.02,0.02
2013.05.29 14:53:07.077,0.22343,0.22375,0.02,0.03
2013.05.29 14:53:07.590,0.22344,0.22375,0.02,0.03
2013.05.29 14:53:11.189,0.22339,0.22369,0.03,0.02
2013.05.29 14:53:12.010,0.22347,0.22377,0.02,0.05
2013.05.29 14:53:22.493,0.22347,0.2238,0.03,0.02
2013.05.29 14:53:22.610,0.22345,0.22376,0.03,0.05
2013.05.29 14:54:12.187,0.22344,0.22376,0.04,0.05
2013.05.29 14:54:18.960,0.22343,0.22373,0.03,0.02
2013.05.29 14:54:19.735,0.22349,0.22386,0.03,0.02
2013.05.29 14:54:19.940,0.2235,0.2238,0.02,0.02
2013.05.29 14:54:25.079,0.2235,0.2238,0.02,0.06
2013.05.29 14:54:25.140,0.2234,0.22371,0.03,0.02
2013.05.29 14:54:25.347,0.22345,0.22376,0.03,0.04
2013.05.29 14:54:44.400,0.22354,0.22385,0.02,0.02
2013.05.29 14:54:44.471,0.22351,0.22381,0.02,0.02
2013.05.29 14:54:45.066,0.22351,0.22382,0.03,0.03
2013.05.29 14:54:45.586,0.22354,0.22385,0.02,0.06
2013.05.29 14:54:47.834,0.22353,0.22383,0.02,0.02
2013.05.29 14:54:48.748,0.22354,0.22385,0.02,0.06
2013.05.29 14:54:49.030,0.22355,0.22386,0.02,0.02
2013.05.29 14:54:49.090,0.22355,0.22389,0.03,0.02
2013.05.29 14:54:49.627,0.22355,0.22391,0.03,0.07
2013.05.29 14:54:50.859,0.22355,0.22385,0.03,0.02
2013.05.29 14:54:51.097,0.22351,0.22383,0.02,0.03
2013.05.29 14:54:51.524,0.22353,0.22383,0.02,0.02
2013.05.29 14:54:52.059,0.22354,0.22385,0.02,0.04
2013.05.29 14:54:57.001,0.22353,0.22384,0.02,0.02
2013.05.29 14:54:58.495,0.22354,0.22384,0.02,0.02
2013.05.29 14:55:00.165,0.22353,0.22384,0.02,0.02
2013.05.29 14:55:00.705,0.22348,0.22378,0.03,0.02
2013.05.29 14:55:01.950,0.22348,0.22382,0.03,0.03
2013.05.29 14:55:02.210,0.22348,0.22379,0.03,0.02
2013.05.29 14:55:10.049,0.22347,0.22378,0.02,0.03
2013.05.29 14:55:10.180,0.22345,0.22376,0.03,0.02
2013.05.29 14:55:16.145,0.22347,0.22381,0.03,0.08
2013.05.29 14:55:24.850,0.22347,0.22377,0.03,0.04
2013.05.29 14:55:32.171,0.22347,0.22379,0.03,0.02
2013.05.29 14:55:46.431,0.22343,0.22375,0.03,0.03
2013.05.29 14:55:46.621,0.22343,0.22374,0.03,0.02
2013.05.29 14:56:00.133,0.22343,0.22374,0.04,0.03
2013.05.29 14:56:14.100,0.22347,0.22377,0.02,0.03
2013.05.29 14:56:14.626,0.22347,0.22381,0.03,0.05
2013.05.29 14:56:22.185,0.22348,0.22379,0.02,0.02
2013.05.29 14:56:24.740,0.22347,0.22377,0.02,0.02
2013.05.29 14:56:28.341,0.22348,0.22379,0.02,0.02
2013.05.29 14:56:28.590,0.22347,0.22377,0.02,0.02
2013.05.29 14:56:29.820,0.22349,0.22379,0.02,0.02
2013.05.29 14:56:30.141,0.22347,0.22378,0.02,0.02
2013.05.29 14:56:31.315,0.22349,0.22379,0.02,0.02
2013.05.29 14:56:32.137,0.22346,0.22376,0.02,0.02
2013.05.29 14:56:34.241,0.22346,0.22379,0.03,0.03
2013.05.29 14:56:35.880,0.22349,0.22381,0.02,0.03
2013.05.29 14:56:36.530,0.22351,0.22382,0.02,0.02
2013.05.29 14:56:37.138,0.22353,0.22385,0.02,0.05
2013.05.29 14:56:37.820,0.22354,0.22384,0.02,0.02
2013.05.29 14:56:56.188,0.22353,0.22384,0.02,0.03
2013.05.29 14:56:58.340,0.22354,0.22384,0.02,0.02
2013.05.29 14:57:00.690,0.22353,0.22383,0.02,0.02
2013.05.29 14:57:03.400,0.22352,0.22384,0.02,0.02
2013.05.29 14:57:04.185,0.22353,0.22384,0.02,0.03
2013.05.29 14:57:04.709,0.22354,0.22384,0.02,0.02
2013.05.29 14:57:05.345,0.22353,0.22384,0.02,0.03
2013.05.29 14:57:10.181,0.22354,0.22384,0.02,0.02
2013.05.29 14:57:11.323,0.22353,0.22384,0.02,0.03
2013.05.29 14:57:13.502,0.22354,0.22384,0.02,0.02
2013.05.29 14:57:16.961,0.22354,0.22385,0.02,0.04
2013.05.29 14:57:18.290,0.22354,0.22386,0.04,0.06
2013.05.29 14:57:20.580,0.2235,0.22381,0.03,0.03
2013.05.29 14:57:27.652,0.22354,0.22386,0.02,0.02
2013.05.29 14:57:30.951,0.22351,0.22381,0.02,0.02
2013.05.29 14:57:31.080,0.22354,0.22386,0.04,0.05
2013.05.29 14:57:35.311,0.22351,0.22381,0.02,0.02
2013.05.29 14:57:35.431,0.22351,0.22384,0.03,0.02
2013.05.29 14:57:36.251,0.22353,0.22384,0.02,0.02
2013.05.29 14:57:41.806,0.22347,0.22379,0.02,0.03
2013.05.29 14:57:48.047,0.22353,0.22384,0.02,0.02
2013.05.29 14:57:49.011,0.22346,0.22379,0.03,0.02
2013.05.29 14:57:49.080,0.22343,0.22373,0.03,0.02
2013.05.29 14:58:07.511,0.22347,0.2238,0.03,0.02
2013.05.29 14:58:08.893,0.22351,0.22382,0.02,0.03
2013.05.29 14:58:08.951,0.22347,0.22378,0.03,0.03
2013.05.29 14:58:09.071,0.22351,0.22384,0.03,0.03
2013.05.29 14:58:09.231,0.22354,0.22384,0.02,0.02
2013.05.29 14:58:09.761,0.22353,0.22384,0.04,0.02
2013.05.29 14:58:10.432,0.22353,0.22383,0.04,0.02
2013.05.29 14:58:11.088,0.22354,0.22386,0.02,0.04
2013.05.29 14:58:16.408,0.22353,0.22383,0.05,0.02
2013.05.29 14:58:16.470,0.22355,0.22386,0.02,0.03
2013.05.29 14:58:16.859,0.22358,0.22391,0.02,0.02
2013.05.29 14:58:16.990,0.22362,0.22394,0.02,0.02
2013.05.29 14:58:17.531,0.22363,0.22394,0.02,0.02
2013.05.29 14:58:19.351,0.22361,0.22394,0.02,0.02
2013.05.29 14:58:23.882,0.22357,0.22388,0.03,0.02
2013.05.29 14:58:24.111,0.22359,0.22391,0.02,0.03
2013.05.29 14:58:26.135,0.2236,0.22391,0.02,0.03
2013.05.29 14:58:26.195,0.2236,0.22395,0.03,0.03
2013.05.29 14:58:26.704,0.22364,0.22395,0.02,0.03
2013.05.29 14:58:28.639,0.22363,0.22394,0.02,0.03
2013.05.29 14:58:28.770,0.2236,0.22391,0.03,0.02
2013.05.29 14:58:29.902,0.2236,0.22393,0.03,0.03
2013.05.29 14:58:30.395,0.22364,0.22394,0.02,0.02
2013.05.29 14:58:31.228,0.22363,0.22393,0.02,0.02
2013.05.29 14:58:32.353,0.2236,0.22393,0.03,0.03
2013.05.29 14:58:32.761,0.22351,0.22381,0.03,0.02
2013.05.29 14:58:32.912,0.22355,0.22389,0.03,0.02
2013.05.29 14:58:33.031,0.22355,0.22387,0.03,0.03
2013.05.29 14:58:33.590,0.22355,0.22385,0.03,0.02
2013.05.29 14:58:35.710,0.22355,0.22386,0.03,0.02
2013.05.29 14:58:36.925,0.22355,0.22391,0.03,0.04
2013.05.29 14:58:36.990,0.22358,0.22388,0.02,0.02
2013.05.29 14:58:37.300,0.2235,0.22381,0.04,0.02
2013.05.29 14:58:37.421,0.22355,0.22388,0.03,0.03
2013.05.29 14:58:45.580,0.22355,0.22395,0.03,0.02
2013.05.29 14:58:45.640,0.22358,0.22393,0.03,0.02
2013.05.29 14:58:45.700,0.22362,0.22395,0.02,0.02
2013.05.29 14:58:46.311,0.22362,0.22393,0.02,0.02
2013.05.29 14:58:47.348,0.22364,0.22394,0.02,0.02
2013.05.29 14:58:48.930,0.22363,0.22394,0.02,0.02
2013.05.29 14:58:50.567,0.22364,0.22394,0.02,0.02
2013.05.29 14:58:53.170,0.22365,0.22396,0.02,0.05
2013.05.29 14:58:53.291,0.22365,0.22396,0.02,0.03
2013.05.29 14:58:54.165,0.22364,0.22395,0.05,0.03
2013.05.29 14:58:54.280,0.22364,0.22395,0.03,0.02
2013.05.29 14:58:54.838,0.22363,0.22393,0.02,0.02
2013.05.29 14:58:59.278,0.22361,0.22391,0.02,0.02
2013.05.29 14:59:00.721,0.22361,0.22391,0.02,0.02
2013.05.29 14:59:02.411,0.22364,0.22395,0.02,0.05
2013.05.29 14:59:04.914,0.22361,0.22391,0.02,0.02
2013.05.29 14:59:06.636,0.22363,0.22395,0.02,0.05
2013.05.29 14:59:06.701,0.22364,0.22396,0.02,0.03
2013.05.29 14:59:26.572,0.22362,0.22393,0.04,0.02
2013.05.29 14:59:27.973,0.22366,0.22396,0.02,0.03
2013.05.29 14:59:28.389,0.22366,0.22396,0.02,0.03
2013.05.29 14:59:29.105,0.22366,0.22397,0.03,0.05
2013.05.29 14:59:32.777,0.22366,0.22399,0.03,0.02
2013.05.29 14:59:32.892,0.22366,0.22397,0.03,0.02
2013.05.29 14:59:39.462,0.22364,0.22395,0.03,0.02
2013.05.29 14:59:58.372,0.22366,0.224,0.03,0.04
2013.05.29 14:59:58.780,0.22366,0.22399,0.03,0.02
2013.05.29 14:59:59.681,0.22361,0.22393,0.02,0.03
2013.05.29 14:59:59.767,0.22361,0.22391,0.03,0.02
