2012.06.13 20:00:03.089,0.28843,0.28879,0.02,0.02
2012.06.13 20:00:07.085,0.28841,0.28879,0.02,0.02
2012.06.13 20:00:07.237,0.28844,0.28879,0.02,0.02
2012.06.13 20:00:07.821,0.28841,0.28878,0.02,0.02
2012.06.13 20:00:08.556,0.28842,0.28879,0.03,0.02
2012.06.13 20:00:10.147,0.28841,0.28879,0.02,0.02
2012.06.13 20:00:30.089,0.2884,0.28878,0.02,0.02
2012.06.13 20:00:43.107,0.28842,0.28879,0.02,0.02
2012.06.13 20:00:55.136,0.28841,0.28877,0.02,0.02
2012.06.13 20:00:55.817,0.28838,0.28876,0.02,0.02
2012.06.13 20:01:02.668,0.28841,0.28876,0.02,0.02
2012.06.13 20:01:25.306,0.28843,0.28879,0.02,0.02
2012.06.13 20:01:27.006,0.28841,0.28877,0.02,0.02
2012.06.13 20:01:45.125,0.2884,0.28875,0.05,0.02
2012.06.13 20:02:05.206,0.28838,0.28877,0.02,0.02
2012.06.13 20:02:24.605,0.28833,0.28872,0.02,0.02
2012.06.13 20:02:27.848,0.28834,0.28869,0.02,0.02
2012.06.13 20:02:47.888,0.28832,0.28869,0.03,0.02
2012.06.13 20:02:55.932,0.28831,0.28867,0.05,0.02
2012.06.13 20:03:12.416,0.28829,0.28865,0.02,0.02
2012.06.13 20:03:16.036,0.28833,0.28872,0.03,0.02
2012.06.13 20:03:34.444,0.28836,0.28875,0.02,0.02
2012.06.13 20:03:49.175,0.28839,0.28877,0.02,0.02
2012.06.13 20:03:49.354,0.28837,0.28876,0.02,0.02
2012.06.13 20:03:54.004,0.2884,0.28878,0.02,0.02
2012.06.13 20:03:58.766,0.28841,0.28876,0.05,0.02
2012.06.13 20:03:59.247,0.28838,0.28873,0.02,0.02
2012.06.13 20:04:19.211,0.28837,0.28875,0.02,0.02
2012.06.13 20:04:35.826,0.28838,0.28875,0.02,0.02
2012.06.13 20:04:48.885,0.2884,0.28878,0.05,0.02
2012.06.13 20:04:49.065,0.28849,0.28886,0.02,0.02
2012.06.13 20:04:54.595,0.28851,0.28888,0.04,0.02
2012.06.13 20:04:55.356,0.28851,0.28886,0.05,0.02
2012.06.13 20:05:35.537,0.28849,0.28887,0.02,0.02
2012.06.13 20:05:38.200,0.2885,0.28886,0.02,0.02
2012.06.13 20:05:43.901,0.28854,0.28891,0.02,0.02
2012.06.13 20:05:51.548,0.28856,0.28894,0.02,0.02
2012.06.13 20:05:52.444,0.2886,0.28891,0.05,0.02
2012.06.13 20:05:54.373,0.28856,0.28892,0.02,0.02
2012.06.13 20:05:54.944,0.28851,0.28888,0.05,0.02
2012.06.13 20:05:55.065,0.28858,0.28894,0.02,0.02
2012.06.13 20:05:56.743,0.2886,0.28896,0.05,0.02
2012.06.13 20:06:05.428,0.28861,0.28896,0.05,0.02
2012.06.13 20:06:13.884,0.28854,0.28889,0.05,0.02
2012.06.13 20:06:13.945,0.28851,0.28889,0.02,0.02
2012.06.13 20:06:19.716,0.2885,0.28885,0.05,0.02
2012.06.13 20:06:31.642,0.2885,0.28888,0.05,0.02
2012.06.13 20:06:34.943,0.2885,0.28888,0.02,0.02
2012.06.13 20:06:59.787,0.28847,0.28885,0.02,0.02
2012.06.13 20:07:13.984,0.2885,0.28889,0.02,0.02
2012.06.13 20:07:31.082,0.2885,0.28886,0.02,0.02
2012.06.13 20:07:31.157,0.28848,0.28884,0.02,0.02
2012.06.13 20:07:39.000,0.28848,0.28884,0.02,0.02
2012.06.13 20:07:44.019,0.28846,0.28882,0.02,0.02
2012.06.13 20:07:44.349,0.28848,0.28886,0.02,0.02
2012.06.13 20:07:44.535,0.28849,0.28889,0.02,0.02
2012.06.13 20:07:59.087,0.28852,0.28888,0.02,0.02
2012.06.13 20:07:59.680,0.28852,0.28891,0.02,0.02
2012.06.13 20:08:00.120,0.28852,0.28894,0.03,0.02
2012.06.13 20:08:19.225,0.28853,0.28888,0.02,0.02
2012.06.13 20:08:30.860,0.28853,0.28891,0.02,0.02
2012.06.13 20:08:39.115,0.28852,0.2889,0.02,0.02
2012.06.13 20:08:59.382,0.28853,0.28889,0.02,0.02
2012.06.13 20:09:06.014,0.28851,0.28887,0.02,0.02
2012.06.13 20:09:06.074,0.28851,0.2889,0.02,0.02
2012.06.13 20:09:26.066,0.2885,0.28888,0.02,0.02
2012.06.13 20:09:56.364,0.2885,0.28887,0.02,0.02
2012.06.13 20:10:01.395,0.28853,0.28889,0.02,0.02
2012.06.13 20:10:01.456,0.28853,0.28892,0.02,0.02
2012.06.13 20:10:06.065,0.28853,0.28892,0.02,0.02
2012.06.13 20:10:31.111,0.28853,0.28889,0.02,0.02
2012.06.13 20:11:12.364,0.28858,0.28894,0.02,0.02
2012.06.13 20:11:12.905,0.28861,0.28896,0.05,0.02
2012.06.13 20:11:26.347,0.28861,0.28897,0.05,0.02
2012.06.13 20:11:27.175,0.28861,0.28897,0.05,0.02
2012.06.13 20:11:46.340,0.28861,0.28899,0.05,0.02
2012.06.13 20:12:03.359,0.28866,0.28902,0.02,0.02
2012.06.13 20:12:09.184,0.28867,0.28901,0.05,0.02
2012.06.13 20:12:27.696,0.2887,0.28904,0.05,0.02
2012.06.13 20:12:48.416,0.28865,0.28901,0.02,0.02
2012.06.13 20:13:00.877,0.28867,0.28905,0.02,0.02
2012.06.13 20:13:09.490,0.28866,0.28902,0.02,0.02
2012.06.13 20:13:29.526,0.28866,0.28903,0.02,0.02
2012.06.13 20:13:49.725,0.28868,0.28904,0.04,0.02
2012.06.13 20:14:09.587,0.28866,0.28902,0.02,0.02
2012.06.13 20:14:11.398,0.28868,0.28905,0.02,0.02
2012.06.13 20:14:14.105,0.28866,0.28902,0.02,0.02
2012.06.13 20:14:14.676,0.28862,0.28901,0.02,0.02
2012.06.13 20:14:16.435,0.28864,0.28903,0.02,0.02
2012.06.13 20:14:16.819,0.28863,0.289,0.02,0.02
2012.06.13 20:14:21.385,0.28868,0.28903,0.02,0.02
2012.06.13 20:14:21.567,0.28865,0.28902,0.02,0.02
2012.06.13 20:14:26.396,0.28868,0.28903,0.02,0.02
2012.06.13 20:14:26.516,0.28865,0.28902,0.02,0.02
2012.06.13 20:14:27.055,0.28865,0.28902,0.02,0.02
2012.06.13 20:14:29.630,0.28862,0.289,0.02,0.02
2012.06.13 20:14:30.393,0.28862,0.28903,0.02,0.02
2012.06.13 20:14:31.388,0.28865,0.28901,0.02,0.02
2012.06.13 20:14:35.565,0.28866,0.28904,0.02,0.02
2012.06.13 20:14:36.294,0.28866,0.28904,0.02,0.02
2012.06.13 20:14:36.416,0.28867,0.28904,0.02,0.02
2012.06.13 20:14:44.946,0.28868,0.28903,0.02,0.02
2012.06.13 20:14:45.497,0.2887,0.28906,0.05,0.02
2012.06.13 20:14:53.966,0.2887,0.28902,0.05,0.02
2012.06.13 20:15:01.083,0.28865,0.28902,0.03,0.02
2012.06.13 20:15:01.905,0.28867,0.28903,0.02,0.02
2012.06.13 20:15:06.486,0.28868,0.28903,0.02,0.02
2012.06.13 20:15:07.139,0.28865,0.28903,0.03,0.02
2012.06.13 20:15:11.406,0.28868,0.28904,0.02,0.02
2012.06.13 20:15:12.115,0.28865,0.28903,0.03,0.02
2012.06.13 20:15:16.438,0.28869,0.28904,0.02,0.02
2012.06.13 20:15:17.017,0.28866,0.28903,0.02,0.02
2012.06.13 20:15:19.116,0.28867,0.28905,0.02,0.02
2012.06.13 20:15:21.287,0.28871,0.28907,0.05,0.02
2012.06.13 20:15:21.406,0.28871,0.28907,0.05,0.02
2012.06.13 20:15:22.064,0.28871,0.28905,0.05,0.02
2012.06.13 20:15:22.735,0.28871,0.28907,0.05,0.02
2012.06.13 20:15:26.345,0.28871,0.2891,0.05,0.02
2012.06.13 20:15:42.275,0.28871,0.28906,0.05,0.02
2012.06.13 20:16:02.287,0.28871,0.28907,0.05,0.02
2012.06.13 20:16:10.146,0.28871,0.28907,0.05,0.02
2012.06.13 20:16:11.375,0.28871,0.2891,0.05,0.02
2012.06.13 20:16:11.555,0.28871,0.28907,0.05,0.02
2012.06.13 20:16:16.394,0.28871,0.2891,0.05,0.02
2012.06.13 20:16:16.635,0.28871,0.28907,0.05,0.02
2012.06.13 20:16:21.384,0.2887,0.2891,0.03,0.02
2012.06.13 20:16:21.584,0.28869,0.28907,0.02,0.02
2012.06.13 20:16:25.771,0.28867,0.28904,0.02,0.02
2012.06.13 20:16:26.334,0.2887,0.28906,0.02,0.02
2012.06.13 20:16:30.422,0.2887,0.28906,0.02,0.02
2012.06.13 20:16:31.084,0.2887,0.28906,0.02,0.02
2012.06.13 20:16:46.275,0.2887,0.28908,0.02,0.02
2012.06.13 20:16:48.355,0.2887,0.28911,0.03,0.02
2012.06.13 20:16:48.595,0.28871,0.28908,0.02,0.02
2012.06.13 20:16:51.334,0.28871,0.2891,0.02,0.02
2012.06.13 20:16:51.886,0.2887,0.28908,0.02,0.02
2012.06.13 20:17:32.004,0.28871,0.28907,0.02,0.02
2012.06.13 20:17:46.323,0.28871,0.2891,0.02,0.02
2012.06.13 20:17:47.201,0.28871,0.2891,0.05,0.02
2012.06.13 20:17:51.390,0.28873,0.28909,0.02,0.02
2012.06.13 20:18:14.152,0.28873,0.28908,0.02,0.02
2012.06.13 20:18:14.276,0.28871,0.28906,0.02,0.02
2012.06.13 20:18:16.352,0.28871,0.28909,0.05,0.02
2012.06.13 20:18:16.416,0.28873,0.28908,0.02,0.02
2012.06.13 20:18:16.605,0.28871,0.28908,0.05,0.02
2012.06.13 20:18:17.214,0.28871,0.28908,0.05,0.02
2012.06.13 20:18:21.315,0.28871,0.28908,0.05,0.02
2012.06.13 20:18:21.375,0.28872,0.2891,0.02,0.02
2012.06.13 20:18:21.576,0.28871,0.28908,0.04,0.02
2012.06.13 20:18:26.325,0.28873,0.28909,0.02,0.02
2012.06.13 20:18:26.629,0.28871,0.28908,0.05,0.02
2012.06.13 20:18:31.356,0.2887,0.28908,0.02,0.02
2012.06.13 20:18:31.416,0.28872,0.2891,0.02,0.02
2012.06.13 20:18:31.537,0.28871,0.28907,0.02,0.02
2012.06.13 20:18:36.366,0.28873,0.28909,0.02,0.02
2012.06.13 20:18:36.485,0.28869,0.28908,0.02,0.02
2012.06.13 20:18:41.366,0.28872,0.2891,0.02,0.02
2012.06.13 20:18:41.676,0.28871,0.28908,0.05,0.02
2012.06.13 20:18:46.376,0.2887,0.28908,0.02,0.02
2012.06.13 20:18:46.436,0.28872,0.2891,0.02,0.02
2012.06.13 20:18:46.556,0.28871,0.28907,0.02,0.02
2012.06.13 20:18:49.376,0.28872,0.2891,0.02,0.02
2012.06.13 20:19:09.306,0.28873,0.28909,0.02,0.02
2012.06.13 20:19:29.347,0.28872,0.2891,0.02,0.02
2012.06.13 20:19:49.392,0.28873,0.28909,0.02,0.02
2012.06.13 20:19:56.056,0.28871,0.28906,0.02,0.02
2012.06.13 20:20:00.258,0.28868,0.28906,0.02,0.02
2012.06.13 20:20:20.332,0.28867,0.28904,0.02,0.02
2012.06.13 20:20:40.385,0.28866,0.28904,0.02,0.02
2012.06.13 20:20:51.666,0.28869,0.28905,0.02,0.02
2012.06.13 20:20:53.776,0.2887,0.28907,0.03,0.02
2012.06.13 20:21:07.750,0.2887,0.28905,0.05,0.02
2012.06.13 20:21:27.827,0.28869,0.28906,0.02,0.02
2012.06.13 20:21:35.669,0.2887,0.28907,0.06,0.02
2012.06.13 20:21:35.797,0.28874,0.28912,0.02,0.02
2012.06.13 20:21:55.880,0.28875,0.2891,0.02,0.02
2012.06.13 20:22:18.706,0.28876,0.28912,0.02,0.02
2012.06.13 20:22:38.727,0.2888,0.28911,0.05,0.02
2012.06.13 20:22:58.774,0.28877,0.28912,0.05,0.02
2012.06.13 20:23:03.895,0.28873,0.28909,0.02,0.02
2012.06.13 20:23:03.956,0.28873,0.28909,0.02,0.02
2012.06.13 20:23:24.037,0.28872,0.28911,0.02,0.02
2012.06.13 20:23:43.133,0.28871,0.28909,0.02,0.02
2012.06.13 20:23:44.976,0.28871,0.28909,0.02,0.02
2012.06.13 20:24:03.328,0.28871,0.28907,0.02,0.02
2012.06.13 20:24:29.185,0.28871,0.28907,0.02,0.02
2012.06.13 20:24:43.266,0.2887,0.28907,0.05,0.02
2012.06.13 20:25:01.957,0.28872,0.28909,0.03,0.02
2012.06.13 20:25:04.825,0.28871,0.28907,0.02,0.02
2012.06.13 20:25:35.067,0.28871,0.28905,0.05,0.02
2012.06.13 20:25:55.082,0.28871,0.28905,0.05,0.02
2012.06.13 20:26:12.516,0.28871,0.28904,0.05,0.02
2012.06.13 20:26:32.620,0.28868,0.28903,0.02,0.02
2012.06.13 20:26:40.349,0.28869,0.28907,0.02,0.02
2012.06.13 20:27:00.336,0.2887,0.28907,0.02,0.02
2012.06.13 20:27:13.289,0.28868,0.28905,0.02,0.02
2012.06.13 20:27:33.215,0.28868,0.28904,0.02,0.02
2012.06.13 20:28:13.376,0.28871,0.28904,0.05,0.02
2012.06.13 20:28:31.428,0.28871,0.28907,0.05,0.02
2012.06.13 20:28:33.342,0.28869,0.28906,0.02,0.02
2012.06.13 20:28:57.345,0.28871,0.28909,0.02,0.02
2012.06.13 20:29:16.240,0.28869,0.28907,0.02,0.02
2012.06.13 20:29:17.045,0.28869,0.28907,0.02,0.02
2012.06.13 20:30:16.336,0.2887,0.28908,0.02,0.02
2012.06.13 20:30:23.539,0.2887,0.28908,0.02,0.02
2012.06.13 20:30:36.488,0.28871,0.28907,0.02,0.02
2012.06.13 20:31:19.260,0.28873,0.2891,0.02,0.02
2012.06.13 20:31:39.195,0.28872,0.2891,0.02,0.02
2012.06.13 20:31:59.289,0.28872,0.28908,0.02,0.02
2012.06.13 20:32:19.395,0.28871,0.28909,0.05,0.02
2012.06.13 20:32:23.817,0.28871,0.28909,0.05,0.02
2012.06.13 20:33:18.926,0.28871,0.28909,0.02,0.02
2012.06.13 20:33:19.628,0.28872,0.28909,0.02,0.02
2012.06.13 20:33:59.725,0.28873,0.28909,0.02,0.02
2012.06.13 20:34:04.495,0.28873,0.28909,0.02,0.02
2012.06.13 20:34:05.114,0.2887,0.28908,0.02,0.02
2012.06.13 20:34:17.999,0.28871,0.2891,0.02,0.02
2012.06.13 20:34:21.206,0.28872,0.2891,0.02,0.02
2012.06.13 20:34:24.066,0.28872,0.2891,0.02,0.02
2012.06.13 20:34:31.824,0.2887,0.28908,0.05,0.02
2012.06.13 20:34:38.098,0.2887,0.28905,0.05,0.02
2012.06.13 20:34:38.849,0.28865,0.28903,0.02,0.02
2012.06.13 20:34:39.247,0.28871,0.28908,0.02,0.02
2012.06.13 20:34:44.067,0.2887,0.28905,0.05,0.02
2012.06.13 20:34:58.526,0.2887,0.28908,0.02,0.02
2012.06.13 20:35:18.493,0.28871,0.28907,0.05,0.02
2012.06.13 20:35:23.713,0.28871,0.28905,0.05,0.02
2012.06.13 20:35:24.178,0.28866,0.28903,0.02,0.02
2012.06.13 20:35:24.583,0.28865,0.289,0.02,0.02
2012.06.13 20:35:50.202,0.28865,0.28903,0.02,0.02
2012.06.13 20:35:55.968,0.28867,0.28905,0.02,0.02
2012.06.13 20:36:03.128,0.28863,0.2891,0.02,0.02
2012.06.13 20:36:05.792,0.28862,0.28907,0.02,0.02
2012.06.13 20:36:08.668,0.28861,0.28904,0.05,0.02
2012.06.13 20:36:17.092,0.28861,0.28906,0.02,0.02
2012.06.13 20:36:21.834,0.28861,0.28906,0.02,0.02
2012.06.13 20:36:36.357,0.28861,0.28906,0.03,0.02
2012.06.13 20:36:36.800,0.2887,0.28909,0.05,0.02
2012.06.13 20:36:39.527,0.2887,0.28907,0.04,0.02
2012.06.13 20:36:39.588,0.28864,0.28907,0.03,0.02
2012.06.13 20:36:59.528,0.28861,0.28906,0.05,0.02
2012.06.13 20:37:10.641,0.28861,0.28904,0.05,0.02
2012.06.13 20:37:21.303,0.28861,0.28907,0.05,0.02
2012.06.13 20:37:29.588,0.28861,0.28906,0.05,0.02
2012.06.13 20:37:30.482,0.28861,0.28905,0.05,0.02
2012.06.13 20:37:30.549,0.28861,0.28905,0.05,0.02
2012.06.13 20:37:39.047,0.28861,0.28904,0.05,0.02
2012.06.13 20:37:42.351,0.28858,0.28904,0.03,0.02
2012.06.13 20:37:42.569,0.28858,0.28906,0.03,0.02
2012.06.13 20:37:56.047,0.28855,0.28905,0.03,0.02
2012.06.13 20:38:18.194,0.28853,0.28905,0.05,0.02
2012.06.13 20:38:18.258,0.28853,0.28902,0.05,0.02
2012.06.13 20:38:18.417,0.28853,0.28902,0.03,0.02
2012.06.13 20:38:18.540,0.28853,0.28899,0.03,0.02
2012.06.13 20:38:18.729,0.28851,0.28899,0.05,0.02
2012.06.13 20:38:23.698,0.28851,0.28899,0.07,0.02
2012.06.13 20:38:38.333,0.28851,0.28898,0.07,0.02
2012.06.13 20:38:48.534,0.28851,0.28898,0.05,0.02
2012.06.13 20:38:48.648,0.28851,0.28895,0.05,0.02
2012.06.13 20:38:48.758,0.28851,0.28895,0.05,0.02
2012.06.13 20:38:48.880,0.28851,0.28897,0.05,0.02
2012.06.13 20:38:48.999,0.28851,0.28896,0.05,0.02
2012.06.13 20:38:49.310,0.28847,0.28896,0.03,0.02
2012.06.13 20:38:50.035,0.28847,0.28894,0.03,0.02
2012.06.13 20:38:52.825,0.28847,0.2889,0.02,0.02
2012.06.13 20:38:52.954,0.28843,0.2889,0.03,0.02
2012.06.13 20:38:53.439,0.28846,0.2889,0.03,0.02
2012.06.13 20:38:53.558,0.28846,0.28893,0.03,0.02
2012.06.13 20:38:53.618,0.28851,0.28893,0.05,0.02
2012.06.13 20:38:54.153,0.28851,0.28893,0.05,0.02
2012.06.13 20:38:57.798,0.28844,0.28893,0.05,0.02
2012.06.13 20:38:58.790,0.28851,0.28893,0.05,0.02
2012.06.13 20:39:05.399,0.28843,0.28893,0.03,0.03
2012.06.13 20:39:05.458,0.28843,0.28891,0.03,0.02
2012.06.13 20:39:09.027,0.28842,0.28891,0.03,0.02
2012.06.13 20:39:10.098,0.28842,0.28889,0.03,0.02
2012.06.13 20:39:10.400,0.28845,0.28894,0.03,0.03
2012.06.13 20:39:10.997,0.28851,0.28894,0.05,0.02
2012.06.13 20:39:11.058,0.28851,0.28895,0.05,0.02
2012.06.13 20:39:11.602,0.28851,0.28896,0.05,0.02
2012.06.13 20:39:12.593,0.28851,0.28899,0.05,0.02
2012.06.13 20:39:13.040,0.28851,0.28894,0.05,0.02
2012.06.13 20:39:13.508,0.28851,0.28897,0.05,0.02
2012.06.13 20:39:13.809,0.28851,0.28895,0.04,0.02
2012.06.13 20:39:15.952,0.2885,0.28895,0.02,0.02
2012.06.13 20:39:17.684,0.28847,0.28895,0.03,0.02
2012.06.13 20:39:18.035,0.28845,0.28895,0.03,0.02
2012.06.13 20:39:18.675,0.28845,0.28894,0.03,0.02
2012.06.13 20:39:21.340,0.28851,0.28894,0.05,0.02
2012.06.13 20:39:21.930,0.28851,0.28895,0.05,0.02
2012.06.13 20:39:23.127,0.28851,0.28897,0.05,0.02
2012.06.13 20:39:23.188,0.28851,0.28898,0.05,0.02
2012.06.13 20:39:41.658,0.28851,0.28897,0.05,0.02
2012.06.13 20:39:41.717,0.28851,0.28896,0.05,0.02
2012.06.13 20:39:45.747,0.2885,0.28896,0.02,0.02
2012.06.13 20:39:45.808,0.2885,0.28898,0.03,0.02
2012.06.13 20:39:51.828,0.28852,0.28898,0.03,0.02
2012.06.13 20:39:59.583,0.28851,0.28898,0.05,0.02
2012.06.13 20:40:00.241,0.28851,0.28897,0.05,0.03
2012.06.13 20:40:00.437,0.28851,0.28894,0.04,0.02
2012.06.13 20:40:00.951,0.28845,0.28896,0.02,0.02
2012.06.13 20:40:01.019,0.28847,0.28898,0.03,0.03
2012.06.13 20:40:01.598,0.28846,0.28898,0.03,0.03
2012.06.13 20:40:01.958,0.2885,0.28893,0.05,0.02
2012.06.13 20:40:02.460,0.2885,0.28896,0.05,0.03
2012.06.13 20:40:02.577,0.2885,0.28896,0.05,0.02
2012.06.13 20:40:03.557,0.2885,0.28898,0.05,0.02
2012.06.13 20:40:14.307,0.2885,0.28896,0.05,0.02
2012.06.13 20:40:14.898,0.2885,0.28895,0.05,0.02
2012.06.13 20:40:15.409,0.2885,0.28895,0.05,0.02
2012.06.13 20:40:15.758,0.28848,0.28895,0.03,0.02
2012.06.13 20:40:23.549,0.2885,0.28895,0.02,0.03
2012.06.13 20:40:34.939,0.28851,0.28895,0.04,0.02
2012.06.13 20:40:35.285,0.28851,0.28891,0.04,0.02
2012.06.13 20:40:35.348,0.28851,0.28891,0.05,0.02
2012.06.13 20:40:35.952,0.28845,0.28891,0.03,0.02
2012.06.13 20:40:36.413,0.28844,0.28889,0.02,0.02
2012.06.13 20:40:36.478,0.28841,0.28889,0.06,0.02
2012.06.13 20:40:43.760,0.28841,0.28889,0.07,0.02
2012.06.13 20:40:43.818,0.28844,0.2889,0.03,0.02
2012.06.13 20:40:44.398,0.28844,0.28892,0.03,0.02
2012.06.13 20:40:45.393,0.2885,0.2889,0.05,0.02
2012.06.13 20:40:45.766,0.2885,0.28892,0.05,0.02
2012.06.13 20:40:48.069,0.28846,0.28891,0.03,0.02
2012.06.13 20:40:48.517,0.28844,0.28889,0.03,0.02
2012.06.13 20:40:55.620,0.28844,0.28889,0.02,0.03
2012.06.13 20:40:59.907,0.28844,0.2889,0.03,0.02
2012.06.13 20:41:08.867,0.28844,0.28888,0.02,0.02
2012.06.13 20:41:26.428,0.28841,0.28888,0.03,0.03
2012.06.13 20:41:48.925,0.28841,0.28887,0.03,0.02
2012.06.13 20:42:21.956,0.28842,0.28887,0.03,0.03
2012.06.13 20:42:26.026,0.28837,0.28887,0.03,0.02
2012.06.13 20:42:29.015,0.28837,0.28888,0.03,0.02
2012.06.13 20:43:29.070,0.28837,0.28886,0.03,0.02
2012.06.13 20:44:28.986,0.28838,0.28886,0.03,0.02
2012.06.13 20:44:29.776,0.28838,0.28886,0.03,0.02
2012.06.13 20:44:46.267,0.28838,0.28885,0.03,0.02
2012.06.13 20:44:58.188,0.28836,0.28882,0.03,0.02
2012.06.13 20:45:09.797,0.2884,0.28882,0.05,0.02
2012.06.13 20:45:14.856,0.2884,0.28882,0.05,0.02
2012.06.13 20:45:18.159,0.2884,0.28882,0.05,0.02
2012.06.13 20:45:25.532,0.2884,0.28881,0.05,0.02
2012.06.13 20:45:31.327,0.28834,0.28883,0.03,0.02
2012.06.13 20:45:31.387,0.28835,0.28883,0.03,0.02
2012.06.13 20:45:51.277,0.28841,0.28881,0.04,0.02
2012.06.13 20:46:00.389,0.28832,0.28875,0.02,0.02
2012.06.13 20:46:00.508,0.2883,0.28875,0.03,0.02
2012.06.13 20:46:00.628,0.28828,0.28875,0.03,0.02
2012.06.13 20:46:00.689,0.28828,0.28877,0.03,0.02
2012.06.13 20:46:04.874,0.28831,0.28877,0.05,0.02
2012.06.13 20:46:05.977,0.28827,0.28876,0.03,0.02
2012.06.13 20:46:06.038,0.28827,0.28874,0.03,0.02
2012.06.13 20:46:16.028,0.28826,0.28874,0.03,0.02
2012.06.13 20:46:16.948,0.2883,0.28877,0.05,0.02
2012.06.13 20:46:17.128,0.2883,0.28874,0.05,0.02
2012.06.13 20:46:17.479,0.2883,0.28872,0.05,0.02
2012.06.13 20:46:28.195,0.2883,0.28872,0.05,0.02
2012.06.13 20:46:36.998,0.2883,0.28874,0.05,0.02
2012.06.13 20:46:37.121,0.2883,0.28876,0.05,0.02
2012.06.13 20:46:42.268,0.28826,0.28879,0.02,0.02
2012.06.13 20:46:45.138,0.28831,0.28879,0.05,0.02
2012.06.13 20:46:45.694,0.28831,0.28877,0.05,0.02
2012.06.13 20:47:06.929,0.28825,0.28878,0.02,0.02
2012.06.13 20:47:25.944,0.28824,0.28874,0.03,0.02
2012.06.13 20:47:26.128,0.28823,0.28874,0.03,0.02
2012.06.13 20:47:26.428,0.28823,0.28873,0.03,0.02
2012.06.13 20:47:26.950,0.28831,0.28873,0.04,0.02
2012.06.13 20:47:30.659,0.28821,0.28873,0.05,0.02
2012.06.13 20:47:31.031,0.28824,0.28874,0.02,0.02
2012.06.13 20:47:31.149,0.28821,0.28872,0.05,0.02
2012.06.13 20:47:33.478,0.28821,0.28872,0.05,0.02
2012.06.13 20:47:37.271,0.28821,0.2887,0.05,0.02
2012.06.13 20:47:50.955,0.28821,0.2887,0.05,0.02
2012.06.13 20:47:51.019,0.28821,0.28874,0.05,0.02
2012.06.13 20:47:51.079,0.28821,0.28874,0.05,0.02
2012.06.13 20:47:51.140,0.28821,0.28871,0.05,0.02
2012.06.13 20:47:55.499,0.28821,0.28871,0.05,0.02
2012.06.13 20:48:00.954,0.28821,0.28871,0.05,0.02
2012.06.13 20:48:01.066,0.28821,0.28871,0.05,0.02
2012.06.13 20:48:01.729,0.28821,0.28871,0.05,0.02
2012.06.13 20:48:02.289,0.28821,0.28871,0.05,0.02
2012.06.13 20:48:04.750,0.28821,0.28868,0.05,0.02
2012.06.13 20:48:05.463,0.28821,0.28868,0.05,0.02
2012.06.13 20:48:13.201,0.28821,0.28867,0.05,0.02
2012.06.13 20:48:17.318,0.28821,0.2887,0.05,0.02
2012.06.13 20:48:18.570,0.28821,0.28867,0.05,0.02
2012.06.13 20:48:24.160,0.28821,0.2887,0.05,0.02
2012.06.13 20:48:24.219,0.28821,0.28868,0.05,0.02
2012.06.13 20:48:25.462,0.28823,0.28868,0.03,0.02
2012.06.13 20:48:27.981,0.28823,0.28869,0.03,0.02
2012.06.13 20:48:32.469,0.28823,0.28867,0.02,0.02
2012.06.13 20:50:28.068,0.28816,0.28868,0.03,0.02
2012.06.13 20:50:28.142,0.28819,0.28869,0.02,0.02
2012.06.13 20:50:46.462,0.28817,0.28867,0.02,0.02
2012.06.13 20:51:06.559,0.28816,0.28868,0.03,0.02
2012.06.13 20:51:11.019,0.28819,0.28869,0.02,0.02
2012.06.13 20:51:13.847,0.28816,0.28869,0.03,0.02
2012.06.13 20:51:23.377,0.2882,0.2887,0.02,0.02
2012.06.13 20:51:33.347,0.28824,0.28873,0.03,0.02
2012.06.13 20:51:33.467,0.28824,0.28873,0.03,0.02
2012.06.13 20:51:33.958,0.28824,0.28873,0.03,0.02
2012.06.13 20:52:11.029,0.2883,0.28874,0.05,0.02
2012.06.13 20:52:15.771,0.2883,0.28872,0.05,0.02
2012.06.13 20:52:27.858,0.2883,0.28872,0.05,0.02
2012.06.13 20:52:35.876,0.2883,0.28873,0.05,0.02
2012.06.13 20:53:23.077,0.28826,0.28873,0.03,0.02
2012.06.13 20:53:31.332,0.28826,0.28872,0.02,0.02
2012.06.13 20:53:32.761,0.28826,0.28874,0.03,0.02
2012.06.13 20:53:52.839,0.28826,0.28874,0.03,0.02
2012.06.13 20:53:57.468,0.28826,0.28875,0.03,0.03
2012.06.13 20:53:58.079,0.28831,0.28874,0.05,0.02
2012.06.13 20:54:11.449,0.28831,0.28874,0.05,0.02
2012.06.13 20:54:11.508,0.28831,0.28872,0.04,0.02
2012.06.13 20:54:12.198,0.28831,0.28872,0.05,0.02
2012.06.13 20:54:27.769,0.28831,0.28872,0.04,0.02
2012.06.13 20:54:28.219,0.28831,0.28868,0.04,0.02
2012.06.13 20:54:28.448,0.2882,0.28868,0.05,0.02
2012.06.13 20:54:30.029,0.2882,0.2887,0.07,0.02
2012.06.13 20:54:44.370,0.2882,0.28869,0.07,0.02
2012.06.13 20:54:51.447,0.2882,0.28871,0.07,0.02
2012.06.13 20:54:54.613,0.2882,0.28869,0.07,0.02
2012.06.13 20:54:57.467,0.2882,0.28867,0.07,0.02
2012.06.13 20:54:57.533,0.2882,0.28867,0.05,0.02
2012.06.13 20:55:00.238,0.28815,0.2887,0.02,0.05
2012.06.13 20:55:20.215,0.28815,0.2887,0.02,0.05
2012.06.13 20:55:45.013,0.28813,0.2887,0.04,0.05
2012.06.13 20:55:47.354,0.28811,0.28867,0.03,0.02
2012.06.13 20:55:47.413,0.28811,0.28869,0.03,0.02
2012.06.13 20:55:50.071,0.2881,0.28869,0.05,0.02
2012.06.13 20:55:50.194,0.2881,0.28866,0.05,0.02
2012.06.13 20:56:10.125,0.28809,0.28867,0.03,0.02
2012.06.13 20:56:30.112,0.28809,0.28865,0.03,0.02
2012.06.13 20:56:36.493,0.28805,0.28859,0.03,0.05
2012.06.13 20:56:48.303,0.28807,0.28859,0.03,0.05
2012.06.13 20:57:36.557,0.28811,0.28864,0.05,0.02
2012.06.13 20:57:54.703,0.28809,0.28868,0.03,0.02
2012.06.13 20:58:00.473,0.28804,0.2887,0.03,0.02
2012.06.13 20:58:34.821,0.28804,0.28869,0.03,0.02
2012.06.13 20:58:54.925,0.28804,0.28869,0.03,0.02
2012.06.13 20:59:14.924,0.28808,0.28862,0.00,0.00
2012.06.13 20:59:33.173,0.28808,0.28859,0.00,0.04
2012.06.13 20:59:33.935,0.28804,0.28859,0.00,0.04
2012.06.13 20:59:34.171,0.2881,0.2886,0.04,0.00
2012.06.13 20:59:34.375,0.2881,0.28863,0.04,0.00
2012.06.13 20:59:36.215,0.2881,0.28861,0.04,0.00
2012.06.13 20:59:36.765,0.2881,0.28862,0.04,0.00
2012.06.13 20:59:37.411,0.2881,0.2886,0.04,0.00
2012.06.13 20:59:38.061,0.2881,0.28862,0.04,0.00
2012.06.13 20:59:39.231,0.28808,0.2886,0.00,0.04
2012.06.13 20:59:40.454,0.28803,0.28859,0.00,0.00
