2013.07.30 23:00:00.358,0.19746,0.19806,0.02,0.03
2013.07.30 23:00:00.715,0.19746,0.19806,0.02,0.03
2013.07.30 23:00:00.982,0.19746,0.19806,0.02,0.03
2013.07.30 23:00:02.810,0.19746,0.19806,0.02,0.03
2013.07.30 23:00:12.851,0.19746,0.19801,0.02,0.02
2013.07.30 23:00:18.842,0.19741,0.19801,0.02,0.02
2013.07.30 23:00:26.572,0.19746,0.19806,0.02,0.03
2013.07.30 23:01:04.522,0.19746,0.19806,0.02,0.03
2013.07.30 23:01:36.055,0.19746,0.19806,0.02,0.03
2013.07.30 23:01:47.565,0.19751,0.19806,0.02,0.02
2013.07.30 23:01:49.174,0.19746,0.19806,0.02,0.03
2013.07.30 23:01:59.753,0.19746,0.19801,0.02,0.02
2013.07.30 23:02:41.579,0.19741,0.19801,0.02,0.02
2013.07.30 23:02:53.279,0.19741,0.19801,0.02,0.02
2013.07.30 23:02:56.962,0.19741,0.19801,0.02,0.02
2013.07.30 23:02:58.904,0.19741,0.19801,0.02,0.02
2013.07.30 23:03:17.072,0.19746,0.19806,0.02,0.02
2013.07.30 23:03:34.562,0.19741,0.19806,0.02,0.03
2013.07.30 23:03:45.983,0.1973,0.19806,0.03,0.03
2013.07.30 23:03:47.662,0.19731,0.19801,0.02,0.02
2013.07.30 23:03:48.224,0.19731,0.19801,0.03,0.02
2013.07.30 23:03:50.053,0.19731,0.19801,0.03,0.02
2013.07.30 23:03:51.044,0.19731,0.19801,0.03,0.02
2013.07.30 23:04:00.273,0.19731,0.19801,0.03,0.02
2013.07.30 23:04:01.593,0.19731,0.19806,0.03,0.03
2013.07.30 23:05:03.184,0.19741,0.19806,0.02,0.03
2013.07.30 23:05:51.378,0.19741,0.19806,0.02,0.03
2013.07.30 23:06:03.101,0.19736,0.19796,0.02,0.02
2013.07.30 23:06:19.014,0.19731,0.19796,0.03,0.02
2013.07.30 23:06:32.245,0.19731,0.19796,0.03,0.02
2013.07.30 23:09:44.273,0.19736,0.19801,0.02,0.02
2013.07.30 23:10:05.607,0.19745,0.19797,0.02,0.03
2013.07.30 23:10:11.593,0.19744,0.19796,0.02,0.03
2013.07.30 23:10:24.643,0.19744,0.19796,0.02,0.03
2013.07.30 23:10:24.763,0.19742,0.19794,0.02,0.03
2013.07.30 23:10:44.904,0.19741,0.19793,0.03,0.03
2013.07.30 23:11:10.225,0.19746,0.19793,0.02,0.02
2013.07.30 23:11:10.343,0.19751,0.19796,0.02,0.02
2013.07.30 23:11:10.464,0.19751,0.19802,0.02,0.02
2013.07.30 23:11:10.583,0.19754,0.19806,0.02,0.03
2013.07.30 23:11:18.212,0.19754,0.19806,0.02,0.03
2013.07.30 23:11:18.334,0.19749,0.19801,0.02,0.03
2013.07.30 23:11:18.909,0.19748,0.198,0.02,0.02
2013.07.30 23:11:19.570,0.1975,0.19802,0.02,0.03
2013.07.30 23:11:20.120,0.19748,0.198,0.02,0.02
2013.07.30 23:11:20.234,0.19746,0.19798,0.03,0.02
2013.07.30 23:11:21.543,0.19746,0.19798,0.03,0.03
2013.07.30 23:11:22.250,0.19747,0.19799,0.02,0.03
2013.07.30 23:11:23.015,0.19747,0.19799,0.02,0.02
2013.07.30 23:11:23.073,0.19749,0.19801,0.02,0.03
2013.07.30 23:11:23.580,0.1975,0.19802,0.02,0.03
2013.07.30 23:11:29.363,0.1975,0.19802,0.02,0.03
2013.07.30 23:11:29.484,0.19747,0.19799,0.02,0.03
2013.07.30 23:11:33.163,0.19744,0.19796,0.02,0.03
2013.07.30 23:11:47.543,0.19743,0.19795,0.02,0.02
2013.07.30 23:11:49.126,0.19751,0.19795,0.02,0.02
2013.07.30 23:11:49.184,0.19751,0.19797,0.02,0.02
2013.07.30 23:11:49.243,0.19751,0.19803,0.04,0.02
2013.07.30 23:11:49.355,0.19755,0.19807,0.03,0.03
2013.07.30 23:11:50.573,0.19755,0.19807,0.02,0.03
2013.07.30 23:11:51.120,0.19754,0.19806,0.02,0.03
2013.07.30 23:11:53.523,0.19755,0.19807,0.02,0.03
2013.07.30 23:11:54.150,0.19755,0.19807,0.03,0.03
2013.07.30 23:11:55.193,0.19755,0.19807,0.02,0.03
2013.07.30 23:11:55.819,0.19754,0.19806,0.02,0.03
2013.07.30 23:12:15.993,0.19753,0.19805,0.02,0.02
2013.07.30 23:12:17.073,0.19755,0.19807,0.02,0.02
2013.07.30 23:12:27.583,0.19754,0.19806,0.02,0.02
2013.07.30 23:12:38.964,0.19753,0.19805,0.02,0.02
2013.07.30 23:12:47.734,0.19752,0.19804,0.03,0.03
2013.07.30 23:12:51.157,0.19755,0.19806,0.02,0.03
2013.07.30 23:12:51.214,0.19753,0.19805,0.02,0.03
2013.07.30 23:12:51.784,0.19752,0.19804,0.02,0.03
2013.07.30 23:12:56.962,0.19752,0.19804,0.02,0.02
2013.07.30 23:12:57.216,0.19754,0.19806,0.02,0.03
2013.07.30 23:12:58.901,0.19753,0.19805,0.02,0.02
2013.07.30 23:13:00.074,0.19754,0.19806,0.02,0.03
2013.07.30 23:13:06.804,0.19753,0.19805,0.02,0.02
2013.07.30 23:13:07.863,0.19754,0.19806,0.02,0.03
2013.07.30 23:13:10.484,0.19753,0.19805,0.02,0.02
2013.07.30 23:13:15.634,0.19752,0.19804,0.02,0.02
2013.07.30 23:13:16.172,0.19753,0.19805,0.02,0.02
2013.07.30 23:13:16.656,0.19753,0.19805,0.02,0.03
2013.07.30 23:13:18.434,0.19753,0.19805,0.02,0.03
2013.07.30 23:13:18.614,0.19748,0.198,0.02,0.03
2013.07.30 23:13:18.679,0.19746,0.19798,0.03,0.03
2013.07.30 23:13:19.935,0.19747,0.19799,0.02,0.03
2013.07.30 23:13:23.304,0.19747,0.19799,0.03,0.02
2013.07.30 23:13:23.424,0.19751,0.19803,0.03,0.03
2013.07.30 23:13:30.977,0.19748,0.198,0.02,0.02
2013.07.30 23:13:35.996,0.19749,0.19801,0.02,0.03
2013.07.30 23:14:19.605,0.19749,0.19801,0.02,0.04
2013.07.30 23:14:19.910,0.19746,0.19798,0.03,0.03
2013.07.30 23:14:35.554,0.19746,0.19798,0.03,0.02
2013.07.30 23:14:35.746,0.19746,0.19798,0.03,0.03
2013.07.30 23:14:44.674,0.19747,0.19799,0.02,0.03
2013.07.30 23:14:45.460,0.19746,0.19798,0.03,0.03
2013.07.30 23:14:51.717,0.19746,0.19798,0.03,0.02
2013.07.30 23:14:51.942,0.19748,0.198,0.02,0.02
2013.07.30 23:15:11.983,0.19747,0.19799,0.02,0.02
2013.07.30 23:15:25.942,0.19747,0.19799,0.02,0.03
2013.07.30 23:15:26.724,0.19746,0.19798,0.03,0.03
2013.07.30 23:15:33.804,0.19746,0.19798,0.03,0.02
2013.07.30 23:15:34.390,0.19747,0.19799,0.02,0.02
2013.07.30 23:15:36.064,0.19747,0.19799,0.02,0.03
2013.07.30 23:15:36.742,0.19746,0.19798,0.03,0.03
2013.07.30 23:15:44.029,0.19746,0.19798,0.03,0.02
2013.07.30 23:15:44.750,0.19747,0.19799,0.02,0.02
2013.07.30 23:15:44.864,0.19747,0.19799,0.02,0.03
2013.07.30 23:15:45.420,0.19746,0.19798,0.03,0.03
2013.07.30 23:15:51.774,0.19746,0.19798,0.03,0.02
2013.07.30 23:15:52.380,0.19747,0.19799,0.02,0.02
2013.07.30 23:16:00.484,0.19747,0.19799,0.03,0.02
2013.07.30 23:16:00.581,0.19749,0.19801,0.03,0.03
2013.07.30 23:16:03.204,0.19749,0.19801,0.03,0.04
2013.07.30 23:16:16.944,0.19748,0.198,0.02,0.02
2013.07.30 23:16:17.134,0.19746,0.19798,0.03,0.02
2013.07.30 23:16:22.394,0.19748,0.198,0.02,0.02
2013.07.30 23:16:32.125,0.19747,0.19798,0.02,0.02
2013.07.30 23:16:36.625,0.19748,0.198,0.02,0.02
2013.07.30 23:16:41.144,0.19747,0.19798,0.02,0.02
2013.07.30 23:16:44.244,0.19748,0.198,0.02,0.02
2013.07.30 23:16:47.924,0.19749,0.19801,0.02,0.03
2013.07.30 23:16:55.832,0.19748,0.198,0.02,0.02
2013.07.30 23:17:07.159,0.19748,0.198,0.02,0.03
2013.07.30 23:17:07.941,0.19747,0.19799,0.02,0.03
2013.07.30 23:17:13.194,0.19747,0.19799,0.02,0.02
2013.07.30 23:17:13.976,0.19748,0.198,0.02,0.02
2013.07.30 23:17:15.784,0.19748,0.198,0.02,0.03
2013.07.30 23:17:16.370,0.19747,0.19799,0.02,0.03
2013.07.30 23:17:28.414,0.19748,0.198,0.02,0.03
2013.07.30 23:17:28.920,0.19747,0.19799,0.02,0.03
2013.07.30 23:17:47.428,0.19747,0.19799,0.02,0.03
2013.07.30 23:17:48.815,0.19746,0.19798,0.04,0.03
2013.07.30 23:18:07.004,0.19742,0.19791,0.02,0.02
2013.07.30 23:18:07.214,0.19736,0.19788,0.03,0.02
2013.07.30 23:18:07.554,0.19738,0.1979,0.02,0.02
2013.07.30 23:18:08.394,0.19741,0.19793,0.02,0.03
2013.07.30 23:18:08.815,0.19741,0.19793,0.04,0.03
2013.07.30 23:18:10.054,0.19746,0.19796,0.02,0.02
2013.07.30 23:18:10.114,0.19746,0.19798,0.03,0.02
2013.07.30 23:18:10.234,0.19748,0.198,0.02,0.02
2013.07.30 23:18:12.074,0.19747,0.19799,0.02,0.02
2013.07.30 23:18:13.775,0.19748,0.198,0.02,0.02
2013.07.30 23:18:16.767,0.19747,0.19799,0.02,0.02
2013.07.30 23:18:18.244,0.19747,0.19799,0.02,0.03
2013.07.30 23:18:18.304,0.19745,0.19797,0.02,0.03
2013.07.30 23:18:18.424,0.19742,0.19794,0.02,0.02
2013.07.30 23:18:20.554,0.19744,0.19796,0.02,0.03
2013.07.30 23:18:41.314,0.19742,0.19794,0.02,0.02
2013.07.30 23:18:47.484,0.19742,0.19794,0.02,0.03
2013.07.30 23:18:48.050,0.19739,0.19791,0.03,0.03
2013.07.30 23:18:52.274,0.19741,0.19793,0.04,0.02
2013.07.30 23:18:52.428,0.19743,0.19795,0.02,0.02
2013.07.30 23:18:54.634,0.19743,0.19795,0.02,0.03
2013.07.30 23:18:54.754,0.1974,0.19792,0.03,0.03
2013.07.30 23:19:25.324,0.19743,0.19795,0.02,0.03
2013.07.30 23:19:25.601,0.1975,0.19802,0.03,0.03
2013.07.30 23:19:26.046,0.19753,0.19805,0.02,0.02
2013.07.30 23:19:27.964,0.19753,0.19805,0.02,0.03
2013.07.30 23:19:28.040,0.19751,0.19803,0.04,0.03
2013.07.30 23:19:31.234,0.19752,0.19804,0.02,0.03
2013.07.30 23:19:35.576,0.19752,0.19804,0.02,0.02
2013.07.30 23:19:37.754,0.19752,0.19804,0.02,0.03
2013.07.30 23:19:38.421,0.19751,0.19803,0.04,0.03
2013.07.30 23:19:47.274,0.19751,0.19803,0.03,0.03
2013.07.30 23:20:32.204,0.19747,0.19796,0.02,0.02
2013.07.30 23:20:32.425,0.19744,0.19796,0.02,0.03
2013.07.30 23:20:55.465,0.19744,0.19796,0.03,0.02
2013.07.30 23:20:55.524,0.19746,0.19798,0.03,0.02
2013.07.30 23:20:55.644,0.19749,0.19801,0.03,0.02
2013.07.30 23:20:55.704,0.19753,0.19805,0.03,0.02
2013.07.30 23:20:56.235,0.19755,0.19807,0.03,0.03
2013.07.30 23:21:01.942,0.19756,0.19807,0.02,0.03
2013.07.30 23:21:03.394,0.19754,0.19806,0.03,0.02
2013.07.30 23:22:12.575,0.19755,0.19807,0.03,0.02
2013.07.30 23:22:12.855,0.19757,0.19809,0.02,0.02
2013.07.30 23:22:19.216,0.19756,0.19808,0.03,0.02
2013.07.30 23:22:39.953,0.19757,0.19809,0.02,0.02
2013.07.30 23:23:20.972,0.19757,0.19808,0.02,0.02
2013.07.30 23:23:41.182,0.19757,0.19809,0.02,0.02
2013.07.30 23:23:53.035,0.19757,0.19809,0.02,0.03
2013.07.30 23:23:53.641,0.19755,0.19807,0.03,0.03
2013.07.30 23:24:01.862,0.19761,0.19807,0.02,0.03
2013.07.30 23:24:02.185,0.19758,0.1981,0.03,0.02
2013.07.30 23:24:02.746,0.19759,0.19811,0.03,0.04
2013.07.30 23:24:04.645,0.19759,0.19811,0.03,0.04
2013.07.30 23:24:04.765,0.19759,0.19811,0.02,0.04
2013.07.30 23:24:04.946,0.19755,0.19807,0.03,0.03
2013.07.30 23:24:05.662,0.19757,0.19809,0.02,0.03
2013.07.30 23:24:06.398,0.19757,0.19809,0.02,0.02
2013.07.30 23:24:07.001,0.19758,0.1981,0.02,0.02
2013.07.30 23:24:07.815,0.19758,0.1981,0.02,0.03
2013.07.30 23:24:07.991,0.19756,0.19808,0.03,0.03
2013.07.30 23:24:15.385,0.19756,0.19808,0.03,0.02
2013.07.30 23:24:16.001,0.19757,0.19809,0.02,0.02
2013.07.30 23:24:20.005,0.19757,0.19809,0.02,0.03
2013.07.30 23:24:20.651,0.19756,0.19808,0.03,0.03
2013.07.30 23:24:22.465,0.19757,0.19809,0.02,0.03
2013.07.30 23:24:22.978,0.19758,0.1981,0.02,0.03
2013.07.30 23:24:23.293,0.19761,0.1981,0.02,0.03
2013.07.30 23:24:23.345,0.19761,0.19811,0.02,0.04
2013.07.30 23:24:23.907,0.19761,0.19811,0.04,0.02
2013.07.30 23:24:25.175,0.19759,0.19811,0.02,0.04
2013.07.30 23:24:25.295,0.19757,0.19809,0.02,0.03
2013.07.30 23:24:25.972,0.19756,0.19808,0.04,0.03
2013.07.30 23:24:27.686,0.19755,0.19807,0.02,0.03
2013.07.30 23:24:28.025,0.19752,0.19804,0.02,0.02
2013.07.30 23:24:30.503,0.19752,0.19801,0.02,0.02
2013.07.30 23:24:30.565,0.1975,0.19801,0.02,0.02
2013.07.30 23:24:30.685,0.19748,0.198,0.02,0.03
2013.07.30 23:24:30.805,0.19744,0.19796,0.02,0.03
2013.07.30 23:24:31.015,0.19744,0.19796,0.03,0.02
2013.07.30 23:24:31.135,0.19748,0.198,0.03,0.02
2013.07.30 23:24:31.410,0.19753,0.19801,0.02,0.02
2013.07.30 23:24:31.545,0.19749,0.19801,0.02,0.04
2013.07.30 23:24:31.725,0.19745,0.19797,0.03,0.02
2013.07.30 23:24:32.595,0.19745,0.19796,0.03,0.02
2013.07.30 23:24:33.045,0.19756,0.19797,0.02,0.02
2013.07.30 23:24:33.185,0.19756,0.19801,0.02,0.02
2013.07.30 23:24:33.675,0.19756,0.19805,0.03,0.02
2013.07.30 23:24:34.246,0.19758,0.19806,0.03,0.02
2013.07.30 23:24:34.305,0.19758,0.19806,0.02,0.02
2013.07.30 23:24:34.365,0.19755,0.19806,0.02,0.02
2013.07.30 23:24:34.566,0.19753,0.19805,0.02,0.02
2013.07.30 23:24:34.905,0.19753,0.19801,0.02,0.02
2013.07.30 23:24:35.025,0.19751,0.19801,0.03,0.02
2013.07.30 23:24:35.395,0.1975,0.19802,0.03,0.02
2013.07.30 23:24:35.607,0.19754,0.19806,0.03,0.04
2013.07.30 23:24:36.435,0.19756,0.19807,0.02,0.02
2013.07.30 23:24:36.665,0.19758,0.1981,0.02,0.02
2013.07.30 23:24:43.005,0.19758,0.1981,0.03,0.02
2013.07.30 23:24:43.562,0.1976,0.19811,0.03,0.02
2013.07.30 23:24:54.105,0.1976,0.19811,0.03,0.02
2013.07.30 23:25:26.765,0.19761,0.19811,0.02,0.04
2013.07.30 23:27:02.025,0.19759,0.1981,0.03,0.02
2013.07.30 23:27:03.905,0.1976,0.19811,0.03,0.04
2013.07.30 23:27:15.137,0.1976,0.19811,0.03,0.04
2013.07.30 23:27:46.918,0.19757,0.19809,0.02,0.03
2013.07.30 23:27:47.471,0.19756,0.19807,0.02,0.03
2013.07.30 23:27:59.127,0.19755,0.19806,0.02,0.02
2013.07.30 23:27:59.692,0.19754,0.19806,0.02,0.04
2013.07.30 23:28:02.095,0.19754,0.19806,0.02,0.05
2013.07.30 23:28:02.155,0.19752,0.19804,0.02,0.03
2013.07.30 23:28:02.754,0.19751,0.19802,0.02,0.03
2013.07.30 23:28:30.915,0.19751,0.19803,0.03,0.03
2013.07.30 23:28:36.085,0.19751,0.19802,0.02,0.02
2013.07.30 23:28:36.385,0.19755,0.19807,0.02,0.02
2013.07.30 23:28:39.945,0.19753,0.19805,0.02,0.02
2013.07.30 23:28:40.716,0.19755,0.19807,0.02,0.02
2013.07.30 23:29:00.275,0.19757,0.19809,0.02,0.02
2013.07.30 23:29:00.901,0.19754,0.19806,0.02,0.02
2013.07.30 23:29:06.267,0.19753,0.19805,0.02,0.02
2013.07.30 23:30:03.373,0.19755,0.19807,0.02,0.03
2013.07.30 23:30:03.961,0.19755,0.19807,0.03,0.03
2013.07.30 23:30:10.576,0.19755,0.19807,0.02,0.03
2013.07.30 23:30:54.231,0.19754,0.19806,0.02,0.03
2013.07.30 23:31:14.976,0.19755,0.19806,0.02,0.02
2013.07.30 23:31:34.991,0.19754,0.19806,0.02,0.03
2013.07.30 23:31:35.895,0.19753,0.19805,0.02,0.02
2013.07.30 23:31:36.311,0.19755,0.19806,0.02,0.02
2013.07.30 23:31:57.006,0.19754,0.19806,0.02,0.03
2013.07.30 23:32:01.925,0.19753,0.19805,0.02,0.02
2013.07.30 23:32:08.066,0.19755,0.19806,0.02,0.02
2013.07.30 23:32:25.296,0.19753,0.19805,0.02,0.02
2013.07.30 23:32:41.675,0.19755,0.19806,0.02,0.02
2013.07.30 23:33:01.970,0.19754,0.19806,0.02,0.04
2013.07.30 23:33:08.618,0.19753,0.19805,0.02,0.02
2013.07.30 23:33:19.837,0.19755,0.19806,0.02,0.02
2013.07.30 23:33:25.594,0.19753,0.19805,0.02,0.02
2013.07.30 23:33:36.037,0.19755,0.19806,0.02,0.02
2013.07.30 23:33:43.446,0.19753,0.19805,0.02,0.02
2013.07.30 23:33:43.569,0.19755,0.19806,0.02,0.02
2013.07.30 23:33:55.977,0.19753,0.19805,0.02,0.02
2013.07.30 23:34:16.927,0.19766,0.19805,0.02,0.02
2013.07.30 23:34:17.105,0.19766,0.19811,0.02,0.02
2013.07.30 23:34:24.355,0.19762,0.19811,0.02,0.03
2013.07.30 23:34:24.664,0.19753,0.19805,0.02,0.02
2013.07.30 23:34:25.378,0.19757,0.19809,0.02,0.02
2013.07.30 23:34:25.810,0.19754,0.19806,0.02,0.02
2013.07.30 23:34:43.186,0.19757,0.19809,0.02,0.02
2013.07.30 23:35:17.715,0.19753,0.19805,0.02,0.02
2013.07.30 23:35:37.705,0.19754,0.19806,0.02,0.03
2013.07.30 23:35:49.027,0.19753,0.19805,0.02,0.02
2013.07.30 23:36:00.554,0.19755,0.19806,0.02,0.02
2013.07.30 23:36:01.625,0.19756,0.19806,0.02,0.02
2013.07.30 23:36:03.245,0.19756,0.19808,0.05,0.03
2013.07.30 23:36:05.956,0.19758,0.1981,0.02,0.03
2013.07.30 23:36:06.135,0.19756,0.19808,0.04,0.03
2013.07.30 23:36:09.095,0.19756,0.19807,0.02,0.02
2013.07.30 23:36:09.327,0.19759,0.19811,0.02,0.03
2013.07.30 23:36:52.087,0.19759,0.19811,0.02,0.04
2013.07.30 23:36:52.415,0.19753,0.19805,0.02,0.02
2013.07.30 23:37:13.237,0.19755,0.19807,0.02,0.02
2013.07.30 23:37:25.099,0.19755,0.19807,0.03,0.02
2013.07.30 23:37:25.335,0.19758,0.1981,0.03,0.02
2013.07.30 23:37:25.841,0.1976,0.19811,0.03,0.02
2013.07.30 23:37:31.598,0.1976,0.19811,0.02,0.02
2013.07.30 23:37:31.722,0.19758,0.1981,0.02,0.02
2013.07.30 23:37:32.471,0.19757,0.19809,0.02,0.02
2013.07.30 23:37:51.997,0.19758,0.1981,0.02,0.02
2013.07.30 23:38:02.155,0.19758,0.1981,0.02,0.03
2013.07.30 23:38:02.295,0.19755,0.19807,0.02,0.03
2013.07.30 23:38:02.485,0.19753,0.19805,0.02,0.02
2013.07.30 23:38:07.425,0.19755,0.19807,0.02,0.03
2013.07.30 23:38:09.233,0.19755,0.19807,0.02,0.03
2013.07.30 23:38:09.616,0.19753,0.19804,0.02,0.03
2013.07.30 23:38:13.835,0.19753,0.19804,0.03,0.02
2013.07.30 23:38:13.895,0.1976,0.19811,0.03,0.02
2013.07.30 23:38:51.665,0.19762,0.19811,0.02,0.02
2013.07.30 23:38:52.005,0.1976,0.19811,0.02,0.04
2013.07.30 23:38:52.125,0.19754,0.19806,0.02,0.02
2013.07.30 23:39:07.159,0.19756,0.19808,0.02,0.02
2013.07.30 23:39:07.561,0.19759,0.19811,0.02,0.03
2013.07.30 23:39:07.902,0.19759,0.19811,0.03,0.04
2013.07.30 23:39:13.456,0.19761,0.19811,0.02,0.02
2013.07.30 23:39:31.157,0.19758,0.1981,0.03,0.02
2013.07.30 23:39:31.661,0.1976,0.19811,0.03,0.02
2013.07.30 23:39:38.215,0.19761,0.19811,0.02,0.02
2013.07.30 23:40:12.993,0.19757,0.19809,0.02,0.03
2013.07.30 23:40:13.681,0.19755,0.19807,0.03,0.03
2013.07.30 23:40:14.055,0.19766,0.19807,0.02,0.02
2013.07.30 23:40:14.202,0.19766,0.19811,0.02,0.02
2013.07.30 23:40:35.115,0.19762,0.19811,0.02,0.02
2013.07.30 23:40:35.396,0.19755,0.19807,0.03,0.03
2013.07.30 23:40:41.556,0.19755,0.19806,0.02,0.02
2013.07.30 23:40:42.112,0.19754,0.19806,0.02,0.03
2013.07.30 23:40:44.125,0.19753,0.19805,0.02,0.02
2013.07.30 23:40:44.245,0.19755,0.19806,0.02,0.02
2013.07.30 23:40:50.635,0.19756,0.19806,0.04,0.02
2013.07.30 23:41:13.959,0.19756,0.19806,0.02,0.02
2013.07.30 23:41:47.245,0.19753,0.19805,0.03,0.02
2013.07.30 23:41:47.891,0.19755,0.19806,0.03,0.02
2013.07.30 23:42:05.265,0.19761,0.19807,0.02,0.03
2013.07.30 23:42:06.696,0.19758,0.1981,0.03,0.02
2013.07.30 23:42:07.251,0.19759,0.19811,0.03,0.04
2013.07.30 23:42:09.225,0.19759,0.19811,0.02,0.03
2013.07.30 23:42:12.785,0.19758,0.1981,0.02,0.02
2013.07.30 23:42:21.466,0.19758,0.1981,0.02,0.03
2013.07.30 23:42:21.647,0.19756,0.19807,0.02,0.03
2013.07.30 23:42:25.327,0.19756,0.19807,0.02,0.03
2013.07.30 23:42:27.385,0.19757,0.19808,0.02,0.03
2013.07.30 23:42:27.941,0.19756,0.19807,0.02,0.03
2013.07.30 23:43:17.555,0.19756,0.19806,0.02,0.02
2013.07.30 23:43:39.195,0.19761,0.19804,0.02,0.02
2013.07.30 23:43:39.352,0.19761,0.19806,0.02,0.02
2013.07.30 23:43:55.596,0.19758,0.19806,0.02,0.02
2013.07.30 23:43:55.895,0.19754,0.19806,0.03,0.04
2013.07.30 23:43:58.335,0.19754,0.19806,0.03,0.04
2013.07.30 23:44:20.724,0.19752,0.19801,0.02,0.02
2013.07.30 23:44:21.232,0.19751,0.19803,0.04,0.03
2013.07.30 23:44:38.352,0.19756,0.19803,0.02,0.03
2013.07.30 23:44:38.486,0.19756,0.19803,0.02,0.02
2013.07.30 23:44:38.546,0.19756,0.19805,0.02,0.02
2013.07.30 23:44:38.726,0.19759,0.19811,0.02,0.04
2013.07.30 23:44:49.735,0.19759,0.19811,0.03,0.04
2013.07.30 23:44:55.346,0.19759,0.19811,0.03,0.04
2013.07.30 23:45:01.976,0.19757,0.19806,0.02,0.02
2013.07.30 23:45:02.592,0.19756,0.19806,0.02,0.02
2013.07.30 23:45:09.514,0.19756,0.19806,0.02,0.02
2013.07.30 23:45:27.658,0.19756,0.19807,0.02,0.03
2013.07.30 23:45:39.506,0.19756,0.19807,0.03,0.03
2013.07.30 23:45:50.681,0.19757,0.19809,0.02,0.03
2013.07.30 23:45:51.285,0.19756,0.19807,0.02,0.03
2013.07.30 23:46:09.516,0.19756,0.19808,0.05,0.03
2013.07.30 23:46:16.166,0.19766,0.19808,0.02,0.02
2013.07.30 23:46:16.226,0.19766,0.19811,0.02,0.02
2013.07.30 23:46:29.407,0.19763,0.19811,0.02,0.02
2013.07.30 23:46:29.487,0.19761,0.19811,0.02,0.02
2013.07.30 23:46:29.726,0.19754,0.19806,0.03,0.03
2013.07.30 23:46:30.246,0.19756,0.19808,0.03,0.02
2013.07.30 23:46:30.460,0.19761,0.19811,0.03,0.02
2013.07.30 23:46:40.696,0.19766,0.19813,0.02,0.02
2013.07.30 23:46:40.761,0.19766,0.19815,0.02,0.02
2013.07.30 23:46:41.522,0.19766,0.19816,0.02,0.02
2013.07.30 23:46:47.959,0.19765,0.19816,0.02,0.03
2013.07.30 23:46:48.045,0.19763,0.19815,0.02,0.03
2013.07.30 23:46:48.166,0.19763,0.19815,0.02,0.02
2013.07.30 23:46:48.265,0.19758,0.1981,0.03,0.02
2013.07.30 23:46:48.695,0.1976,0.19812,0.03,0.02
2013.07.30 23:46:50.258,0.1976,0.19812,0.03,0.03
2013.07.30 23:47:44.276,0.19761,0.19813,0.04,0.02
2013.07.30 23:47:44.396,0.19763,0.19815,0.02,0.02
2013.07.30 23:47:49.116,0.19763,0.19815,0.02,0.03
2013.07.30 23:47:49.326,0.19761,0.19812,0.02,0.03
2013.07.30 23:48:20.356,0.19761,0.19811,0.02,0.03
2013.07.30 23:48:38.730,0.19761,0.19811,0.02,0.03
2013.07.30 23:48:49.726,0.19761,0.19813,0.04,0.03
2013.07.30 23:49:01.076,0.1976,0.19812,0.03,0.03
2013.07.30 23:49:16.680,0.19761,0.19812,0.02,0.02
2013.07.30 23:49:17.302,0.19761,0.19813,0.04,0.02
2013.07.30 23:49:22.185,0.19761,0.19813,0.04,0.03
2013.07.30 23:49:49.498,0.19761,0.19813,0.04,0.03
2013.07.30 23:50:11.331,0.19761,0.19811,0.02,0.03
2013.07.30 23:50:35.025,0.1976,0.19801,0.02,0.02
2013.07.30 23:50:35.176,0.19758,0.19806,0.02,0.02
2013.07.30 23:50:35.296,0.19755,0.19806,0.02,0.04
2013.07.30 23:50:35.356,0.1975,0.19802,0.03,0.03
2013.07.30 23:50:37.457,0.19751,0.19802,0.02,0.02
2013.07.30 23:50:37.696,0.19755,0.19807,0.02,0.02
2013.07.30 23:50:38.916,0.19755,0.19807,0.03,0.02
2013.07.30 23:50:41.429,0.19755,0.19807,0.03,0.03
2013.07.30 23:50:53.960,0.19755,0.19807,0.03,0.03
2013.07.30 23:50:57.549,0.19754,0.19806,0.02,0.03
2013.07.30 23:50:58.017,0.19751,0.19803,0.04,0.03
2013.07.30 23:51:01.910,0.19751,0.19803,0.04,0.03
2013.07.30 23:51:15.584,0.1975,0.19801,0.02,0.03
2013.07.30 23:51:16.106,0.19751,0.19803,0.03,0.03
2013.07.30 23:51:18.406,0.19751,0.19803,0.04,0.02
2013.07.30 23:51:18.609,0.19755,0.19807,0.02,0.03
2013.07.30 23:51:19.858,0.19753,0.19805,0.02,0.02
2013.07.30 23:51:20.238,0.19755,0.19807,0.02,0.03
2013.07.30 23:51:29.248,0.19755,0.19807,0.03,0.03
2013.07.30 23:52:06.747,0.19754,0.19806,0.02,0.03
2013.07.30 23:52:09.778,0.19754,0.19806,0.02,0.03
2013.07.30 23:52:10.127,0.19751,0.19802,0.02,0.03
2013.07.30 23:52:11.705,0.19751,0.19802,0.02,0.02
2013.07.30 23:52:12.037,0.19753,0.19805,0.02,0.02
2013.07.30 23:52:28.966,0.19753,0.19805,0.02,0.03
2013.07.30 23:52:29.653,0.19752,0.19804,0.02,0.03
2013.07.30 23:52:34.686,0.19752,0.19804,0.03,0.02
2013.07.30 23:52:34.810,0.19754,0.19806,0.03,0.03
2013.07.30 23:52:39.087,0.19755,0.19807,0.03,0.02
2013.07.30 23:52:44.212,0.19755,0.19807,0.02,0.03
2013.07.30 23:52:44.823,0.19754,0.19806,0.02,0.03
2013.07.30 23:52:56.557,0.19753,0.19805,0.02,0.02
2013.07.30 23:53:50.251,0.19754,0.19806,0.02,0.03
2013.07.30 23:53:50.307,0.19754,0.19806,0.03,0.03
2013.07.30 23:53:50.657,0.19754,0.19806,0.03,0.03
2013.07.30 23:54:41.548,0.19754,0.19801,0.02,0.02
2013.07.30 23:54:41.738,0.19752,0.19801,0.02,0.02
2013.07.30 23:54:42.272,0.1975,0.19801,0.03,0.02
2013.07.30 23:55:04.167,0.1975,0.19801,0.03,0.02
2013.07.30 23:55:14.367,0.19748,0.198,0.02,0.03
2013.07.30 23:55:14.594,0.19746,0.19798,0.04,0.03
2013.07.30 23:55:14.807,0.19746,0.19798,0.05,0.03
2013.07.30 23:56:19.967,0.19751,0.198,0.02,0.02
2013.07.30 23:56:20.574,0.19751,0.19803,0.04,0.03
2013.07.30 23:56:34.757,0.19756,0.19804,0.02,0.03
2013.07.30 23:57:00.437,0.19753,0.19805,0.03,0.02
2013.07.30 23:57:00.648,0.19755,0.19807,0.03,0.02
2013.07.30 23:57:01.085,0.19758,0.1981,0.02,0.02
2013.07.30 23:57:03.374,0.19759,0.19811,0.02,0.03
2013.07.30 23:57:12.658,0.19759,0.19811,0.03,0.04
2013.07.30 23:57:14.586,0.19759,0.19811,0.02,0.03
2013.07.30 23:57:15.183,0.19758,0.1981,0.02,0.02
2013.07.30 23:57:24.319,0.19758,0.1981,0.03,0.02
2013.07.30 23:57:25.143,0.1976,0.19812,0.03,0.03
2013.07.30 23:57:27.937,0.1976,0.19811,0.03,0.02
2013.07.30 23:57:34.297,0.19761,0.19813,0.03,0.03
2013.07.30 23:57:37.404,0.19761,0.19811,0.02,0.03
2013.07.30 23:57:39.019,0.19759,0.19811,0.03,0.03
2013.07.30 23:57:52.667,0.19758,0.1981,0.02,0.03
2013.07.30 23:57:52.907,0.19756,0.19807,0.02,0.03
2013.07.30 23:57:56.707,0.19755,0.19807,0.02,0.02
2013.07.30 23:57:57.293,0.19754,0.19806,0.02,0.02
2013.07.30 23:58:17.049,0.19755,0.19807,0.02,0.02
2013.07.30 23:58:32.612,0.19757,0.19809,0.02,0.02
2013.07.30 23:58:34.927,0.19756,0.19808,0.02,0.02
2013.07.30 23:58:35.364,0.19753,0.19805,0.02,0.02
2013.07.30 23:58:35.703,0.19755,0.19807,0.02,0.02
2013.07.30 23:58:47.357,0.19757,0.19809,0.02,0.02
2013.07.30 23:59:08.017,0.19756,0.19808,0.02,0.02
2013.07.30 23:59:12.097,0.19756,0.19808,0.02,0.03
2013.07.30 23:59:21.288,0.19756,0.19808,0.02,0.03
2013.07.30 23:59:21.684,0.19752,0.19804,0.02,0.03
2013.07.30 23:59:41.277,0.19756,0.19804,0.02,0.03
2013.07.30 23:59:42.137,0.19756,0.19807,0.02,0.03
2013.07.30 23:59:57.320,0.19766,0.19807,0.02,0.02
2013.07.30 23:59:57.457,0.19766,0.19812,0.02,0.03
