2013.07.10 07:00:02.712,0.19151,0.19196,0.03,0.02
2013.07.10 07:00:03.859,0.19153,0.19198,0.02,0.03
2013.07.10 07:00:04.565,0.19152,0.19197,0.03,0.03
2013.07.10 07:00:06.885,0.19153,0.19198,0.02,0.03
2013.07.10 07:00:07.741,0.19152,0.19197,0.03,0.03
2013.07.10 07:00:08.243,0.19153,0.19197,0.02,0.02
2013.07.10 07:00:15.200,0.19151,0.19196,0.03,0.02
2013.07.10 07:00:15.702,0.19152,0.19197,0.03,0.04
2013.07.10 07:00:16.382,0.19151,0.19196,0.02,0.02
2013.07.10 07:00:19.743,0.19149,0.19194,0.02,0.02
2013.07.10 07:00:28.345,0.19149,0.19193,0.02,0.02
2013.07.10 07:00:28.405,0.19147,0.19192,0.03,0.03
2013.07.10 07:00:29.232,0.19148,0.19193,0.02,0.03
2013.07.10 07:00:31.106,0.19147,0.19192,0.03,0.04
2013.07.10 07:00:32.065,0.19148,0.19192,0.02,0.02
2013.07.10 07:00:32.786,0.19148,0.19193,0.02,0.02
2013.07.10 07:00:32.915,0.19151,0.19196,0.02,0.02
2013.07.10 07:00:33.562,0.1915,0.19195,0.02,0.02
2013.07.10 07:00:34.475,0.19151,0.19196,0.02,0.02
2013.07.10 07:00:34.785,0.19153,0.19197,0.02,0.02
2013.07.10 07:00:35.335,0.19152,0.19197,0.03,0.04
2013.07.10 07:00:36.079,0.19153,0.19197,0.02,0.02
2013.07.10 07:00:39.665,0.1915,0.19195,0.02,0.02
2013.07.10 07:00:40.436,0.19151,0.19196,0.02,0.02
2013.07.10 07:00:41.187,0.1915,0.19195,0.02,0.02
2013.07.10 07:00:43.654,0.1915,0.19195,0.02,0.03
2013.07.10 07:00:43.975,0.19148,0.19193,0.02,0.03
2013.07.10 07:00:47.455,0.19151,0.19196,0.02,0.03
2013.07.10 07:00:52.116,0.19149,0.19194,0.02,0.03
2013.07.10 07:00:52.236,0.19145,0.1919,0.02,0.02
2013.07.10 07:00:53.848,0.19147,0.19192,0.02,0.04
2013.07.10 07:00:55.795,0.19145,0.1919,0.02,0.02
2013.07.10 07:01:04.663,0.19145,0.1919,0.03,0.02
2013.07.10 07:01:04.795,0.19148,0.19193,0.02,0.03
2013.07.10 07:01:04.915,0.1915,0.19195,0.02,0.03
2013.07.10 07:01:06.255,0.19147,0.19192,0.03,0.03
2013.07.10 07:01:15.397,0.1915,0.19195,0.02,0.03
2013.07.10 07:01:15.977,0.19149,0.19194,0.02,0.03
2013.07.10 07:01:18.336,0.19145,0.1919,0.02,0.02
2013.07.10 07:01:19.405,0.19144,0.19189,0.02,0.02
2013.07.10 07:01:19.465,0.19144,0.19187,0.02,0.02
2013.07.10 07:01:23.975,0.19146,0.19191,0.02,0.02
2013.07.10 07:01:25.685,0.19148,0.19193,0.02,0.03
2013.07.10 07:01:25.996,0.1915,0.19195,0.02,0.02
2013.07.10 07:01:26.612,0.19151,0.19196,0.02,0.02
2013.07.10 07:01:29.577,0.19151,0.19196,0.02,0.03
2013.07.10 07:01:30.099,0.1915,0.19195,0.02,0.03
2013.07.10 07:01:31.246,0.19148,0.19193,0.02,0.03
2013.07.10 07:01:31.737,0.19151,0.19196,0.02,0.03
2013.07.10 07:01:33.775,0.1915,0.19195,0.02,0.03
2013.07.10 07:01:34.576,0.19151,0.19196,0.02,0.03
2013.07.10 07:01:35.135,0.19148,0.19193,0.02,0.03
2013.07.10 07:01:35.712,0.19147,0.19192,0.03,0.03
2013.07.10 07:01:36.940,0.19151,0.19196,0.02,0.03
2013.07.10 07:01:37.167,0.19147,0.19192,0.03,0.03
2013.07.10 07:01:38.036,0.19151,0.19196,0.02,0.03
2013.07.10 07:01:38.525,0.19149,0.19194,0.02,0.03
2013.07.10 07:01:39.670,0.19147,0.19192,0.03,0.03
2013.07.10 07:01:40.332,0.19146,0.19191,0.03,0.02
2013.07.10 07:01:41.022,0.19148,0.19192,0.02,0.02
2013.07.10 07:01:41.558,0.19148,0.19193,0.02,0.02
2013.07.10 07:01:42.115,0.19146,0.19191,0.02,0.02
2013.07.10 07:01:42.441,0.19144,0.19189,0.02,0.02
2013.07.10 07:01:43.346,0.19145,0.1919,0.02,0.02
2013.07.10 07:01:45.157,0.19144,0.19189,0.02,0.02
2013.07.10 07:01:47.543,0.19146,0.19191,0.02,0.02
2013.07.10 07:01:57.865,0.19146,0.19191,0.02,0.03
2013.07.10 07:01:57.996,0.19142,0.19187,0.03,0.03
2013.07.10 07:02:00.366,0.19141,0.19186,0.02,0.02
2013.07.10 07:02:00.817,0.19143,0.19188,0.02,0.03
2013.07.10 07:02:03.346,0.19144,0.19189,0.02,0.03
2013.07.10 07:02:09.166,0.19143,0.19188,0.02,0.03
2013.07.10 07:02:09.745,0.19142,0.19187,0.03,0.03
2013.07.10 07:02:10.472,0.19143,0.19188,0.02,0.03
2013.07.10 07:02:10.995,0.19146,0.19191,0.02,0.02
2013.07.10 07:02:14.516,0.19145,0.1919,0.02,0.02
2013.07.10 07:02:15.965,0.19146,0.19191,0.02,0.02
2013.07.10 07:02:16.432,0.19146,0.19187,0.02,0.02
2013.07.10 07:02:16.685,0.19142,0.19187,0.03,0.03
2013.07.10 07:02:18.346,0.19141,0.19186,0.02,0.02
2013.07.10 07:02:19.635,0.19141,0.19186,0.02,0.03
2013.07.10 07:02:19.876,0.19139,0.19183,0.02,0.02
2013.07.10 07:02:20.447,0.19139,0.19184,0.02,0.02
2013.07.10 07:02:20.666,0.19142,0.19187,0.02,0.04
2013.07.10 07:02:22.646,0.19143,0.19188,0.02,0.03
2013.07.10 07:02:23.620,0.19142,0.19187,0.03,0.03
2013.07.10 07:02:25.676,0.19142,0.19187,0.02,0.04
2013.07.10 07:02:25.916,0.19139,0.19184,0.02,0.03
2013.07.10 07:02:26.357,0.19141,0.19186,0.02,0.03
2013.07.10 07:02:27.608,0.19141,0.19186,0.02,0.02
2013.07.10 07:02:30.075,0.19141,0.19186,0.02,0.03
2013.07.10 07:02:30.237,0.19139,0.19184,0.02,0.03
2013.07.10 07:02:36.536,0.19138,0.19182,0.02,0.02
2013.07.10 07:02:45.026,0.19139,0.19184,0.02,0.03
2013.07.10 07:02:45.345,0.19139,0.19184,0.03,0.02
2013.07.10 07:02:45.405,0.19142,0.19187,0.03,0.03
2013.07.10 07:02:45.526,0.19144,0.19189,0.02,0.03
2013.07.10 07:02:45.676,0.19142,0.19187,0.03,0.03
2013.07.10 07:02:46.322,0.19141,0.19186,0.02,0.02
2013.07.10 07:02:46.874,0.1914,0.19185,0.02,0.03
2013.07.10 07:02:48.545,0.1914,0.19185,0.02,0.02
2013.07.10 07:02:49.699,0.19141,0.19186,0.02,0.02
2013.07.10 07:03:01.596,0.1914,0.19185,0.02,0.02
2013.07.10 07:03:08.664,0.19141,0.19186,0.02,0.02
2013.07.10 07:03:09.955,0.19141,0.19186,0.03,0.02
2013.07.10 07:03:10.075,0.19145,0.1919,0.02,0.03
2013.07.10 07:03:13.346,0.19146,0.19191,0.02,0.03
2013.07.10 07:03:14.523,0.19146,0.19191,0.02,0.02
2013.07.10 07:03:15.383,0.19146,0.19191,0.03,0.02
2013.07.10 07:03:15.596,0.1915,0.19195,0.02,0.02
2013.07.10 07:03:16.036,0.1915,0.19195,0.03,0.02
2013.07.10 07:03:16.410,0.19153,0.19198,0.02,0.03
2013.07.10 07:03:20.035,0.19155,0.192,0.02,0.02
2013.07.10 07:03:20.323,0.19155,0.192,0.03,0.02
2013.07.10 07:03:20.903,0.19156,0.19201,0.03,0.02
2013.07.10 07:03:39.515,0.19155,0.192,0.02,0.02
2013.07.10 07:03:40.986,0.19154,0.19199,0.02,0.02
2013.07.10 07:03:43.702,0.19154,0.19199,0.02,0.03
2013.07.10 07:03:43.946,0.19146,0.19191,0.03,0.02
2013.07.10 07:03:46.932,0.19146,0.19191,0.02,0.02
2013.07.10 07:03:47.046,0.19146,0.19187,0.02,0.02
2013.07.10 07:03:47.226,0.1914,0.19185,0.02,0.02
2013.07.10 07:03:47.880,0.19139,0.19184,0.02,0.02
2013.07.10 07:03:48.398,0.1914,0.19185,0.02,0.03
2013.07.10 07:03:49.706,0.19139,0.19184,0.02,0.03
2013.07.10 07:03:49.918,0.19137,0.19182,0.03,0.03
2013.07.10 07:03:50.652,0.19138,0.19183,0.02,0.03
2013.07.10 07:03:51.177,0.19137,0.19182,0.03,0.04
2013.07.10 07:03:52.366,0.19136,0.19181,0.02,0.02
2013.07.10 07:03:52.486,0.19136,0.19181,0.02,0.03
2013.07.10 07:03:53.027,0.19135,0.19177,0.02,0.02
2013.07.10 07:03:53.146,0.19133,0.19177,0.02,0.02
2013.07.10 07:03:53.655,0.19134,0.19177,0.02,0.02
2013.07.10 07:03:54.961,0.19133,0.19177,0.02,0.02
2013.07.10 07:04:03.857,0.19134,0.19178,0.02,0.02
2013.07.10 07:04:07.526,0.19133,0.19178,0.02,0.03
2013.07.10 07:04:11.458,0.19134,0.19179,0.02,0.03
2013.07.10 07:04:12.706,0.19134,0.19179,0.02,0.02
2013.07.10 07:04:12.936,0.19136,0.19181,0.02,0.02
2013.07.10 07:04:13.492,0.19137,0.19182,0.03,0.04
2013.07.10 07:04:14.006,0.19138,0.19183,0.02,0.03
2013.07.10 07:04:14.566,0.19137,0.19182,0.03,0.03
2013.07.10 07:04:15.047,0.19139,0.19184,0.02,0.03
2013.07.10 07:04:15.456,0.19139,0.19184,0.02,0.02
2013.07.10 07:04:16.096,0.1914,0.19185,0.02,0.02
2013.07.10 07:04:17.573,0.1914,0.19185,0.02,0.03
2013.07.10 07:04:18.172,0.19141,0.19186,0.02,0.03
2013.07.10 07:04:29.860,0.1914,0.19185,0.02,0.03
2013.07.10 07:04:31.987,0.19141,0.19186,0.02,0.03
2013.07.10 07:04:34.620,0.19141,0.19186,0.02,0.02
2013.07.10 07:04:52.766,0.19141,0.19186,0.03,0.02
2013.07.10 07:04:52.892,0.19144,0.19189,0.02,0.03
2013.07.10 07:04:54.356,0.19141,0.19186,0.02,0.02
2013.07.10 07:04:55.566,0.19142,0.19187,0.02,0.03
2013.07.10 07:04:57.202,0.19141,0.19186,0.02,0.02
2013.07.10 07:05:00.906,0.19143,0.19188,0.02,0.03
2013.07.10 07:05:01.444,0.19144,0.19189,0.02,0.03
2013.07.10 07:05:21.311,0.19143,0.19188,0.02,0.03
2013.07.10 07:05:23.569,0.19143,0.19188,0.02,0.02
2013.07.10 07:05:24.032,0.19146,0.19191,0.02,0.02
2013.07.10 07:05:29.757,0.19148,0.19193,0.02,0.03
2013.07.10 07:05:30.087,0.1915,0.19195,0.02,0.02
2013.07.10 07:05:31.181,0.19149,0.19194,0.02,0.02
2013.07.10 07:05:31.426,0.19151,0.19196,0.02,0.02
2013.07.10 07:05:36.014,0.1915,0.19195,0.02,0.02
2013.07.10 07:05:39.156,0.19151,0.19196,0.02,0.02
2013.07.10 07:05:42.066,0.19153,0.19198,0.02,0.02
2013.07.10 07:05:43.057,0.19155,0.192,0.02,0.02
2013.07.10 07:06:04.524,0.19156,0.19201,0.02,0.02
2013.07.10 07:06:05.253,0.19157,0.19202,0.03,0.03
2013.07.10 07:06:07.066,0.19162,0.19207,0.03,0.04
2013.07.10 07:06:09.386,0.19161,0.19206,0.03,0.02
2013.07.10 07:06:11.507,0.19163,0.19207,0.02,0.02
2013.07.10 07:06:18.076,0.19165,0.1921,0.02,0.03
2013.07.10 07:06:18.623,0.19164,0.19209,0.02,0.03
2013.07.10 07:06:21.126,0.19166,0.19209,0.02,0.02
2013.07.10 07:06:21.246,0.19166,0.19211,0.05,0.02
2013.07.10 07:06:21.366,0.19176,0.19211,0.02,0.02
2013.07.10 07:06:21.517,0.19176,0.19215,0.02,0.02
2013.07.10 07:06:21.637,0.19176,0.19217,0.02,0.02
2013.07.10 07:06:22.766,0.19186,0.19225,0.02,0.02
2013.07.10 07:06:23.596,0.19186,0.19233,0.02,0.02
2013.07.10 07:06:23.716,0.19183,0.19236,0.03,0.02
2013.07.10 07:06:23.776,0.1918,0.19233,0.03,0.03
2013.07.10 07:06:25.456,0.19181,0.19233,0.02,0.03
2013.07.10 07:06:25.576,0.19183,0.19228,0.02,0.02
2013.07.10 07:06:26.127,0.1918,0.19225,0.02,0.02
2013.07.10 07:06:26.458,0.19178,0.19223,0.02,0.02
2013.07.10 07:06:31.399,0.19178,0.19223,0.02,0.03
2013.07.10 07:06:31.988,0.19178,0.19223,0.02,0.02
2013.07.10 07:06:33.270,0.19181,0.19223,0.02,0.02
2013.07.10 07:06:33.326,0.19181,0.19226,0.03,0.02
2013.07.10 07:06:33.386,0.19181,0.19226,0.03,0.02
2013.07.10 07:06:33.446,0.19184,0.19229,0.03,0.02
2013.07.10 07:06:36.667,0.19184,0.19229,0.02,0.02
2013.07.10 07:06:36.887,0.19183,0.19228,0.03,0.02
2013.07.10 07:06:37.066,0.19185,0.1923,0.03,0.02
2013.07.10 07:06:39.235,0.19184,0.19229,0.03,0.02
2013.07.10 07:06:39.296,0.19184,0.19229,0.02,0.03
2013.07.10 07:06:39.537,0.19182,0.19227,0.03,0.03
2013.07.10 07:06:39.897,0.19181,0.19225,0.02,0.02
2013.07.10 07:06:41.735,0.19183,0.19228,0.02,0.02
2013.07.10 07:06:42.134,0.19183,0.19228,0.03,0.02
2013.07.10 07:06:42.666,0.19184,0.19229,0.03,0.02
2013.07.10 07:06:42.896,0.19183,0.19228,0.02,0.02
2013.07.10 07:06:43.436,0.19183,0.19227,0.02,0.02
2013.07.10 07:06:43.496,0.19176,0.19221,0.03,0.02
2013.07.10 07:06:43.891,0.19176,0.19221,0.02,0.03
2013.07.10 07:06:44.066,0.19172,0.19217,0.03,0.03
2013.07.10 07:06:46.076,0.19175,0.1922,0.02,0.02
2013.07.10 07:06:46.516,0.19174,0.19218,0.02,0.02
2013.07.10 07:06:47.356,0.19171,0.19216,0.03,0.02
2013.07.10 07:06:48.686,0.19172,0.19217,0.03,0.02
2013.07.10 07:06:48.746,0.19175,0.1922,0.02,0.02
2013.07.10 07:06:49.292,0.19174,0.19219,0.02,0.02
2013.07.10 07:06:50.544,0.19174,0.19217,0.02,0.02
2013.07.10 07:06:50.756,0.19171,0.19216,0.03,0.02
2013.07.10 07:06:51.786,0.19166,0.19211,0.03,0.02
2013.07.10 07:06:52.613,0.19172,0.19211,0.02,0.02
2013.07.10 07:06:52.727,0.19171,0.19212,0.02,0.02
2013.07.10 07:06:52.847,0.19173,0.19217,0.02,0.02
2013.07.10 07:06:53.392,0.19172,0.19217,0.03,0.04
2013.07.10 07:06:56.597,0.19171,0.19216,0.03,0.02
2013.07.10 07:06:58.639,0.19172,0.19217,0.03,0.03
2013.07.10 07:07:07.505,0.19172,0.19217,0.03,0.02
2013.07.10 07:07:07.747,0.19175,0.1922,0.03,0.02
2013.07.10 07:07:08.506,0.19176,0.19221,0.03,0.02
2013.07.10 07:07:09.047,0.19175,0.1922,0.03,0.02
2013.07.10 07:07:10.936,0.19176,0.19221,0.03,0.02
2013.07.10 07:07:11.056,0.19179,0.19224,0.02,0.02
2013.07.10 07:07:11.286,0.19179,0.19224,0.03,0.02
2013.07.10 07:07:11.993,0.1918,0.19225,0.03,0.02
2013.07.10 07:07:12.766,0.1918,0.19225,0.02,0.02
2013.07.10 07:07:13.313,0.19179,0.19224,0.02,0.02
2013.07.10 07:07:15.183,0.19179,0.19224,0.03,0.02
2013.07.10 07:07:16.422,0.1918,0.19225,0.03,0.02
2013.07.10 07:07:18.584,0.1918,0.19225,0.02,0.02
2013.07.10 07:07:19.373,0.19179,0.19224,0.02,0.02
2013.07.10 07:07:23.056,0.19179,0.19224,0.02,0.03
2013.07.10 07:07:23.530,0.19179,0.19224,0.02,0.02
2013.07.10 07:07:24.376,0.19179,0.19224,0.03,0.02
2013.07.10 07:07:24.496,0.19185,0.1923,0.03,0.02
2013.07.10 07:07:26.520,0.19185,0.1923,0.02,0.02
2013.07.10 07:07:27.594,0.19185,0.1923,0.03,0.02
2013.07.10 07:07:27.787,0.19185,0.1923,0.02,0.02
2013.07.10 07:07:28.874,0.19186,0.1923,0.02,0.02
2013.07.10 07:07:29.633,0.19186,0.19231,0.03,0.02
2013.07.10 07:07:32.356,0.19189,0.19234,0.02,0.03
2013.07.10 07:07:33.396,0.19188,0.19233,0.02,0.03
2013.07.10 07:07:34.074,0.19188,0.19233,0.02,0.02
2013.07.10 07:07:34.702,0.19188,0.19233,0.02,0.03
2013.07.10 07:07:35.404,0.19186,0.19231,0.05,0.02
2013.07.10 07:07:36.626,0.19191,0.19232,0.02,0.02
2013.07.10 07:07:36.686,0.19191,0.19236,0.03,0.02
2013.07.10 07:07:37.228,0.19192,0.19237,0.03,0.03
2013.07.10 07:07:42.569,0.19196,0.19237,0.02,0.02
2013.07.10 07:07:42.758,0.19191,0.19242,0.03,0.02
2013.07.10 07:07:42.817,0.19195,0.1924,0.03,0.02
2013.07.10 07:07:45.217,0.19197,0.19242,0.03,0.03
2013.07.10 07:07:45.476,0.192,0.19245,0.02,0.03
2013.07.10 07:07:46.136,0.192,0.19245,0.03,0.02
2013.07.10 07:07:46.316,0.19204,0.19249,0.02,0.02
2013.07.10 07:07:46.376,0.19208,0.19253,0.02,0.02
2013.07.10 07:07:46.436,0.19231,0.19284,0.02,0.02
2013.07.10 07:07:46.556,0.19231,0.19287,0.03,0.03
2013.07.10 07:07:46.736,0.19226,0.19301,0.02,0.02
2013.07.10 07:07:46.796,0.19242,0.19317,0.02,0.02
2013.07.10 07:07:47.156,0.19257,0.19332,0.02,0.02
2013.07.10 07:07:47.368,0.19251,0.19326,0.02,0.02
2013.07.10 07:07:47.726,0.19248,0.19323,0.02,0.02
2013.07.10 07:07:48.027,0.19266,0.19311,0.02,0.02
2013.07.10 07:07:48.348,0.19261,0.19306,0.02,0.02
2013.07.10 07:07:48.657,0.1925,0.19295,0.03,0.02
2013.07.10 07:07:48.717,0.1925,0.19295,0.02,0.02
2013.07.10 07:07:48.837,0.1925,0.19295,0.03,0.02
2013.07.10 07:07:49.197,0.1925,0.19295,0.02,0.02
2013.07.10 07:07:49.457,0.19252,0.19297,0.02,0.04
2013.07.10 07:07:49.817,0.19252,0.19297,0.02,0.05
2013.07.10 07:07:49.877,0.1925,0.19295,0.02,0.02
2013.07.10 07:07:50.397,0.19251,0.19296,0.02,0.02
2013.07.10 07:07:50.517,0.19251,0.19296,0.02,0.03
2013.07.10 07:07:50.576,0.19251,0.19296,0.02,0.02
2013.07.10 07:07:50.997,0.19249,0.19294,0.02,0.03
2013.07.10 07:07:51.137,0.19249,0.19294,0.02,0.02
2013.07.10 07:07:51.712,0.1925,0.19295,0.03,0.02
2013.07.10 07:07:51.921,0.1925,0.19295,0.02,0.02
2013.07.10 07:07:52.467,0.1925,0.19295,0.03,0.02
2013.07.10 07:07:52.657,0.1925,0.19295,0.02,0.02
2013.07.10 07:07:53.216,0.19249,0.19294,0.02,0.02
2013.07.10 07:07:53.277,0.19249,0.19294,0.02,0.03
2013.07.10 07:07:53.398,0.19246,0.19291,0.02,0.02
2013.07.10 07:07:53.526,0.19243,0.19288,0.02,0.02
2013.07.10 07:07:54.056,0.19243,0.19288,0.02,0.03
2013.07.10 07:07:54.368,0.19245,0.1929,0.03,0.02
2013.07.10 07:07:54.787,0.1925,0.19295,0.02,0.02
2013.07.10 07:07:54.892,0.1925,0.19295,0.02,0.03
2013.07.10 07:07:55.017,0.19248,0.19293,0.02,0.03
2013.07.10 07:07:55.628,0.19246,0.19291,0.02,0.03
2013.07.10 07:07:55.907,0.19243,0.19288,0.02,0.03
2013.07.10 07:07:56.088,0.1924,0.19285,0.02,0.03
2013.07.10 07:07:56.217,0.1924,0.19285,0.02,0.02
2013.07.10 07:07:56.375,0.1924,0.19285,0.02,0.03
2013.07.10 07:07:56.627,0.19237,0.19282,0.03,0.03
2013.07.10 07:07:56.881,0.19237,0.19282,0.02,0.03
2013.07.10 07:07:57.676,0.19233,0.19278,0.02,0.03
2013.07.10 07:07:58.229,0.19234,0.19279,0.02,0.03
2013.07.10 07:07:58.736,0.19233,0.19278,0.02,0.03
2013.07.10 07:07:58.944,0.19234,0.19279,0.02,0.02
2013.07.10 07:07:59.006,0.19234,0.19279,0.02,0.03
2013.07.10 07:07:59.524,0.19233,0.19278,0.02,0.03
2013.07.10 07:08:00.109,0.19233,0.19278,0.02,0.02
2013.07.10 07:08:00.416,0.19235,0.1928,0.02,0.02
2013.07.10 07:08:00.746,0.19234,0.19279,0.02,0.03
2013.07.10 07:08:01.157,0.19234,0.19279,0.02,0.02
2013.07.10 07:08:01.265,0.19234,0.19279,0.02,0.03
2013.07.10 07:08:01.527,0.19232,0.19277,0.03,0.03
2013.07.10 07:08:02.416,0.19234,0.19279,0.02,0.03
2013.07.10 07:08:02.687,0.19231,0.19276,0.03,0.02
2013.07.10 07:08:04.091,0.19231,0.19272,0.02,0.02
2013.07.10 07:08:04.216,0.19225,0.1927,0.02,0.02
2013.07.10 07:08:04.824,0.19225,0.1927,0.02,0.03
2013.07.10 07:08:04.946,0.19225,0.1927,0.02,0.02
2013.07.10 07:08:05.237,0.19224,0.19269,0.02,0.03
2013.07.10 07:08:06.076,0.19221,0.19266,0.03,0.02
2013.07.10 07:08:06.585,0.1922,0.19265,0.03,0.02
2013.07.10 07:08:06.707,0.1922,0.19265,0.02,0.03
2013.07.10 07:08:06.766,0.19218,0.19263,0.02,0.03
2013.07.10 07:08:07.306,0.19216,0.19261,0.02,0.02
2013.07.10 07:08:08.133,0.19216,0.19261,0.02,0.03
2013.07.10 07:08:08.377,0.19214,0.19259,0.02,0.03
2013.07.10 07:08:08.496,0.19211,0.19256,0.03,0.02
2013.07.10 07:08:08.616,0.19214,0.19259,0.02,0.03
2013.07.10 07:08:08.809,0.19212,0.19257,0.03,0.03
2013.07.10 07:08:09.256,0.1921,0.19255,0.02,0.02
2013.07.10 07:08:09.559,0.19206,0.19251,0.03,0.02
2013.07.10 07:08:11.076,0.19206,0.19251,0.02,0.03
2013.07.10 07:08:11.622,0.19205,0.1925,0.02,0.03
2013.07.10 07:08:11.690,0.19206,0.1925,0.02,0.02
2013.07.10 07:08:11.869,0.19207,0.19252,0.03,0.04
2013.07.10 07:08:14.868,0.19207,0.19252,0.03,0.02
2013.07.10 07:08:15.083,0.19207,0.19252,0.03,0.04
2013.07.10 07:08:15.263,0.19209,0.19252,0.02,0.02
2013.07.10 07:08:15.606,0.19209,0.19254,0.03,0.02
2013.07.10 07:08:15.726,0.19212,0.19257,0.03,0.04
2013.07.10 07:08:16.006,0.19212,0.19257,0.02,0.05
2013.07.10 07:08:16.136,0.19207,0.19252,0.03,0.03
2013.07.10 07:08:16.376,0.1921,0.19255,0.02,0.02
2013.07.10 07:08:16.813,0.1921,0.19255,0.02,0.03
2013.07.10 07:08:16.888,0.19207,0.19252,0.03,0.03
2013.07.10 07:08:16.947,0.19207,0.19252,0.02,0.05
2013.07.10 07:08:17.066,0.19205,0.1925,0.02,0.03
2013.07.10 07:08:17.256,0.19202,0.19247,0.03,0.03
2013.07.10 07:08:17.676,0.19204,0.19249,0.02,0.03
2013.07.10 07:08:18.226,0.19203,0.19248,0.02,0.03
2013.07.10 07:08:18.943,0.19201,0.19246,0.03,0.02
2013.07.10 07:08:20.286,0.19199,0.19244,0.02,0.02
2013.07.10 07:08:20.406,0.19201,0.19246,0.03,0.02
2013.07.10 07:08:21.406,0.19204,0.19249,0.02,0.02
2013.07.10 07:08:21.495,0.19204,0.19249,0.03,0.02
2013.07.10 07:08:21.677,0.19206,0.19251,0.03,0.02
2013.07.10 07:08:21.737,0.19206,0.19251,0.02,0.03
2013.07.10 07:08:21.817,0.19204,0.19249,0.02,0.03
2013.07.10 07:08:23.559,0.19204,0.19249,0.03,0.02
2013.07.10 07:08:23.696,0.19204,0.19249,0.02,0.02
2013.07.10 07:08:23.756,0.19206,0.19251,0.02,0.02
2013.07.10 07:08:24.086,0.19206,0.19251,0.02,0.03
2013.07.10 07:08:24.176,0.19206,0.19251,0.02,0.02
2013.07.10 07:08:24.696,0.19206,0.19251,0.03,0.02
2013.07.10 07:08:25.366,0.19208,0.19253,0.02,0.02
2013.07.10 07:08:25.720,0.19208,0.19253,0.03,0.02
2013.07.10 07:08:25.837,0.1921,0.19255,0.03,0.02
2013.07.10 07:08:26.122,0.1921,0.19255,0.02,0.02
2013.07.10 07:08:26.256,0.1921,0.19255,0.03,0.02
2013.07.10 07:08:26.376,0.1921,0.19255,0.02,0.02
2013.07.10 07:08:26.756,0.1921,0.19255,0.03,0.02
2013.07.10 07:08:26.942,0.1921,0.19255,0.02,0.02
2013.07.10 07:08:27.896,0.1921,0.19255,0.03,0.02
2013.07.10 07:08:28.546,0.1921,0.19255,0.02,0.03
2013.07.10 07:08:28.696,0.1921,0.19255,0.02,0.02
2013.07.10 07:08:28.878,0.19208,0.19253,0.02,0.02
2013.07.10 07:08:29.226,0.19211,0.19256,0.03,0.02
2013.07.10 07:08:30.307,0.19213,0.19258,0.02,0.03
2013.07.10 07:08:30.988,0.19216,0.19258,0.02,0.02
2013.07.10 07:08:31.206,0.19217,0.19262,0.03,0.03
2013.07.10 07:08:31.516,0.19221,0.19266,0.03,0.02
2013.07.10 07:08:31.637,0.19221,0.19266,0.03,0.02
2013.07.10 07:08:31.817,0.19224,0.19269,0.02,0.02
2013.07.10 07:08:32.056,0.19225,0.1927,0.03,0.02
2013.07.10 07:08:32.176,0.19227,0.19272,0.03,0.03
2013.07.10 07:08:34.896,0.19225,0.1927,0.02,0.02
2013.07.10 07:08:36.253,0.19225,0.1927,0.03,0.02
2013.07.10 07:08:36.973,0.19226,0.19271,0.03,0.02
2013.07.10 07:08:39.116,0.19226,0.19267,0.02,0.02
2013.07.10 07:08:39.237,0.19223,0.19267,0.02,0.02
2013.07.10 07:08:39.356,0.19221,0.19266,0.02,0.02
2013.07.10 07:08:39.992,0.19222,0.19267,0.02,0.03
2013.07.10 07:08:40.202,0.19226,0.19267,0.02,0.02
2013.07.10 07:08:40.376,0.19227,0.19272,0.03,0.03
2013.07.10 07:08:41.446,0.19226,0.19271,0.03,0.02
2013.07.10 07:08:42.127,0.19226,0.19271,0.02,0.02
2013.07.10 07:08:42.628,0.19225,0.1927,0.02,0.02
2013.07.10 07:08:42.686,0.19225,0.1927,0.02,0.03
2013.07.10 07:08:42.746,0.19223,0.19268,0.02,0.03
2013.07.10 07:08:45.968,0.19223,0.19268,0.02,0.02
2013.07.10 07:08:46.427,0.19225,0.1927,0.02,0.02
2013.07.10 07:08:46.975,0.19224,0.19269,0.02,0.02
2013.07.10 07:08:47.276,0.19222,0.19267,0.03,0.03
2013.07.10 07:08:50.041,0.19222,0.19267,0.02,0.05
2013.07.10 07:08:50.097,0.1922,0.19265,0.02,0.03
2013.07.10 07:08:50.216,0.19215,0.1926,0.02,0.02
2013.07.10 07:08:52.726,0.19215,0.1926,0.03,0.02
2013.07.10 07:08:53.132,0.19219,0.19264,0.02,0.03
2013.07.10 07:08:53.287,0.19217,0.19262,0.02,0.03
2013.07.10 07:08:53.346,0.19215,0.1926,0.02,0.02
2013.07.10 07:08:53.763,0.19218,0.19263,0.02,0.02
2013.07.10 07:08:54.297,0.19218,0.19263,0.02,0.03
2013.07.10 07:08:54.806,0.19216,0.19261,0.03,0.02
2013.07.10 07:08:54.926,0.19218,0.19263,0.02,0.02
2013.07.10 07:08:55.126,0.19218,0.19263,0.03,0.02
2013.07.10 07:08:55.188,0.19224,0.19269,0.02,0.03
2013.07.10 07:08:56.196,0.19222,0.19267,0.03,0.03
2013.07.10 07:08:58.584,0.19222,0.19267,0.02,0.05
2013.07.10 07:08:58.706,0.1922,0.19265,0.02,0.03
2013.07.10 07:08:58.826,0.19217,0.19262,0.03,0.03
2013.07.10 07:08:58.976,0.19219,0.19264,0.02,0.02
2013.07.10 07:08:59.526,0.19219,0.19264,0.03,0.02
2013.07.10 07:08:59.586,0.19221,0.19266,0.03,0.02
2013.07.10 07:08:59.766,0.19221,0.19266,0.02,0.03
2013.07.10 07:08:59.826,0.19217,0.19262,0.03,0.03
2013.07.10 07:09:00.343,0.19216,0.19261,0.02,0.02
2013.07.10 07:09:00.816,0.19219,0.19264,0.02,0.02
2013.07.10 07:09:03.004,0.19219,0.19264,0.02,0.03
2013.07.10 07:09:04.486,0.19218,0.19263,0.02,0.03
2013.07.10 07:09:05.026,0.19217,0.19262,0.03,0.03
2013.07.10 07:09:05.447,0.19215,0.1926,0.02,0.02
2013.07.10 07:09:07.006,0.19215,0.1926,0.02,0.03
2013.07.10 07:09:07.626,0.19212,0.19257,0.03,0.03
2013.07.10 07:09:09.316,0.19211,0.19256,0.02,0.02
2013.07.10 07:09:09.934,0.1921,0.19255,0.02,0.02
2013.07.10 07:09:10.416,0.1921,0.19255,0.03,0.02
2013.07.10 07:09:10.597,0.19214,0.19259,0.02,0.02
2013.07.10 07:09:12.191,0.19214,0.19259,0.03,0.02
2013.07.10 07:09:12.993,0.19215,0.1926,0.03,0.02
2013.07.10 07:09:13.132,0.19215,0.1926,0.02,0.02
2013.07.10 07:09:15.366,0.19215,0.1926,0.02,0.03
2013.07.10 07:09:16.206,0.19214,0.19259,0.02,0.03
2013.07.10 07:09:16.636,0.19212,0.19257,0.02,0.03
2013.07.10 07:09:17.315,0.19211,0.19256,0.02,0.02
2013.07.10 07:09:17.866,0.1921,0.19255,0.02,0.02
2013.07.10 07:09:17.990,0.1921,0.19252,0.02,0.02
2013.07.10 07:09:18.047,0.19208,0.19252,0.02,0.02
2013.07.10 07:09:19.826,0.19208,0.19253,0.02,0.02
2013.07.10 07:09:20.327,0.19211,0.19254,0.02,0.02
2013.07.10 07:09:20.576,0.19215,0.1926,0.02,0.02
2013.07.10 07:09:21.487,0.19215,0.1926,0.02,0.03
2013.07.10 07:09:21.606,0.19219,0.19262,0.02,0.02
2013.07.10 07:09:21.666,0.19212,0.19257,0.03,0.02
2013.07.10 07:09:21.727,0.19215,0.1926,0.02,0.02
2013.07.10 07:09:24.989,0.19215,0.1926,0.03,0.02
2013.07.10 07:09:25.117,0.19217,0.19262,0.03,0.03
2013.07.10 07:09:25.356,0.19215,0.1926,0.02,0.02
2013.07.10 07:09:26.854,0.19216,0.1926,0.02,0.02
2013.07.10 07:09:26.976,0.1922,0.19265,0.02,0.02
2013.07.10 07:09:27.167,0.1922,0.19265,0.02,0.03
2013.07.10 07:09:27.327,0.19218,0.19263,0.02,0.03
2013.07.10 07:09:27.953,0.19217,0.19262,0.03,0.03
2013.07.10 07:09:28.207,0.19215,0.1926,0.02,0.02
2013.07.10 07:09:30.067,0.19215,0.1926,0.02,0.03
2013.07.10 07:09:31.461,0.19215,0.1926,0.02,0.02
2013.07.10 07:09:31.517,0.19216,0.1926,0.02,0.02
2013.07.10 07:09:31.697,0.1922,0.19265,0.02,0.02
2013.07.10 07:09:31.757,0.1922,0.19265,0.02,0.03
2013.07.10 07:09:31.816,0.19216,0.19261,0.03,0.02
2013.07.10 07:09:31.996,0.19219,0.19264,0.02,0.03
2013.07.10 07:09:32.135,0.19219,0.19264,0.02,0.02
2013.07.10 07:09:32.376,0.19219,0.19264,0.02,0.03
2013.07.10 07:09:32.436,0.19216,0.19261,0.03,0.02
2013.07.10 07:09:32.739,0.19219,0.19264,0.02,0.03
2013.07.10 07:09:34.036,0.19216,0.19261,0.02,0.02
2013.07.10 07:09:36.108,0.19215,0.1926,0.02,0.02
2013.07.10 07:09:39.277,0.19216,0.1926,0.02,0.02
2013.07.10 07:09:39.336,0.19219,0.19264,0.02,0.02
2013.07.10 07:09:39.482,0.19219,0.19264,0.02,0.03
2013.07.10 07:09:40.497,0.19217,0.19262,0.02,0.03
2013.07.10 07:09:40.694,0.19215,0.1926,0.02,0.02
2013.07.10 07:09:41.047,0.19217,0.19262,0.02,0.03
2013.07.10 07:09:41.406,0.1922,0.19265,0.02,0.02
2013.07.10 07:09:44.086,0.19221,0.19265,0.02,0.02
2013.07.10 07:09:44.146,0.19222,0.19267,0.03,0.03
2013.07.10 07:09:45.548,0.19221,0.19266,0.03,0.02
2013.07.10 07:09:46.038,0.19221,0.19262,0.02,0.02
2013.07.10 07:09:46.096,0.19219,0.19262,0.02,0.02
2013.07.10 07:09:46.376,0.1922,0.19265,0.02,0.02
2013.07.10 07:09:47.077,0.1922,0.19265,0.03,0.02
2013.07.10 07:09:47.196,0.19222,0.19267,0.03,0.03
2013.07.10 07:09:48.277,0.1922,0.19265,0.03,0.02
2013.07.10 07:09:49.157,0.19221,0.19266,0.03,0.02
2013.07.10 07:09:52.352,0.19221,0.19266,0.02,0.02
2013.07.10 07:09:52.876,0.1922,0.19265,0.02,0.02
2013.07.10 07:09:53.316,0.1922,0.19265,0.02,0.03
2013.07.10 07:09:53.617,0.19217,0.19262,0.03,0.03
2013.07.10 07:09:54.276,0.1922,0.19265,0.02,0.03
2013.07.10 07:09:55.876,0.1922,0.19265,0.02,0.02
2013.07.10 07:09:56.681,0.1922,0.19265,0.03,0.02
2013.07.10 07:09:57.395,0.19221,0.19266,0.03,0.02
2013.07.10 07:09:58.836,0.19221,0.19266,0.02,0.02
2013.07.10 07:09:59.251,0.19221,0.19266,0.02,0.03
2013.07.10 07:09:59.362,0.19218,0.19263,0.02,0.03
2013.07.10 07:10:00.797,0.19218,0.19263,0.02,0.02
2013.07.10 07:10:00.917,0.19226,0.19267,0.02,0.02
2013.07.10 07:10:00.985,0.1923,0.19275,0.02,0.02
2013.07.10 07:10:01.472,0.19231,0.19275,0.02,0.02
2013.07.10 07:10:01.646,0.19235,0.1928,0.02,0.02
2013.07.10 07:10:02.117,0.19236,0.1928,0.02,0.02
2013.07.10 07:10:02.236,0.19237,0.19282,0.03,0.03
2013.07.10 07:10:02.436,0.1924,0.19285,0.02,0.02
2013.07.10 07:10:02.766,0.19235,0.1928,0.02,0.02
2013.07.10 07:10:03.256,0.19235,0.1928,0.02,0.03
2013.07.10 07:10:03.407,0.1923,0.19275,0.02,0.02
2013.07.10 07:10:03.607,0.1923,0.19275,0.03,0.02
2013.07.10 07:10:03.766,0.19232,0.19277,0.03,0.03
2013.07.10 07:10:04.607,0.19232,0.19277,0.02,0.03
2013.07.10 07:10:04.746,0.1923,0.19275,0.02,0.02
2013.07.10 07:10:05.303,0.1923,0.19275,0.02,0.03
2013.07.10 07:10:05.476,0.19228,0.19273,0.02,0.03
2013.07.10 07:10:06.396,0.19228,0.19268,0.02,0.02
2013.07.10 07:10:06.456,0.19221,0.19266,0.03,0.02
2013.07.10 07:10:07.016,0.19221,0.19266,0.02,0.02
2013.07.10 07:10:07.552,0.19221,0.19266,0.03,0.02
2013.07.10 07:10:08.107,0.19222,0.19267,0.03,0.03
2013.07.10 07:10:08.401,0.19225,0.1927,0.02,0.02
2013.07.10 07:10:09.646,0.19224,0.19269,0.02,0.02
2013.07.10 07:10:10.196,0.19225,0.1927,0.02,0.02
2013.07.10 07:10:10.653,0.19228,0.19273,0.02,0.02
2013.07.10 07:10:11.934,0.19228,0.19273,0.02,0.03
2013.07.10 07:10:12.046,0.19225,0.1927,0.02,0.02
2013.07.10 07:10:12.246,0.19225,0.1927,0.03,0.02
2013.07.10 07:10:12.456,0.19227,0.19272,0.03,0.03
2013.07.10 07:10:12.976,0.19226,0.19271,0.03,0.02
2013.07.10 07:10:13.506,0.19226,0.19271,0.02,0.02
2013.07.10 07:10:14.980,0.19225,0.1927,0.02,0.02
2013.07.10 07:10:15.744,0.19225,0.1927,0.02,0.03
2013.07.10 07:10:16.006,0.19223,0.19268,0.02,0.03
2013.07.10 07:10:16.498,0.19225,0.1927,0.02,0.03
2013.07.10 07:10:16.772,0.19225,0.1927,0.02,0.02
2013.07.10 07:10:17.343,0.19226,0.19271,0.02,0.02
2013.07.10 07:10:18.530,0.19226,0.19271,0.03,0.02
2013.07.10 07:10:18.647,0.19231,0.19272,0.02,0.02
2013.07.10 07:10:18.707,0.19231,0.19274,0.02,0.02
2013.07.10 07:10:18.826,0.19232,0.19277,0.03,0.03
2013.07.10 07:10:18.886,0.19232,0.19277,0.02,0.04
2013.07.10 07:10:18.948,0.1923,0.19275,0.02,0.03
2013.07.10 07:10:19.007,0.19225,0.1927,0.02,0.02
2013.07.10 07:10:19.997,0.19225,0.1927,0.03,0.02
2013.07.10 07:10:20.117,0.19225,0.1927,0.02,0.02
2013.07.10 07:10:23.209,0.19225,0.1927,0.02,0.03
2013.07.10 07:10:23.697,0.19223,0.19268,0.02,0.03
2013.07.10 07:10:26.226,0.19223,0.19268,0.02,0.02
2013.07.10 07:10:26.307,0.19225,0.1927,0.02,0.02
2013.07.10 07:10:27.441,0.19225,0.1927,0.02,0.03
2013.07.10 07:10:27.627,0.19223,0.19268,0.02,0.03
2013.07.10 07:10:28.096,0.19225,0.1927,0.02,0.03
2013.07.10 07:10:28.927,0.19225,0.1927,0.02,0.02
2013.07.10 07:10:30.576,0.19229,0.19274,0.02,0.03
2013.07.10 07:10:35.166,0.19226,0.19271,0.03,0.02
2013.07.10 07:10:41.007,0.19229,0.19274,0.02,0.03
2013.07.10 07:10:42.702,0.19227,0.19272,0.03,0.03
2013.07.10 07:10:45.670,0.19225,0.1927,0.02,0.02
2013.07.10 07:10:46.826,0.19225,0.1927,0.03,0.02
2013.07.10 07:10:47.343,0.19226,0.19271,0.03,0.02
2013.07.10 07:10:50.677,0.19226,0.19271,0.02,0.03
2013.07.10 07:10:50.978,0.19223,0.19268,0.02,0.03
2013.07.10 07:10:51.309,0.19225,0.1927,0.02,0.03
2013.07.10 07:10:51.786,0.19227,0.1927,0.02,0.02
2013.07.10 07:10:52.017,0.1923,0.19275,0.02,0.03
2013.07.10 07:10:55.298,0.19226,0.19271,0.02,0.02
2013.07.10 07:10:57.939,0.19226,0.19271,0.03,0.02
2013.07.10 07:11:00.039,0.1923,0.19275,0.02,0.02
2013.07.10 07:11:13.166,0.19231,0.19275,0.02,0.02
2013.07.10 07:11:13.294,0.19232,0.19277,0.03,0.02
2013.07.10 07:11:13.417,0.19235,0.1928,0.02,0.03
2013.07.10 07:11:13.686,0.19231,0.19276,0.03,0.02
2013.07.10 07:11:14.084,0.19231,0.19276,0.02,0.03
2013.07.10 07:11:14.196,0.19229,0.19274,0.02,0.03
2013.07.10 07:11:14.274,0.19226,0.19271,0.03,0.02
2013.07.10 07:11:14.627,0.1923,0.19275,0.02,0.02
2013.07.10 07:11:14.746,0.19228,0.19273,0.02,0.02
2013.07.10 07:11:16.367,0.1923,0.19275,0.02,0.02
2013.07.10 07:11:17.403,0.1923,0.19275,0.02,0.03
2013.07.10 07:11:22.377,0.19229,0.19268,0.02,0.02
2013.07.10 07:11:22.663,0.19226,0.19268,0.02,0.02
2013.07.10 07:11:22.999,0.19223,0.19268,0.02,0.03
2013.07.10 07:11:24.737,0.19221,0.19266,0.02,0.02
2013.07.10 07:11:25.533,0.1922,0.19265,0.02,0.02
2013.07.10 07:11:27.031,0.1922,0.19265,0.02,0.03
2013.07.10 07:11:27.146,0.19218,0.19263,0.02,0.03
2013.07.10 07:11:27.361,0.1922,0.19265,0.02,0.02
2013.07.10 07:11:33.386,0.1922,0.19265,0.02,0.03
2013.07.10 07:11:33.446,0.1922,0.19265,0.02,0.02
2013.07.10 07:11:33.567,0.19218,0.19263,0.02,0.02
2013.07.10 07:11:34.003,0.1922,0.19265,0.02,0.02
2013.07.10 07:11:35.957,0.19222,0.19267,0.02,0.03
2013.07.10 07:11:36.984,0.1922,0.19265,0.02,0.02
2013.07.10 07:11:37.417,0.1922,0.19265,0.02,0.03
2013.07.10 07:11:37.515,0.1922,0.19265,0.02,0.02
2013.07.10 07:11:38.026,0.1922,0.19265,0.02,0.03
2013.07.10 07:11:41.109,0.1922,0.19265,0.02,0.02
2013.07.10 07:11:41.822,0.1922,0.19265,0.02,0.03
2013.07.10 07:11:42.125,0.1922,0.19265,0.02,0.02
2013.07.10 07:11:53.941,0.1922,0.19265,0.02,0.03
2013.07.10 07:11:54.737,0.1922,0.19265,0.02,0.02
2013.07.10 07:11:56.327,0.19221,0.19266,0.02,0.02
2013.07.10 07:11:57.616,0.19221,0.19266,0.03,0.02
2013.07.10 07:11:58.363,0.19221,0.19266,0.02,0.02
2013.07.10 07:12:01.266,0.19222,0.19266,0.02,0.02
2013.07.10 07:12:01.386,0.19223,0.19268,0.02,0.02
2013.07.10 07:12:01.447,0.19228,0.19273,0.02,0.02
2013.07.10 07:12:02.538,0.1923,0.19275,0.02,0.02
2013.07.10 07:12:06.039,0.19228,0.19273,0.02,0.02
2013.07.10 07:12:06.469,0.19225,0.1927,0.02,0.02
2013.07.10 07:12:11.547,0.19228,0.19273,0.02,0.02
2013.07.10 07:12:15.487,0.19229,0.19274,0.02,0.02
2013.07.10 07:12:18.067,0.19231,0.19274,0.02,0.02
2013.07.10 07:12:18.307,0.19235,0.1928,0.02,0.02
2013.07.10 07:12:20.077,0.19235,0.1928,0.02,0.03
2013.07.10 07:12:20.137,0.1923,0.19275,0.02,0.02
2013.07.10 07:12:22.997,0.19231,0.19276,0.02,0.02
2013.07.10 07:12:23.337,0.19235,0.1928,0.02,0.02
2013.07.10 07:12:27.880,0.19235,0.1928,0.03,0.02
2013.07.10 07:12:28.057,0.19238,0.19283,0.02,0.03
2013.07.10 07:12:28.722,0.19237,0.19282,0.02,0.03
2013.07.10 07:12:29.377,0.19239,0.19284,0.02,0.03
2013.07.10 07:12:32.924,0.19239,0.19284,0.02,0.02
2013.07.10 07:12:33.752,0.1924,0.19285,0.02,0.02
2013.07.10 07:12:36.047,0.1924,0.19285,0.02,0.03
2013.07.10 07:12:36.167,0.19238,0.19283,0.02,0.03
2013.07.10 07:12:36.348,0.19235,0.1928,0.02,0.02
2013.07.10 07:12:38.784,0.19238,0.19283,0.02,0.02
2013.07.10 07:12:39.879,0.19238,0.19282,0.02,0.02
2013.07.10 07:12:39.997,0.19236,0.19281,0.02,0.02
2013.07.10 07:12:40.057,0.19233,0.19278,0.02,0.02
2013.07.10 07:12:44.186,0.19232,0.19277,0.02,0.02
2013.07.10 07:12:47.277,0.19233,0.19278,0.02,0.02
2013.07.10 07:12:47.735,0.19238,0.19283,0.02,0.02
2013.07.10 07:12:48.656,0.19238,0.19283,0.02,0.03
2013.07.10 07:12:48.851,0.19235,0.1928,0.02,0.02
2013.07.10 07:12:54.297,0.19234,0.19279,0.02,0.02
2013.07.10 07:12:55.712,0.19232,0.19277,0.02,0.02
2013.07.10 07:12:59.786,0.19234,0.19279,0.02,0.02
2013.07.10 07:13:00.368,0.19235,0.1928,0.02,0.02
2013.07.10 07:13:01.967,0.19234,0.19279,0.02,0.02
2013.07.10 07:13:02.335,0.1923,0.19275,0.02,0.02
2013.07.10 07:13:03.223,0.19233,0.19278,0.02,0.02
2013.07.10 07:13:04.097,0.1923,0.19275,0.02,0.02
2013.07.10 07:13:25.796,0.19228,0.19273,0.02,0.02
2013.07.10 07:13:26.194,0.1923,0.19275,0.02,0.02
2013.07.10 07:13:36.417,0.1923,0.19275,0.02,0.03
2013.07.10 07:13:36.477,0.19225,0.1927,0.02,0.02
2013.07.10 07:13:41.347,0.19228,0.19273,0.02,0.02
2013.07.10 07:13:41.813,0.19225,0.1927,0.02,0.02
2013.07.10 07:13:44.048,0.19228,0.19273,0.02,0.02
2013.07.10 07:13:45.619,0.19228,0.19273,0.02,0.03
2013.07.10 07:13:45.803,0.19225,0.1927,0.02,0.02
2013.07.10 07:13:46.543,0.19225,0.1927,0.03,0.02
2013.07.10 07:13:47.059,0.19226,0.19271,0.03,0.02
2013.07.10 07:13:48.067,0.19229,0.19274,0.02,0.02
2013.07.10 07:13:56.719,0.19229,0.19274,0.02,0.03
2013.07.10 07:13:56.897,0.19227,0.19272,0.03,0.03
2013.07.10 07:13:58.028,0.19229,0.19274,0.02,0.02
2013.07.10 07:14:18.700,0.19229,0.19274,0.02,0.03
2013.07.10 07:14:18.817,0.19229,0.19274,0.02,0.02
2013.07.10 07:14:20.572,0.19229,0.19274,0.02,0.03
2013.07.10 07:14:20.777,0.19229,0.19274,0.02,0.02
2013.07.10 07:14:23.537,0.19229,0.19272,0.02,0.02
2013.07.10 07:14:23.597,0.19227,0.19272,0.03,0.03
2013.07.10 07:14:26.631,0.19226,0.19271,0.02,0.02
2013.07.10 07:14:28.667,0.19226,0.19271,0.03,0.02
2013.07.10 07:14:28.727,0.19229,0.19274,0.02,0.02
2013.07.10 07:14:28.787,0.19229,0.19273,0.02,0.02
2013.07.10 07:14:29.027,0.19225,0.1927,0.02,0.02
2013.07.10 07:14:29.900,0.19225,0.1927,0.03,0.02
2013.07.10 07:14:30.047,0.19227,0.19272,0.03,0.04
2013.07.10 07:14:32.437,0.19229,0.19273,0.02,0.02
2013.07.10 07:14:33.777,0.19229,0.19274,0.02,0.02
2013.07.10 07:14:36.068,0.19229,0.19274,0.03,0.02
2013.07.10 07:14:36.334,0.19232,0.19277,0.03,0.04
2013.07.10 07:14:38.797,0.19235,0.1928,0.02,0.02
2013.07.10 07:14:41.877,0.19233,0.19278,0.02,0.02
2013.07.10 07:14:46.537,0.19235,0.1928,0.02,0.02
2013.07.10 07:14:50.346,0.1923,0.19275,0.02,0.02
2013.07.10 07:14:51.390,0.1923,0.19275,0.02,0.03
2013.07.10 07:14:52.657,0.19227,0.19272,0.03,0.03
2013.07.10 07:14:53.037,0.19227,0.19272,0.03,0.02
2013.07.10 07:14:53.097,0.19232,0.19277,0.03,0.02
2013.07.10 07:14:53.217,0.19234,0.19279,0.02,0.02
2013.07.10 07:14:57.557,0.19234,0.19279,0.02,0.03
2013.07.10 07:14:57.758,0.19232,0.19277,0.03,0.03
2013.07.10 07:14:58.493,0.19231,0.19276,0.03,0.02
2013.07.10 07:14:59.337,0.19231,0.19276,0.02,0.02
2013.07.10 07:14:59.867,0.1923,0.19275,0.02,0.02
2013.07.10 07:15:00.643,0.19231,0.19275,0.02,0.02
2013.07.10 07:15:01.367,0.19232,0.19277,0.03,0.03
2013.07.10 07:15:03.817,0.19234,0.19279,0.02,0.02
2013.07.10 07:15:11.065,0.19234,0.19277,0.02,0.02
2013.07.10 07:15:11.127,0.19232,0.19277,0.02,0.04
2013.07.10 07:15:11.247,0.19229,0.19274,0.02,0.02
2013.07.10 07:15:11.580,0.19229,0.19274,0.02,0.03
2013.07.10 07:15:13.027,0.19229,0.19274,0.02,0.02
2013.07.10 07:15:16.210,0.19229,0.19274,0.02,0.03
2013.07.10 07:15:19.077,0.19228,0.19272,0.02,0.02
2013.07.10 07:15:19.197,0.19226,0.19271,0.02,0.02
2013.07.10 07:15:19.667,0.19225,0.19267,0.02,0.02
2013.07.10 07:15:19.787,0.19225,0.1927,0.02,0.02
2013.07.10 07:15:20.697,0.19225,0.19268,0.02,0.02
2013.07.10 07:15:20.827,0.19223,0.19268,0.02,0.03
2013.07.10 07:15:22.433,0.19221,0.19266,0.02,0.02
2013.07.10 07:15:22.487,0.19221,0.19266,0.03,0.02
2013.07.10 07:15:22.607,0.19223,0.19268,0.03,0.02
2013.07.10 07:15:22.667,0.19226,0.19271,0.03,0.02
2013.07.10 07:15:23.207,0.19226,0.19271,0.02,0.02
2013.07.10 07:15:23.648,0.19229,0.19274,0.02,0.03
2013.07.10 07:15:23.987,0.19227,0.19272,0.03,0.03
2013.07.10 07:15:25.497,0.19225,0.1927,0.03,0.02
2013.07.10 07:15:26.487,0.19227,0.19272,0.03,0.03
2013.07.10 07:15:30.167,0.19225,0.1927,0.02,0.02
2013.07.10 07:15:30.497,0.19227,0.1927,0.02,0.02
2013.07.10 07:15:31.252,0.1923,0.19275,0.02,0.02
2013.07.10 07:15:37.117,0.19228,0.19273,0.02,0.02
2013.07.10 07:15:37.546,0.1923,0.19275,0.02,0.02
2013.07.10 07:15:38.179,0.19228,0.19273,0.02,0.02
2013.07.10 07:15:42.707,0.19229,0.19274,0.02,0.02
2013.07.10 07:15:46.684,0.19229,0.19274,0.03,0.02
2013.07.10 07:15:46.857,0.19232,0.19277,0.03,0.03
2013.07.10 07:15:49.300,0.19237,0.19277,0.02,0.02
2013.07.10 07:15:49.357,0.19237,0.19282,0.03,0.03
2013.07.10 07:15:49.477,0.1924,0.19285,0.02,0.03
2013.07.10 07:15:49.827,0.1924,0.19285,0.02,0.02
2013.07.10 07:15:49.947,0.1924,0.19283,0.02,0.02
2013.07.10 07:15:50.007,0.19238,0.19283,0.02,0.03
2013.07.10 07:15:50.732,0.19236,0.19281,0.03,0.02
2013.07.10 07:15:51.177,0.19234,0.19279,0.02,0.02
2013.07.10 07:15:52.187,0.19233,0.19278,0.02,0.02
2013.07.10 07:15:52.278,0.1923,0.19275,0.02,0.02
2013.07.10 07:15:54.925,0.1923,0.19273,0.02,0.02
2013.07.10 07:15:55.047,0.19223,0.19268,0.02,0.02
2013.07.10 07:15:55.287,0.19227,0.19268,0.02,0.02
2013.07.10 07:15:55.378,0.19226,0.19268,0.02,0.02
2013.07.10 07:15:55.497,0.19228,0.19272,0.02,0.02
2013.07.10 07:15:56.046,0.19227,0.19272,0.03,0.04
2013.07.10 07:15:56.557,0.19226,0.19271,0.03,0.02
2013.07.10 07:15:57.860,0.19227,0.19272,0.03,0.03
2013.07.10 07:16:02.477,0.19226,0.19271,0.02,0.02
2013.07.10 07:16:07.048,0.19231,0.19271,0.02,0.02
2013.07.10 07:16:07.227,0.19235,0.1928,0.02,0.02
2013.07.10 07:16:11.283,0.19234,0.19279,0.02,0.02
2013.07.10 07:16:11.358,0.1923,0.19275,0.02,0.02
2013.07.10 07:16:16.450,0.19233,0.19278,0.02,0.02
2013.07.10 07:16:20.057,0.19237,0.19282,0.02,0.02
2013.07.10 07:16:20.517,0.19235,0.1928,0.02,0.02
2013.07.10 07:16:20.843,0.19237,0.19282,0.02,0.02
2013.07.10 07:16:22.097,0.19234,0.19279,0.02,0.02
2013.07.10 07:16:22.876,0.19237,0.19282,0.02,0.02
2013.07.10 07:16:24.447,0.19238,0.19283,0.02,0.02
2013.07.10 07:16:24.797,0.19243,0.19288,0.02,0.03
2013.07.10 07:16:26.608,0.19242,0.19287,0.02,0.03
2013.07.10 07:16:27.071,0.19238,0.19283,0.02,0.02
2013.07.10 07:16:35.458,0.1924,0.19285,0.02,0.02
2013.07.10 07:16:37.835,0.1924,0.19285,0.02,0.03
2013.07.10 07:16:38.573,0.19239,0.19284,0.02,0.03
2013.07.10 07:16:39.557,0.19237,0.19282,0.02,0.04
2013.07.10 07:16:39.677,0.19233,0.19278,0.02,0.02
2013.07.10 07:16:40.223,0.19232,0.19277,0.02,0.02
2013.07.10 07:16:40.537,0.19229,0.19274,0.02,0.02
2013.07.10 07:16:44.487,0.1923,0.19275,0.02,0.02
2013.07.10 07:16:44.863,0.19233,0.19278,0.02,0.02
2013.07.10 07:16:47.297,0.19229,0.19274,0.02,0.02
2013.07.10 07:16:50.872,0.19232,0.19277,0.02,0.02
2013.07.10 07:16:54.438,0.19229,0.19274,0.02,0.02
2013.07.10 07:17:01.908,0.1923,0.19275,0.02,0.02
2013.07.10 07:17:07.227,0.19229,0.19274,0.02,0.02
2013.07.10 07:17:10.167,0.1923,0.19275,0.02,0.02
2013.07.10 07:17:14.080,0.19232,0.19275,0.02,0.02
2013.07.10 07:17:14.228,0.19235,0.1928,0.02,0.02
2013.07.10 07:17:17.167,0.19235,0.1928,0.03,0.02
2013.07.10 07:17:17.317,0.19237,0.19282,0.03,0.03
2013.07.10 07:17:17.437,0.19239,0.19284,0.02,0.03
2013.07.10 07:17:22.837,0.19239,0.19284,0.02,0.02
2013.07.10 07:17:23.237,0.19239,0.19284,0.02,0.03
2013.07.10 07:17:23.297,0.19236,0.19281,0.02,0.02
2013.07.10 07:17:23.417,0.19234,0.19279,0.02,0.02
2013.07.10 07:17:24.027,0.19233,0.19278,0.02,0.02
2013.07.10 07:17:28.852,0.1923,0.19275,0.02,0.02
2013.07.10 07:17:29.736,0.19233,0.19278,0.02,0.02
2013.07.10 07:17:35.577,0.19234,0.19279,0.02,0.02
2013.07.10 07:17:36.158,0.19233,0.19278,0.02,0.02
2013.07.10 07:17:49.477,0.19232,0.19277,0.02,0.02
2013.07.10 07:17:53.037,0.19233,0.19278,0.02,0.02
2013.07.10 07:18:02.398,0.19234,0.19279,0.02,0.02
2013.07.10 07:18:07.706,0.19235,0.1928,0.02,0.02
2013.07.10 07:18:23.398,0.19234,0.19279,0.02,0.02
2013.07.10 07:18:25.007,0.19234,0.19278,0.02,0.02
2013.07.10 07:18:25.404,0.1923,0.19275,0.03,0.02
2013.07.10 07:18:32.687,0.19234,0.19279,0.02,0.03
2013.07.10 07:18:32.747,0.19234,0.19279,0.02,0.02
2013.07.10 07:18:35.467,0.19234,0.19279,0.03,0.02
2013.07.10 07:18:35.615,0.19236,0.19281,0.03,0.02
2013.07.10 07:18:36.147,0.19233,0.19278,0.02,0.02
2013.07.10 07:18:36.747,0.19232,0.19277,0.03,0.03
2013.07.10 07:18:36.867,0.1923,0.19275,0.03,0.02
2013.07.10 07:18:37.215,0.1923,0.19275,0.02,0.02
2013.07.10 07:18:39.230,0.19229,0.19274,0.02,0.02
2013.07.10 07:18:39.774,0.1923,0.19275,0.02,0.02
2013.07.10 07:18:45.497,0.1923,0.19275,0.02,0.03
2013.07.10 07:18:45.688,0.19227,0.19272,0.03,0.03
2013.07.10 07:18:47.227,0.19226,0.19271,0.03,0.02
2013.07.10 07:18:48.327,0.19227,0.19272,0.03,0.03
2013.07.10 07:18:49.052,0.19226,0.19271,0.03,0.02
2013.07.10 07:18:54.138,0.19227,0.19272,0.03,0.03
2013.07.10 07:18:57.127,0.19226,0.19271,0.02,0.02
2013.07.10 07:18:57.904,0.19226,0.19271,0.03,0.02
2013.07.10 07:18:58.671,0.19226,0.19271,0.02,0.02
2013.07.10 07:19:03.868,0.19225,0.1927,0.02,0.02
2013.07.10 07:19:04.477,0.19225,0.19268,0.02,0.02
2013.07.10 07:19:04.537,0.19222,0.19267,0.03,0.03
2013.07.10 07:19:05.377,0.19224,0.19269,0.02,0.02
2013.07.10 07:19:05.678,0.19229,0.19274,0.02,0.02
2013.07.10 07:19:11.637,0.1923,0.19275,0.02,0.02
2013.07.10 07:19:12.116,0.19233,0.19278,0.02,0.02
2013.07.10 07:19:13.577,0.19232,0.19277,0.03,0.02
2013.07.10 07:19:13.878,0.1923,0.19275,0.02,0.02
2013.07.10 07:19:17.238,0.19229,0.19274,0.02,0.02
2013.07.10 07:19:19.489,0.19228,0.19273,0.02,0.02
2013.07.10 07:19:21.277,0.19229,0.19274,0.02,0.02
2013.07.10 07:19:23.819,0.19229,0.19273,0.02,0.02
2013.07.10 07:19:23.997,0.19225,0.1927,0.02,0.02
2013.07.10 07:19:26.776,0.19225,0.1927,0.03,0.02
2013.07.10 07:19:27.078,0.19229,0.19274,0.02,0.03
2013.07.10 07:19:36.627,0.19229,0.19274,0.02,0.02
2013.07.10 07:19:37.141,0.19228,0.19273,0.02,0.02
2013.07.10 07:19:54.908,0.19227,0.19272,0.02,0.02
2013.07.10 07:19:56.048,0.19228,0.19273,0.02,0.02
2013.07.10 07:20:03.857,0.1923,0.19275,0.02,0.02
2013.07.10 07:20:08.598,0.19231,0.19275,0.02,0.02
2013.07.10 07:20:08.718,0.19233,0.19278,0.02,0.03
2013.07.10 07:20:15.687,0.19232,0.19277,0.03,0.03
2013.07.10 07:20:16.639,0.19233,0.19278,0.02,0.03
2013.07.10 07:20:19.037,0.19233,0.19278,0.02,0.02
2013.07.10 07:20:19.218,0.19235,0.1928,0.02,0.02
2013.07.10 07:20:19.793,0.19234,0.19279,0.02,0.02
2013.07.10 07:20:20.474,0.19235,0.1928,0.02,0.02
2013.07.10 07:20:26.807,0.19235,0.19278,0.02,0.02
2013.07.10 07:20:26.928,0.19233,0.19278,0.02,0.03
2013.07.10 07:20:27.194,0.19231,0.19276,0.02,0.02
2013.07.10 07:20:27.710,0.1923,0.19275,0.02,0.02
2013.07.10 07:20:28.214,0.19229,0.19274,0.02,0.02
2013.07.10 07:20:29.088,0.19229,0.19274,0.03,0.02
2013.07.10 07:20:29.347,0.19232,0.19277,0.03,0.03
2013.07.10 07:20:36.967,0.19231,0.19276,0.03,0.02
2013.07.10 07:20:39.897,0.19232,0.19277,0.03,0.04
2013.07.10 07:20:42.187,0.19231,0.19276,0.02,0.02
2013.07.10 07:20:42.602,0.19231,0.19276,0.02,0.03
2013.07.10 07:20:43.154,0.1923,0.19275,0.02,0.03
2013.07.10 07:20:46.069,0.19226,0.19271,0.03,0.02
2013.07.10 07:20:47.607,0.1923,0.19275,0.02,0.02
2013.07.10 07:20:48.233,0.19229,0.19274,0.02,0.02
2013.07.10 07:20:48.968,0.1923,0.19275,0.03,0.02
2013.07.10 07:20:49.037,0.19232,0.19277,0.03,0.03
2013.07.10 07:20:49.759,0.19233,0.19277,0.02,0.02
2013.07.10 07:20:50.269,0.19233,0.19278,0.02,0.02
2013.07.10 07:20:50.429,0.19235,0.1928,0.02,0.02
2013.07.10 07:20:51.347,0.19234,0.19279,0.02,0.02
2013.07.10 07:20:51.915,0.19235,0.1928,0.02,0.02
2013.07.10 07:20:56.195,0.19235,0.1928,0.03,0.02
2013.07.10 07:20:56.307,0.19235,0.1928,0.02,0.02
2013.07.10 07:20:56.954,0.19236,0.19281,0.02,0.02
2013.07.10 07:20:57.227,0.1924,0.19285,0.02,0.03
2013.07.10 07:20:57.438,0.19238,0.19283,0.02,0.03
2013.07.10 07:20:59.807,0.19232,0.19283,0.02,0.03
2013.07.10 07:20:59.927,0.19235,0.1928,0.02,0.03
2013.07.10 07:21:00.257,0.19233,0.19278,0.02,0.03
2013.07.10 07:21:00.377,0.1923,0.19275,0.02,0.02
2013.07.10 07:21:02.897,0.19231,0.19276,0.02,0.02
2013.07.10 07:21:03.542,0.1923,0.19275,0.02,0.02
2013.07.10 07:21:10.173,0.19229,0.19274,0.02,0.02
2013.07.10 07:21:11.517,0.1923,0.19275,0.02,0.02
2013.07.10 07:21:19.147,0.19229,0.19274,0.02,0.02
2013.07.10 07:21:19.388,0.19227,0.19272,0.03,0.02
2013.07.10 07:21:25.722,0.19228,0.19273,0.02,0.03
2013.07.10 07:21:27.883,0.19227,0.19272,0.03,0.03
2013.07.10 07:21:33.547,0.19228,0.19273,0.02,0.02
2013.07.10 07:21:34.005,0.19233,0.19278,0.02,0.03
2013.07.10 07:21:35.921,0.19232,0.19277,0.02,0.03
2013.07.10 07:21:36.354,0.1923,0.19275,0.02,0.02
2013.07.10 07:21:39.922,0.1923,0.19273,0.02,0.02
2013.07.10 07:21:39.978,0.19227,0.19272,0.02,0.03
2013.07.10 07:21:40.714,0.19226,0.19271,0.02,0.02
2013.07.10 07:21:41.218,0.19226,0.19271,0.02,0.03
2013.07.10 07:21:42.118,0.19226,0.19271,0.02,0.02
2013.07.10 07:21:45.168,0.19229,0.19274,0.02,0.02
2013.07.10 07:21:51.986,0.1923,0.19275,0.02,0.02
2013.07.10 07:21:53.438,0.19229,0.19274,0.02,0.02
2013.07.10 07:21:56.698,0.1923,0.19275,0.02,0.02
2013.07.10 07:21:58.788,0.19229,0.19274,0.02,0.02
2013.07.10 07:21:59.519,0.19231,0.19276,0.02,0.02
2013.07.10 07:21:59.965,0.19233,0.19278,0.02,0.03
2013.07.10 07:22:03.498,0.19231,0.19276,0.02,0.02
2013.07.10 07:22:04.313,0.1923,0.19275,0.02,0.02
2013.07.10 07:22:04.698,0.1923,0.19275,0.03,0.02
2013.07.10 07:22:04.898,0.19233,0.19278,0.02,0.02
2013.07.10 07:22:05.097,0.19235,0.1928,0.02,0.02
2013.07.10 07:22:05.632,0.19235,0.19278,0.02,0.02
2013.07.10 07:22:05.808,0.19233,0.19278,0.02,0.03
2013.07.10 07:22:06.325,0.19231,0.19276,0.03,0.02
2013.07.10 07:22:07.569,0.19232,0.19277,0.03,0.03
2013.07.10 07:22:08.157,0.1923,0.19275,0.02,0.02
2013.07.10 07:22:13.338,0.19231,0.19275,0.02,0.02
2013.07.10 07:22:14.338,0.19235,0.1928,0.02,0.02
2013.07.10 07:22:16.816,0.19238,0.19283,0.02,0.02
2013.07.10 07:22:17.634,0.19237,0.19282,0.02,0.02
2013.07.10 07:22:25.218,0.19235,0.1928,0.02,0.02
2013.07.10 07:22:34.318,0.19236,0.19281,0.02,0.02
2013.07.10 07:22:35.094,0.19235,0.1928,0.02,0.02
2013.07.10 07:22:39.095,0.19236,0.19281,0.02,0.02
2013.07.10 07:22:40.931,0.19236,0.19281,0.03,0.02
2013.07.10 07:22:41.283,0.19242,0.19287,0.03,0.03
2013.07.10 07:22:42.269,0.19241,0.19286,0.03,0.02
2013.07.10 07:22:43.629,0.19242,0.19287,0.03,0.03
2013.07.10 07:22:44.359,0.19241,0.19286,0.03,0.02
2013.07.10 07:22:46.163,0.19241,0.19286,0.02,0.02
2013.07.10 07:22:46.671,0.1924,0.19285,0.02,0.02
2013.07.10 07:22:46.779,0.19238,0.19283,0.02,0.02
2013.07.10 07:22:47.108,0.19238,0.19283,0.03,0.02
2013.07.10 07:22:47.168,0.1924,0.19285,0.03,0.02
2013.07.10 07:22:47.288,0.19244,0.19289,0.02,0.02
2013.07.10 07:22:47.895,0.19243,0.19288,0.02,0.02
2013.07.10 07:22:48.408,0.19243,0.19287,0.02,0.02
2013.07.10 07:22:48.542,0.19239,0.19284,0.02,0.02
2013.07.10 07:22:56.368,0.19238,0.19283,0.02,0.02
2013.07.10 07:22:56.895,0.19238,0.19283,0.02,0.03
2013.07.10 07:22:57.477,0.19235,0.1928,0.02,0.02
2013.07.10 07:23:01.892,0.19235,0.1928,0.03,0.02
2013.07.10 07:23:02.198,0.19235,0.1928,0.02,0.02
2013.07.10 07:23:04.199,0.19236,0.19281,0.03,0.02
2013.07.10 07:23:04.585,0.19239,0.19284,0.02,0.03
2013.07.10 07:23:05.879,0.19239,0.19284,0.02,0.02
2013.07.10 07:23:09.501,0.19241,0.19284,0.02,0.02
2013.07.10 07:23:09.558,0.19241,0.19286,0.03,0.02
2013.07.10 07:23:10.059,0.19242,0.19287,0.03,0.04
2013.07.10 07:23:12.198,0.19241,0.19286,0.03,0.02
2013.07.10 07:23:14.128,0.19241,0.19283,0.02,0.02
2013.07.10 07:23:14.189,0.19238,0.19283,0.02,0.03
2013.07.10 07:23:16.899,0.19238,0.19283,0.03,0.02
2013.07.10 07:23:17.082,0.19242,0.19287,0.03,0.04
2013.07.10 07:23:17.688,0.19242,0.19287,0.02,0.05
2013.07.10 07:23:17.790,0.19242,0.19287,0.02,0.04
2013.07.10 07:23:17.908,0.1924,0.19285,0.02,0.02
2013.07.10 07:23:19.559,0.1924,0.19285,0.02,0.03
2013.07.10 07:23:20.159,0.19237,0.19282,0.03,0.03
2013.07.10 07:23:20.518,0.1924,0.19285,0.02,0.02
2013.07.10 07:23:20.920,0.1924,0.19285,0.03,0.02
2013.07.10 07:23:21.616,0.19241,0.19286,0.03,0.02
2013.07.10 07:23:22.348,0.19242,0.19287,0.03,0.04
2013.07.10 07:23:22.908,0.19241,0.19286,0.02,0.02
2013.07.10 07:23:23.303,0.1924,0.19285,0.02,0.03
2013.07.10 07:23:23.598,0.19236,0.19281,0.03,0.02
2013.07.10 07:23:23.828,0.19239,0.19284,0.02,0.02
2013.07.10 07:23:28.498,0.19241,0.19286,0.02,0.02
2013.07.10 07:23:30.918,0.19239,0.19284,0.02,0.02
2013.07.10 07:23:31.712,0.1924,0.19285,0.02,0.02
2013.07.10 07:23:32.046,0.19243,0.19287,0.02,0.02
2013.07.10 07:23:32.168,0.19241,0.19286,0.02,0.02
2013.07.10 07:23:32.714,0.1924,0.19285,0.02,0.02
2013.07.10 07:23:33.382,0.19242,0.19287,0.02,0.04
2013.07.10 07:23:39.758,0.1924,0.19285,0.02,0.02
2013.07.10 07:23:41.866,0.1924,0.19285,0.02,0.03
2013.07.10 07:23:42.865,0.19238,0.19283,0.02,0.03
2013.07.10 07:23:43.666,0.19238,0.19283,0.02,0.02
2013.07.10 07:23:43.858,0.1924,0.19285,0.02,0.02
2013.07.10 07:23:44.208,0.19242,0.19286,0.02,0.02
2013.07.10 07:23:44.745,0.19243,0.19288,0.02,0.03
2013.07.10 07:23:44.858,0.19241,0.19286,0.02,0.02
2013.07.10 07:23:50.562,0.19242,0.19286,0.02,0.02
2013.07.10 07:23:51.074,0.19242,0.19287,0.03,0.03
2013.07.10 07:23:53.828,0.19247,0.19287,0.02,0.02
2013.07.10 07:23:53.899,0.19242,0.19287,0.03,0.02
2013.07.10 07:23:54.078,0.19244,0.19289,0.02,0.02
2013.07.10 07:23:54.558,0.1924,0.19285,0.02,0.02
2013.07.10 07:23:57.713,0.1924,0.19285,0.03,0.02
2013.07.10 07:23:58.038,0.19247,0.19292,0.03,0.03
2013.07.10 07:23:58.488,0.1925,0.19295,0.02,0.02
2013.07.10 07:24:03.325,0.1925,0.19295,0.02,0.03
2013.07.10 07:24:03.438,0.1925,0.19293,0.02,0.02
2013.07.10 07:24:03.558,0.19246,0.19291,0.02,0.02
2013.07.10 07:24:03.678,0.19242,0.19287,0.03,0.02
2013.07.10 07:24:03.918,0.19245,0.1929,0.03,0.02
2013.07.10 07:24:05.128,0.19246,0.19291,0.03,0.02
2013.07.10 07:24:05.744,0.19247,0.19292,0.03,0.03
2013.07.10 07:24:10.283,0.1925,0.19295,0.02,0.03
2013.07.10 07:24:11.158,0.1925,0.19295,0.02,0.02
2013.07.10 07:24:12.606,0.1925,0.19295,0.03,0.02
2013.07.10 07:24:12.818,0.19254,0.19299,0.02,0.02
2013.07.10 07:24:12.879,0.19254,0.19299,0.02,0.03
2013.07.10 07:24:13.388,0.19253,0.19298,0.02,0.02
2013.07.10 07:24:14.038,0.19255,0.193,0.02,0.02
2013.07.10 07:24:15.318,0.19255,0.193,0.03,0.02
2013.07.10 07:24:15.558,0.19251,0.19296,0.03,0.02
2013.07.10 07:24:15.968,0.1925,0.19295,0.02,0.02
2013.07.10 07:24:20.870,0.1925,0.19295,0.03,0.02
2013.07.10 07:24:21.324,0.19254,0.19299,0.02,0.03
2013.07.10 07:24:21.816,0.19251,0.19296,0.03,0.02
2013.07.10 07:24:25.588,0.19254,0.19299,0.02,0.02
2013.07.10 07:24:26.058,0.19254,0.19299,0.02,0.03
2013.07.10 07:24:28.228,0.19252,0.19297,0.02,0.03
2013.07.10 07:24:28.478,0.1925,0.19295,0.03,0.02
2013.07.10 07:24:28.788,0.19254,0.19299,0.02,0.03
2013.07.10 07:24:30.399,0.19251,0.19296,0.02,0.02
2013.07.10 07:24:30.849,0.19249,0.19294,0.02,0.02
2013.07.10 07:24:31.798,0.19245,0.1929,0.02,0.02
2013.07.10 07:24:32.241,0.19248,0.19293,0.02,0.02
2013.07.10 07:24:32.704,0.19245,0.1929,0.02,0.02
2013.07.10 07:24:54.755,0.19245,0.19288,0.02,0.02
2013.07.10 07:24:55.049,0.19241,0.19286,0.03,0.02
2013.07.10 07:24:55.217,0.19244,0.19289,0.02,0.03
2013.07.10 07:24:56.193,0.19241,0.19286,0.03,0.02
2013.07.10 07:24:56.749,0.1924,0.19285,0.02,0.02
2013.07.10 07:24:58.328,0.19241,0.19285,0.02,0.02
2013.07.10 07:24:58.587,0.19244,0.19289,0.02,0.02
2013.07.10 07:24:58.908,0.19244,0.19289,0.02,0.03
2013.07.10 07:24:59.519,0.19243,0.19288,0.02,0.03
2013.07.10 07:25:00.254,0.19243,0.19288,0.02,0.02
2013.07.10 07:25:08.378,0.19243,0.19288,0.02,0.03
2013.07.10 07:25:10.503,0.19244,0.19289,0.02,0.03
2013.07.10 07:25:11.034,0.19249,0.19294,0.02,0.03
2013.07.10 07:25:13.450,0.19249,0.19294,0.02,0.02
2013.07.10 07:25:13.556,0.19249,0.19292,0.02,0.02
2013.07.10 07:25:13.618,0.19245,0.1929,0.02,0.02
2013.07.10 07:25:15.451,0.19247,0.19292,0.02,0.03
2013.07.10 07:25:16.148,0.19244,0.19289,0.02,0.02
2013.07.10 07:25:18.307,0.19246,0.19291,0.02,0.02
2013.07.10 07:25:18.724,0.1925,0.19295,0.02,0.03
2013.07.10 07:25:22.680,0.1925,0.19295,0.02,0.02
2013.07.10 07:25:22.798,0.19252,0.19296,0.02,0.02
2013.07.10 07:25:23.396,0.19252,0.19297,0.03,0.04
2013.07.10 07:25:25.965,0.19252,0.19296,0.02,0.02
2013.07.10 07:25:26.745,0.19253,0.19297,0.02,0.02
2013.07.10 07:25:29.163,0.19253,0.19297,0.02,0.02
2013.07.10 07:25:29.278,0.19246,0.19291,0.02,0.02
2013.07.10 07:25:38.218,0.19245,0.1929,0.02,0.02
2013.07.10 07:25:38.278,0.19245,0.1929,0.02,0.03
2013.07.10 07:25:39.530,0.19243,0.19288,0.02,0.03
2013.07.10 07:25:40.098,0.19241,0.19286,0.03,0.02
2013.07.10 07:25:42.748,0.19246,0.19286,0.02,0.02
2013.07.10 07:25:42.908,0.19249,0.19294,0.02,0.02
2013.07.10 07:25:44.428,0.19249,0.19294,0.02,0.03
2013.07.10 07:25:46.540,0.19247,0.19292,0.03,0.03
2013.07.10 07:25:47.199,0.1925,0.19295,0.02,0.02
2013.07.10 07:25:48.507,0.19247,0.19292,0.03,0.02
2013.07.10 07:25:53.498,0.19247,0.19292,0.03,0.02
2013.07.10 07:25:53.558,0.19252,0.19297,0.03,0.04
2013.07.10 07:26:13.719,0.19251,0.19296,0.02,0.02
2013.07.10 07:26:13.779,0.19249,0.19294,0.02,0.02
2013.07.10 07:26:23.391,0.19249,0.19294,0.03,0.02
2013.07.10 07:26:23.579,0.19252,0.19297,0.03,0.04
2013.07.10 07:26:24.888,0.19255,0.193,0.02,0.02
2013.07.10 07:26:25.329,0.19255,0.193,0.03,0.02
2013.07.10 07:26:33.232,0.19256,0.19301,0.03,0.02
2013.07.10 07:26:34.228,0.19258,0.19303,0.02,0.02
2013.07.10 07:26:34.348,0.19256,0.19301,0.03,0.02
2013.07.10 07:26:34.418,0.19259,0.19304,0.02,0.02
2013.07.10 07:26:34.478,0.19259,0.19304,0.02,0.03
2013.07.10 07:26:34.658,0.19256,0.19301,0.03,0.02
2013.07.10 07:26:40.228,0.19258,0.19303,0.02,0.02
2013.07.10 07:26:42.287,0.19258,0.19302,0.02,0.02
2013.07.10 07:26:42.804,0.19256,0.19301,0.03,0.02
2013.07.10 07:26:48.229,0.19257,0.19302,0.03,0.03
2013.07.10 07:26:53.668,0.19255,0.193,0.02,0.02
2013.07.10 07:26:54.118,0.19255,0.193,0.02,0.03
2013.07.10 07:26:54.178,0.19255,0.193,0.02,0.02
2013.07.10 07:26:54.577,0.19255,0.19297,0.02,0.02
2013.07.10 07:26:55.098,0.19254,0.19297,0.02,0.02
2013.07.10 07:26:55.248,0.19252,0.19297,0.02,0.04
2013.07.10 07:27:06.044,0.19249,0.19294,0.02,0.02
2013.07.10 07:27:10.528,0.19249,0.19294,0.02,0.03
2013.07.10 07:27:10.888,0.19245,0.1929,0.02,0.02
2013.07.10 07:27:11.788,0.19244,0.19289,0.02,0.02
2013.07.10 07:27:12.194,0.19244,0.19282,0.02,0.02
2013.07.10 07:27:12.308,0.19244,0.19289,0.02,0.03
2013.07.10 07:27:12.393,0.19241,0.19285,0.02,0.02
2013.07.10 07:27:12.448,0.1924,0.19285,0.02,0.02
2013.07.10 07:27:14.203,0.1924,0.19285,0.03,0.02
2013.07.10 07:27:14.977,0.19241,0.19286,0.03,0.02
2013.07.10 07:27:15.048,0.1924,0.19285,0.02,0.02
2013.07.10 07:27:18.950,0.1924,0.19285,0.02,0.03
2013.07.10 07:27:19.128,0.19237,0.19282,0.03,0.03
2013.07.10 07:27:20.181,0.1924,0.19285,0.02,0.02
2013.07.10 07:27:21.708,0.19241,0.19286,0.02,0.02
2013.07.10 07:27:22.254,0.19244,0.19289,0.02,0.02
2013.07.10 07:27:26.089,0.19243,0.19288,0.02,0.02
2013.07.10 07:27:26.916,0.19242,0.19287,0.03,0.03
2013.07.10 07:27:28.838,0.1924,0.19285,0.02,0.02
2013.07.10 07:27:30.498,0.19239,0.19284,0.02,0.02
2013.07.10 07:27:33.006,0.19239,0.19284,0.02,0.03
2013.07.10 07:27:33.248,0.19236,0.19281,0.02,0.02
2013.07.10 07:27:37.469,0.19236,0.19281,0.02,0.03
2013.07.10 07:27:39.265,0.19236,0.19281,0.03,0.02
2013.07.10 07:27:39.458,0.19239,0.19284,0.02,0.03
2013.07.10 07:27:40.429,0.19236,0.19281,0.03,0.02
2013.07.10 07:27:41.083,0.19236,0.19281,0.02,0.02
2013.07.10 07:27:41.799,0.19235,0.1928,0.02,0.02
2013.07.10 07:27:43.069,0.19236,0.19281,0.02,0.02
2013.07.10 07:27:44.635,0.19236,0.19278,0.02,0.02
2013.07.10 07:27:44.835,0.19233,0.19278,0.02,0.03
2013.07.10 07:27:46.828,0.19233,0.19277,0.02,0.03
2013.07.10 07:27:46.888,0.1923,0.19275,0.02,0.03
2013.07.10 07:27:46.948,0.19228,0.19273,0.02,0.02
2013.07.10 07:27:47.069,0.1923,0.19275,0.02,0.02
2013.07.10 07:27:47.428,0.1923,0.19275,0.03,0.02
2013.07.10 07:27:47.488,0.19233,0.19278,0.02,0.02
2013.07.10 07:27:50.748,0.19232,0.19277,0.03,0.02
2013.07.10 07:27:51.008,0.19234,0.19279,0.02,0.03
2013.07.10 07:27:51.128,0.19232,0.19277,0.03,0.03
2013.07.10 07:27:51.299,0.1923,0.19275,0.02,0.02
2013.07.10 07:27:54.439,0.19228,0.19273,0.02,0.02
2013.07.10 07:27:54.966,0.19229,0.19274,0.02,0.02
2013.07.10 07:27:55.708,0.19228,0.19273,0.02,0.02
2013.07.10 07:27:56.891,0.19229,0.19274,0.02,0.02
2013.07.10 07:27:58.200,0.19229,0.19272,0.02,0.02
2013.07.10 07:27:58.379,0.19226,0.19271,0.03,0.02
2013.07.10 07:28:00.758,0.19229,0.19274,0.02,0.02
2013.07.10 07:28:03.429,0.19229,0.19273,0.02,0.02
2013.07.10 07:28:03.488,0.19227,0.19272,0.03,0.03
2013.07.10 07:28:04.143,0.19227,0.19267,0.02,0.02
2013.07.10 07:28:04.258,0.19223,0.19267,0.02,0.02
2013.07.10 07:28:05.578,0.19222,0.19267,0.02,0.04
2013.07.10 07:28:06.175,0.19221,0.19266,0.02,0.02
2013.07.10 07:28:06.834,0.19221,0.19266,0.03,0.02
2013.07.10 07:28:08.450,0.19222,0.19267,0.03,0.04
2013.07.10 07:28:11.332,0.19222,0.19267,0.03,0.02
2013.07.10 07:28:11.388,0.19224,0.19269,0.03,0.02
2013.07.10 07:28:11.448,0.19229,0.19274,0.02,0.02
2013.07.10 07:28:13.079,0.19228,0.19273,0.02,0.02
2013.07.10 07:28:18.731,0.1923,0.19275,0.02,0.02
2013.07.10 07:28:19.468,0.1923,0.19275,0.03,0.02
2013.07.10 07:28:20.529,0.19236,0.19281,0.02,0.02
2013.07.10 07:28:20.848,0.19234,0.19279,0.02,0.02
2013.07.10 07:28:22.965,0.19233,0.19278,0.02,0.02
2013.07.10 07:28:29.883,0.19233,0.19277,0.02,0.02
2013.07.10 07:28:30.469,0.19231,0.19276,0.02,0.02
2013.07.10 07:28:37.548,0.1923,0.19275,0.02,0.02
2013.07.10 07:28:37.608,0.1923,0.19275,0.02,0.03
2013.07.10 07:28:51.360,0.19227,0.19272,0.03,0.03
2013.07.10 07:28:53.549,0.1923,0.19275,0.02,0.03
2013.07.10 07:28:55.238,0.1923,0.19275,0.02,0.02
2013.07.10 07:29:13.808,0.1923,0.19275,0.02,0.03
2013.07.10 07:29:21.338,0.19227,0.19272,0.03,0.03
2013.07.10 07:29:23.898,0.19226,0.19271,0.02,0.02
2013.07.10 07:29:24.498,0.19224,0.19269,0.02,0.02
2013.07.10 07:29:26.274,0.19224,0.19267,0.02,0.02
2013.07.10 07:29:26.388,0.19222,0.19267,0.03,0.04
2013.07.10 07:29:41.438,0.19222,0.19267,0.04,0.02
2013.07.10 07:29:41.498,0.19228,0.19273,0.02,0.02
2013.07.10 07:29:43.978,0.19228,0.19273,0.02,0.03
2013.07.10 07:29:44.099,0.19225,0.1927,0.02,0.02
2013.07.10 07:29:49.048,0.19225,0.1927,0.03,0.02
2013.07.10 07:29:49.203,0.19228,0.19273,0.02,0.02
2013.07.10 07:29:50.241,0.19228,0.19273,0.03,0.02
2013.07.10 07:29:50.298,0.1923,0.19275,0.03,0.02
2013.07.10 07:29:50.419,0.19233,0.19278,0.02,0.02
2013.07.10 07:29:50.738,0.19231,0.19276,0.03,0.02
2013.07.10 07:29:50.859,0.19229,0.19274,0.02,0.02
2013.07.10 07:29:55.039,0.19228,0.19273,0.02,0.03
2013.07.10 07:29:57.211,0.19227,0.19272,0.03,0.03
2013.07.10 07:29:57.646,0.19225,0.1927,0.02,0.02
2013.07.10 07:30:01.789,0.19226,0.1927,0.02,0.02
2013.07.10 07:30:02.643,0.19226,0.19271,0.03,0.02
2013.07.10 07:30:02.902,0.19231,0.19276,0.03,0.02
2013.07.10 07:30:03.139,0.19232,0.19276,0.02,0.02
2013.07.10 07:30:03.240,0.19232,0.19276,0.02,0.02
2013.07.10 07:30:03.299,0.19234,0.19279,0.02,0.02
2013.07.10 07:30:04.089,0.19234,0.19279,0.02,0.03
2013.07.10 07:30:04.976,0.19234,0.19279,0.02,0.02
2013.07.10 07:30:05.540,0.19235,0.1928,0.02,0.02
2013.07.10 07:30:05.901,0.19233,0.19278,0.02,0.02
2013.07.10 07:30:06.230,0.1923,0.19275,0.03,0.02
2013.07.10 07:30:06.698,0.19234,0.19279,0.02,0.02
2013.07.10 07:30:11.226,0.19236,0.19279,0.02,0.02
2013.07.10 07:30:11.418,0.19238,0.19283,0.02,0.02
2013.07.10 07:30:11.538,0.1924,0.19285,0.02,0.02
2013.07.10 07:30:13.998,0.19238,0.19283,0.02,0.02
2013.07.10 07:30:14.299,0.19234,0.19279,0.02,0.02
2013.07.10 07:30:14.748,0.19231,0.19276,0.02,0.02
2013.07.10 07:30:15.426,0.1923,0.19275,0.02,0.02
2013.07.10 07:30:22.808,0.1923,0.19273,0.02,0.02
2013.07.10 07:30:22.928,0.19228,0.19273,0.02,0.03
2013.07.10 07:30:23.128,0.19226,0.19271,0.02,0.02
2013.07.10 07:30:43.137,0.19225,0.1927,0.02,0.02
2013.07.10 07:30:48.511,0.19226,0.1927,0.02,0.02
2013.07.10 07:30:48.629,0.19228,0.19273,0.02,0.03
2013.07.10 07:30:49.324,0.19227,0.19272,0.03,0.03
2013.07.10 07:30:53.939,0.19227,0.19267,0.02,0.02
2013.07.10 07:30:54.229,0.19223,0.19267,0.02,0.02
2013.07.10 07:31:01.328,0.19223,0.19268,0.03,0.02
2013.07.10 07:31:01.388,0.19226,0.19271,0.03,0.02
2013.07.10 07:31:01.945,0.19228,0.19273,0.02,0.03
2013.07.10 07:31:02.969,0.19226,0.19271,0.03,0.02
2013.07.10 07:31:04.179,0.19226,0.19271,0.02,0.02
2013.07.10 07:31:04.708,0.19225,0.1927,0.02,0.02
2013.07.10 07:31:05.558,0.19225,0.1927,0.03,0.02
2013.07.10 07:31:05.624,0.19225,0.1927,0.02,0.02
2013.07.10 07:31:05.679,0.19227,0.19271,0.02,0.02
2013.07.10 07:31:05.798,0.1923,0.19275,0.02,0.02
2013.07.10 07:31:06.769,0.19229,0.19274,0.02,0.02
2013.07.10 07:31:11.650,0.19228,0.19273,0.02,0.02
2013.07.10 07:31:20.969,0.19228,0.19272,0.02,0.02
2013.07.10 07:31:21.298,0.19228,0.19267,0.02,0.02
2013.07.10 07:31:21.420,0.1922,0.19265,0.02,0.02
2013.07.10 07:31:41.369,0.19221,0.19266,0.02,0.02
2013.07.10 07:31:57.801,0.19221,0.19266,0.03,0.02
2013.07.10 07:31:58.525,0.19222,0.19267,0.03,0.03
2013.07.10 07:31:59.257,0.19221,0.19266,0.03,0.02
2013.07.10 07:32:00.053,0.19224,0.19269,0.02,0.03
2013.07.10 07:32:10.168,0.1922,0.19265,0.02,0.02
2013.07.10 07:32:13.489,0.19222,0.19267,0.02,0.03
2013.07.10 07:32:14.029,0.19225,0.1927,0.02,0.03
2013.07.10 07:32:16.219,0.19224,0.19269,0.02,0.03
2013.07.10 07:32:44.748,0.1922,0.19265,0.02,0.02
2013.07.10 07:32:45.208,0.1922,0.19265,0.02,0.03
2013.07.10 07:32:49.160,0.19219,0.19264,0.02,0.03
2013.07.10 07:32:49.674,0.1922,0.19265,0.02,0.03
2013.07.10 07:32:58.489,0.19219,0.19263,0.02,0.02
2013.07.10 07:32:58.549,0.19217,0.19262,0.03,0.03
2013.07.10 07:33:00.098,0.19219,0.19264,0.02,0.03
2013.07.10 07:33:00.509,0.19221,0.19266,0.02,0.02
2013.07.10 07:33:02.558,0.19221,0.19266,0.02,0.03
2013.07.10 07:33:02.858,0.19218,0.19263,0.02,0.03
2013.07.10 07:33:03.329,0.19221,0.19266,0.02,0.02
2013.07.10 07:33:05.776,0.19221,0.19266,0.02,0.03
2013.07.10 07:33:05.829,0.19218,0.19263,0.02,0.03
2013.07.10 07:33:06.485,0.19219,0.19264,0.02,0.03
2013.07.10 07:33:13.238,0.1922,0.19265,0.02,0.03
2013.07.10 07:33:13.452,0.1922,0.19265,0.02,0.02
2013.07.10 07:33:31.599,0.1922,0.19265,0.02,0.03
2013.07.10 07:33:31.759,0.19218,0.19263,0.02,0.03
2013.07.10 07:33:32.726,0.19216,0.19261,0.03,0.02
2013.07.10 07:33:36.238,0.19216,0.19261,0.02,0.02
2013.07.10 07:33:36.786,0.19217,0.19262,0.02,0.04
2013.07.10 07:33:36.960,0.19215,0.1926,0.02,0.02
2013.07.10 07:33:41.051,0.19215,0.1926,0.02,0.03
2013.07.10 07:33:42.081,0.19215,0.1926,0.02,0.02
2013.07.10 07:33:52.959,0.19217,0.19262,0.02,0.04
2013.07.10 07:33:53.565,0.19215,0.1926,0.02,0.02
2013.07.10 07:34:07.576,0.19216,0.1926,0.02,0.02
2013.07.10 07:34:07.689,0.19218,0.19263,0.02,0.03
2013.07.10 07:34:07.829,0.1922,0.19265,0.02,0.03
2013.07.10 07:34:13.741,0.1922,0.19265,0.02,0.02
2013.07.10 07:34:20.502,0.1922,0.19265,0.03,0.02
2013.07.10 07:34:21.043,0.19221,0.19266,0.03,0.02
2013.07.10 07:34:26.969,0.19221,0.19266,0.02,0.02
2013.07.10 07:34:27.468,0.1922,0.19263,0.02,0.02
2013.07.10 07:34:27.649,0.19218,0.19263,0.02,0.03
2013.07.10 07:34:27.885,0.19216,0.19261,0.02,0.02
2013.07.10 07:34:29.939,0.19216,0.19261,0.03,0.02
2013.07.10 07:34:30.119,0.1922,0.19265,0.02,0.03
2013.07.10 07:34:31.919,0.1922,0.19265,0.02,0.02
2013.07.10 07:34:32.319,0.1922,0.19265,0.02,0.03
2013.07.10 07:34:32.937,0.19219,0.19264,0.02,0.03
2013.07.10 07:34:33.459,0.19219,0.19258,0.02,0.02
2013.07.10 07:34:33.579,0.19214,0.19258,0.02,0.02
2013.07.10 07:34:34.250,0.19213,0.19258,0.02,0.03
2013.07.10 07:34:35.890,0.19214,0.19258,0.02,0.02
2013.07.10 07:34:40.199,0.19211,0.19256,0.02,0.02
2013.07.10 07:34:40.344,0.19211,0.19256,0.02,0.03
2013.07.10 07:34:41.370,0.19211,0.19256,0.02,0.02
2013.07.10 07:34:42.085,0.19212,0.19257,0.02,0.04
2013.07.10 07:35:02.009,0.19211,0.19256,0.02,0.02
2013.07.10 07:35:05.377,0.19212,0.19257,0.02,0.04
2013.07.10 07:35:05.499,0.19214,0.19258,0.02,0.02
2013.07.10 07:35:14.319,0.19216,0.19261,0.02,0.03
2013.07.10 07:35:16.078,0.19216,0.19257,0.02,0.02
2013.07.10 07:35:16.199,0.19208,0.19253,0.02,0.03
2013.07.10 07:35:16.739,0.19207,0.19252,0.02,0.03
2013.07.10 07:35:17.819,0.19208,0.19253,0.02,0.03
2013.07.10 07:35:19.256,0.19209,0.19254,0.02,0.03
2013.07.10 07:35:19.767,0.19208,0.19253,0.02,0.03
2013.07.10 07:35:20.950,0.19209,0.19254,0.02,0.03
2013.07.10 07:35:25.889,0.19207,0.19252,0.03,0.03
2013.07.10 07:35:32.589,0.19208,0.19253,0.02,0.03
2013.07.10 07:35:33.099,0.19209,0.19253,0.02,0.02
2013.07.10 07:35:33.229,0.19207,0.19252,0.03,0.03
2013.07.10 07:35:33.769,0.19208,0.19253,0.02,0.03
2013.07.10 07:35:34.309,0.19209,0.19253,0.02,0.02
2013.07.10 07:35:34.515,0.19207,0.19252,0.03,0.03
2013.07.10 07:35:34.869,0.19209,0.19254,0.02,0.03
2013.07.10 07:35:35.109,0.19207,0.19252,0.03,0.03
2013.07.10 07:35:35.229,0.19209,0.19254,0.02,0.03
2013.07.10 07:35:35.779,0.19206,0.19251,0.02,0.02
2013.07.10 07:35:37.389,0.19206,0.19251,0.03,0.02
2013.07.10 07:35:37.996,0.19206,0.19251,0.02,0.02
2013.07.10 07:35:42.829,0.19206,0.19251,0.03,0.02
2013.07.10 07:35:43.047,0.19208,0.19253,0.02,0.02
2013.07.10 07:35:43.319,0.19211,0.19256,0.02,0.02
2013.07.10 07:35:43.858,0.19211,0.19256,0.02,0.03
2013.07.10 07:35:51.190,0.19211,0.19256,0.02,0.02
2013.07.10 07:35:51.380,0.19209,0.19253,0.02,0.02
2013.07.10 07:35:51.710,0.1921,0.19255,0.02,0.02
2013.07.10 07:35:52.112,0.1921,0.19255,0.02,0.03
2013.07.10 07:35:52.169,0.19208,0.19253,0.02,0.03
2013.07.10 07:36:10.099,0.19206,0.19251,0.02,0.02
2013.07.10 07:36:10.933,0.19206,0.19251,0.03,0.02
2013.07.10 07:36:11.620,0.19207,0.19252,0.03,0.04
2013.07.10 07:36:19.329,0.19208,0.19252,0.02,0.02
2013.07.10 07:36:19.927,0.19207,0.19252,0.03,0.04
2013.07.10 07:36:26.069,0.19206,0.19251,0.02,0.02
2013.07.10 07:36:28.048,0.19206,0.19251,0.03,0.02
2013.07.10 07:36:28.865,0.19208,0.19252,0.02,0.02
2013.07.10 07:36:34.679,0.19206,0.19251,0.02,0.02
2013.07.10 07:36:35.198,0.19207,0.19252,0.02,0.04
2013.07.10 07:36:35.856,0.19206,0.19251,0.02,0.02
2013.07.10 07:36:38.131,0.19206,0.19251,0.02,0.03
2013.07.10 07:37:02.752,0.19206,0.19251,0.03,0.02
2013.07.10 07:37:03.183,0.19209,0.19252,0.02,0.02
2013.07.10 07:37:03.833,0.19206,0.19251,0.02,0.02
2013.07.10 07:37:04.335,0.19207,0.19252,0.02,0.04
2013.07.10 07:37:19.829,0.19208,0.19253,0.02,0.03
2013.07.10 07:37:21.120,0.19208,0.19253,0.02,0.02
2013.07.10 07:37:21.540,0.19211,0.19256,0.02,0.03
2013.07.10 07:37:21.649,0.19208,0.19253,0.02,0.03
2013.07.10 07:37:25.916,0.19209,0.19254,0.02,0.03
2013.07.10 07:37:28.357,0.19209,0.19254,0.03,0.02
2013.07.10 07:37:28.680,0.19215,0.1926,0.02,0.03
2013.07.10 07:37:33.969,0.19214,0.19259,0.02,0.03
2013.07.10 07:37:34.649,0.19212,0.19257,0.02,0.03
2013.07.10 07:37:35.206,0.19211,0.19256,0.02,0.02
2013.07.10 07:37:37.699,0.19212,0.19257,0.02,0.03
2013.07.10 07:37:40.480,0.19213,0.19258,0.02,0.02
2013.07.10 07:37:40.599,0.19216,0.19261,0.02,0.02
2013.07.10 07:37:40.921,0.19216,0.19261,0.02,0.03
2013.07.10 07:37:41.516,0.19215,0.1926,0.02,0.03
2013.07.10 07:37:45.859,0.19217,0.1926,0.02,0.02
2013.07.10 07:37:46.797,0.19221,0.19266,0.02,0.02
2013.07.10 07:37:46.860,0.19226,0.19271,0.03,0.02
2013.07.10 07:37:47.189,0.19228,0.19273,0.02,0.02
2013.07.10 07:37:47.257,0.19226,0.1927,0.02,0.02
2013.07.10 07:37:47.509,0.19228,0.19273,0.02,0.02
2013.07.10 07:37:47.949,0.19228,0.19273,0.03,0.02
2013.07.10 07:37:48.456,0.19231,0.19274,0.02,0.02
2013.07.10 07:37:49.298,0.19233,0.19278,0.02,0.02
2013.07.10 07:37:49.736,0.19235,0.1928,0.02,0.02
2013.07.10 07:37:50.070,0.19235,0.19277,0.02,0.02
2013.07.10 07:37:50.609,0.19229,0.19274,0.02,0.03
2013.07.10 07:37:50.859,0.19225,0.1927,0.02,0.02
2013.07.10 07:37:55.809,0.19226,0.1927,0.02,0.02
2013.07.10 07:37:55.966,0.1923,0.19275,0.02,0.02
2013.07.10 07:38:04.018,0.1923,0.19275,0.03,0.02
2013.07.10 07:38:04.557,0.19231,0.19276,0.03,0.02
2013.07.10 07:38:04.899,0.19234,0.19278,0.02,0.02
2013.07.10 07:38:05.182,0.1923,0.19275,0.02,0.02
2013.07.10 07:38:07.454,0.1923,0.19275,0.02,0.03
2013.07.10 07:38:08.083,0.19229,0.19274,0.02,0.03
2013.07.10 07:38:08.369,0.19225,0.1927,0.02,0.02
2013.07.10 07:38:12.089,0.19222,0.19267,0.02,0.03
2013.07.10 07:38:12.506,0.1922,0.19265,0.02,0.02
2013.07.10 07:38:14.910,0.19222,0.19267,0.02,0.03
2013.07.10 07:38:15.350,0.1922,0.19265,0.02,0.02
2013.07.10 07:38:15.835,0.1922,0.19265,0.03,0.02
2013.07.10 07:38:16.210,0.19224,0.19269,0.02,0.03
2013.07.10 07:38:20.754,0.19224,0.19269,0.02,0.02
2013.07.10 07:38:21.556,0.19225,0.1927,0.02,0.02
2013.07.10 07:38:28.970,0.19223,0.19268,0.02,0.02
2013.07.10 07:38:29.586,0.19223,0.19268,0.02,0.03
2013.07.10 07:38:30.001,0.1922,0.19265,0.02,0.02
2013.07.10 07:38:30.531,0.19222,0.19267,0.02,0.03
2013.07.10 07:38:33.439,0.1922,0.19265,0.02,0.02
2013.07.10 07:38:36.229,0.1922,0.19265,0.03,0.02
2013.07.10 07:38:36.409,0.19223,0.19268,0.02,0.03
2013.07.10 07:38:46.520,0.19223,0.19268,0.02,0.02
2013.07.10 07:38:47.219,0.1922,0.19265,0.02,0.02
2013.07.10 07:38:51.899,0.1922,0.19265,0.03,0.02
2013.07.10 07:38:51.959,0.19223,0.19268,0.02,0.02
2013.07.10 07:38:53.331,0.1922,0.19265,0.02,0.02
2013.07.10 07:38:53.789,0.19222,0.19267,0.02,0.03
2013.07.10 07:38:57.500,0.1922,0.19265,0.02,0.02
2013.07.10 07:38:57.995,0.19222,0.19267,0.02,0.03
2013.07.10 07:38:59.351,0.1922,0.19265,0.02,0.02
2013.07.10 07:39:00.530,0.19219,0.19264,0.02,0.03
2013.07.10 07:39:04.735,0.19219,0.19264,0.03,0.02
2013.07.10 07:39:04.909,0.19224,0.19269,0.02,0.02
2013.07.10 07:39:06.193,0.19226,0.19271,0.02,0.02
2013.07.10 07:39:14.099,0.19226,0.19271,0.02,0.03
2013.07.10 07:39:14.159,0.19223,0.19268,0.02,0.03
2013.07.10 07:39:14.549,0.1922,0.19265,0.02,0.02
2013.07.10 07:39:14.701,0.19222,0.19267,0.02,0.03
2013.07.10 07:39:22.997,0.19222,0.19263,0.02,0.02
2013.07.10 07:39:23.169,0.19216,0.19261,0.03,0.02
2013.07.10 07:39:26.670,0.19219,0.19264,0.02,0.03
2013.07.10 07:39:30.699,0.19217,0.19262,0.02,0.03
2013.07.10 07:39:41.469,0.19219,0.19264,0.02,0.02
2013.07.10 07:39:41.799,0.19224,0.19269,0.02,0.03
2013.07.10 07:39:46.296,0.19224,0.19269,0.02,0.02
2013.07.10 07:39:47.099,0.19225,0.1927,0.02,0.02
2013.07.10 07:39:48.589,0.19225,0.1927,0.03,0.02
2013.07.10 07:39:48.709,0.19225,0.1927,0.02,0.02
2013.07.10 07:39:50.529,0.19225,0.1927,0.02,0.03
2013.07.10 07:39:51.126,0.19224,0.19269,0.02,0.03
2013.07.10 07:39:54.920,0.19224,0.19269,0.02,0.02
2013.07.10 07:39:55.546,0.19225,0.1927,0.02,0.02
2013.07.10 07:40:15.729,0.19225,0.1927,0.02,0.03
2013.07.10 07:40:19.229,0.19225,0.1927,0.02,0.02
2013.07.10 07:40:20.101,0.19225,0.1927,0.03,0.02
2013.07.10 07:40:20.802,0.19226,0.19271,0.03,0.02
2013.07.10 07:40:21.533,0.19226,0.19271,0.02,0.02
2013.07.10 07:40:22.058,0.19225,0.1927,0.02,0.02
2013.07.10 07:40:22.424,0.19219,0.19264,0.02,0.02
2013.07.10 07:40:22.739,0.19219,0.19264,0.02,0.03
2013.07.10 07:40:23.246,0.19218,0.19263,0.02,0.03
2013.07.10 07:40:23.640,0.19217,0.19261,0.02,0.02
2013.07.10 07:40:23.759,0.19223,0.19268,0.02,0.02
2013.07.10 07:40:24.089,0.19221,0.19266,0.03,0.02
2013.07.10 07:40:24.209,0.19223,0.19268,0.02,0.02
2013.07.10 07:40:25.161,0.19223,0.19268,0.02,0.03
2013.07.10 07:40:25.359,0.1922,0.19265,0.02,0.02
2013.07.10 07:41:12.961,0.1922,0.19262,0.02,0.02
2013.07.10 07:41:13.090,0.19215,0.1926,0.02,0.02
2013.07.10 07:41:39.691,0.19215,0.19257,0.02,0.02
2013.07.10 07:41:39.930,0.19206,0.19253,0.01,0.02
2013.07.10 07:41:40.439,0.19205,0.1925,0.02,0.02
2013.07.10 07:41:51.322,0.19207,0.19252,0.02,0.03
2013.07.10 07:41:56.719,0.19208,0.19253,0.02,0.02
2013.07.10 07:41:57.029,0.19212,0.19257,0.02,0.02
2013.07.10 07:41:57.389,0.19206,0.19251,0.02,0.02
2013.07.10 07:41:57.760,0.19206,0.19251,0.02,0.03
2013.07.10 07:41:57.819,0.19201,0.19246,0.03,0.02
2013.07.10 07:41:58.384,0.19201,0.19246,0.02,0.02
2013.07.10 07:42:04.043,0.19201,0.19246,0.02,0.03
2013.07.10 07:42:04.816,0.192,0.19245,0.02,0.03
2013.07.10 07:42:08.099,0.192,0.19245,0.02,0.02
2013.07.10 07:42:11.220,0.19201,0.19246,0.02,0.02
2013.07.10 07:42:11.939,0.19201,0.19246,0.03,0.02
2013.07.10 07:42:13.132,0.19202,0.19247,0.03,0.03
2013.07.10 07:42:42.770,0.19205,0.1925,0.02,0.02
2013.07.10 07:42:52.200,0.19206,0.1925,0.02,0.02
2013.07.10 07:42:52.817,0.19206,0.19251,0.03,0.02
2013.07.10 07:43:12.381,0.19207,0.19252,0.03,0.04
2013.07.10 07:43:16.131,0.19207,0.19252,0.04,0.02
2013.07.10 07:43:16.250,0.19207,0.19252,0.04,0.02
2013.07.10 07:43:16.370,0.19211,0.19255,0.02,0.02
2013.07.10 07:43:16.430,0.19212,0.19257,0.03,0.02
2013.07.10 07:43:16.550,0.1921,0.19255,0.02,0.02
2013.07.10 07:43:27.543,0.19212,0.19255,0.02,0.02
2013.07.10 07:43:27.660,0.19212,0.19257,0.03,0.02
2013.07.10 07:43:27.780,0.19215,0.1926,0.02,0.02
2013.07.10 07:44:00.040,0.19216,0.19261,0.02,0.02
2013.07.10 07:44:02.951,0.19215,0.1926,0.02,0.02
2013.07.10 07:44:04.591,0.19216,0.19261,0.02,0.02
2013.07.10 07:44:13.580,0.19216,0.19261,0.03,0.02
2013.07.10 07:44:14.148,0.19217,0.19262,0.03,0.03
2013.07.10 07:44:14.701,0.19218,0.19263,0.02,0.03
2013.07.10 07:44:16.107,0.19219,0.19264,0.02,0.03
2013.07.10 07:44:20.290,0.19219,0.19264,0.02,0.02
2013.07.10 07:44:20.410,0.1922,0.19265,0.02,0.03
2013.07.10 07:44:20.530,0.19217,0.19262,0.03,0.03
2013.07.10 07:44:28.391,0.19217,0.19257,0.02,0.02
2013.07.10 07:44:28.640,0.1921,0.19255,0.02,0.02
2013.07.10 07:44:33.540,0.1921,0.19255,0.02,0.03
2013.07.10 07:44:33.770,0.19208,0.19253,0.02,0.03
2013.07.10 07:44:41.820,0.19208,0.19253,0.03,0.02
2013.07.10 07:44:42.035,0.19212,0.19257,0.03,0.02
2013.07.10 07:44:42.120,0.19214,0.19259,0.02,0.02
2013.07.10 07:45:06.390,0.19214,0.19259,0.03,0.02
2013.07.10 07:45:06.881,0.1922,0.19265,0.02,0.02
2013.07.10 07:45:26.670,0.19219,0.19264,0.02,0.02
2013.07.10 07:45:29.520,0.19219,0.19262,0.02,0.02
2013.07.10 07:45:29.640,0.19215,0.1926,0.02,0.02
2013.07.10 07:45:36.786,0.19215,0.1926,0.02,0.03
2013.07.10 07:45:37.310,0.19215,0.1926,0.02,0.02
2013.07.10 07:45:38.239,0.19215,0.1926,0.03,0.02
2013.07.10 07:45:38.360,0.19217,0.19262,0.03,0.03
2013.07.10 07:45:42.961,0.19215,0.1926,0.02,0.02
2013.07.10 07:46:03.401,0.19216,0.19261,0.02,0.02
2013.07.10 07:46:04.040,0.19214,0.19259,0.02,0.02
2013.07.10 07:46:12.810,0.19215,0.1926,0.02,0.02
2013.07.10 07:46:15.398,0.19214,0.19259,0.02,0.02
2013.07.10 07:46:27.000,0.19214,0.19257,0.02,0.02
2013.07.10 07:46:27.160,0.19211,0.19256,0.02,0.02
2013.07.10 07:46:32.420,0.1921,0.19255,0.02,0.02
2013.07.10 07:46:34.250,0.1921,0.19252,0.02,0.02
2013.07.10 07:46:34.431,0.19208,0.19252,0.02,0.04
2013.07.10 07:46:35.079,0.19209,0.19252,0.02,0.02
2013.07.10 07:46:35.140,0.19207,0.19252,0.03,0.04
2013.07.10 07:46:37.500,0.19205,0.1925,0.02,0.02
2013.07.10 07:46:38.982,0.19203,0.19248,0.02,0.02
2013.07.10 07:46:39.513,0.19202,0.19247,0.03,0.03
2013.07.10 07:46:40.117,0.19203,0.19248,0.02,0.03
2013.07.10 07:46:40.691,0.19202,0.19247,0.03,0.03
2013.07.10 07:46:45.264,0.19202,0.19242,0.02,0.02
2013.07.10 07:46:45.320,0.19199,0.19242,0.02,0.02
2013.07.10 07:46:47.347,0.19199,0.19244,0.02,0.02
2013.07.10 07:46:47.400,0.19202,0.19247,0.02,0.04
2013.07.10 07:46:55.980,0.19203,0.19248,0.02,0.03
2013.07.10 07:47:10.810,0.19202,0.19247,0.02,0.04
2013.07.10 07:47:17.667,0.19201,0.19246,0.02,0.02
2013.07.10 07:47:19.300,0.19202,0.19247,0.02,0.04
2013.07.10 07:47:19.646,0.19199,0.19243,0.02,0.03
2013.07.10 07:47:20.577,0.19199,0.19243,0.02,0.02
2013.07.10 07:47:21.108,0.19198,0.19243,0.02,0.03
2013.07.10 07:47:21.450,0.19202,0.19247,0.02,0.04
2013.07.10 07:47:27.000,0.192,0.19245,0.02,0.02
2013.07.10 07:47:27.367,0.19199,0.19243,0.02,0.02
2013.07.10 07:47:32.200,0.19199,0.19244,0.02,0.02
2013.07.10 07:47:32.320,0.19202,0.19247,0.02,0.04
2013.07.10 07:47:41.110,0.19203,0.19248,0.02,0.03
2013.07.10 07:48:10.964,0.19203,0.19247,0.02,0.03
2013.07.10 07:48:11.464,0.19198,0.19243,0.02,0.03
2013.07.10 07:48:12.125,0.19198,0.19243,0.02,0.02
2013.07.10 07:48:12.333,0.19202,0.19247,0.02,0.04
2013.07.10 07:48:13.360,0.19201,0.19246,0.02,0.02
2013.07.10 07:48:21.507,0.19201,0.19242,0.02,0.02
2013.07.10 07:48:22.583,0.19198,0.19242,0.02,0.02
2013.07.10 07:48:24.094,0.19199,0.19244,0.02,0.03
2013.07.10 07:48:34.527,0.19199,0.19244,0.02,0.02
2013.07.10 07:48:34.650,0.19202,0.19247,0.02,0.04
2013.07.10 07:48:49.541,0.19203,0.19247,0.02,0.02
2013.07.10 07:48:49.903,0.19201,0.19246,0.02,0.02
2013.07.10 07:48:52.210,0.19201,0.19246,0.02,0.03
2013.07.10 07:48:52.717,0.192,0.19245,0.02,0.03
2013.07.10 07:48:55.120,0.192,0.19245,0.02,0.02
2013.07.10 07:48:55.736,0.19201,0.19246,0.02,0.02
2013.07.10 07:49:02.432,0.19201,0.19246,0.03,0.02
2013.07.10 07:49:02.945,0.19201,0.19246,0.02,0.02
2013.07.10 07:49:15.413,0.19202,0.19246,0.02,0.02
2013.07.10 07:49:23.540,0.19202,0.19242,0.02,0.02
2013.07.10 07:49:23.660,0.19199,0.19242,0.02,0.02
2013.07.10 07:49:44.201,0.19198,0.19242,0.02,0.02
2013.07.10 07:49:54.167,0.19198,0.19243,0.02,0.02
2013.07.10 07:49:54.340,0.19201,0.19246,0.02,0.02
2013.07.10 07:49:57.551,0.19201,0.19246,0.02,0.03
2013.07.10 07:49:58.203,0.192,0.19245,0.02,0.03
2013.07.10 07:49:58.760,0.19198,0.19243,0.02,0.03
2013.07.10 07:50:00.311,0.19198,0.19242,0.02,0.02
2013.07.10 07:50:00.490,0.19196,0.19241,0.02,0.03
2013.07.10 07:50:02.882,0.19195,0.1924,0.02,0.03
2013.07.10 07:50:03.794,0.19195,0.1924,0.02,0.02
2013.07.10 07:50:03.892,0.19195,0.1924,0.02,0.03
2013.07.10 07:50:05.190,0.19195,0.1924,0.02,0.02
2013.07.10 07:50:05.281,0.19199,0.19242,0.02,0.02
2013.07.10 07:50:16.620,0.19199,0.19237,0.02,0.02
2013.07.10 07:50:16.741,0.19197,0.19237,0.02,0.02
2013.07.10 07:50:16.813,0.19195,0.19237,0.02,0.02
2013.07.10 07:50:18.563,0.19196,0.19241,0.02,0.03
2013.07.10 07:50:21.461,0.19197,0.19241,0.02,0.02
2013.07.10 07:50:21.528,0.19199,0.19243,0.02,0.02
2013.07.10 07:50:23.570,0.19201,0.19244,0.02,0.02
2013.07.10 07:50:23.690,0.192,0.19245,0.02,0.02
2013.07.10 07:50:23.750,0.19203,0.19242,0.02,0.02
2013.07.10 07:50:23.870,0.19198,0.19242,0.02,0.02
2013.07.10 07:50:43.981,0.19199,0.19242,0.02,0.02
2013.07.10 07:51:16.503,0.19198,0.19242,0.02,0.02
2013.07.10 07:51:19.870,0.19198,0.19237,0.02,0.02
2013.07.10 07:51:19.931,0.19196,0.19237,0.02,0.02
2013.07.10 07:51:24.410,0.19195,0.19237,0.02,0.02
2013.07.10 07:51:25.171,0.19196,0.19237,0.02,0.02
2013.07.10 07:51:29.659,0.19196,0.19241,0.03,0.02
2013.07.10 07:51:29.781,0.19199,0.19243,0.02,0.02
2013.07.10 07:51:30.347,0.19201,0.19243,0.02,0.02
2013.07.10 07:51:30.619,0.19201,0.19246,0.02,0.02
2013.07.10 07:51:30.800,0.19203,0.19247,0.02,0.02
2013.07.10 07:51:35.231,0.19203,0.19247,0.02,0.02
2013.07.10 07:51:35.825,0.19202,0.19247,0.02,0.04
2013.07.10 07:51:36.590,0.192,0.19245,0.02,0.03
2013.07.10 07:51:41.716,0.192,0.19245,0.02,0.02
2013.07.10 07:51:41.900,0.19203,0.19247,0.02,0.02
2013.07.10 07:51:43.465,0.19203,0.19247,0.02,0.02
2013.07.10 07:51:44.000,0.19202,0.19247,0.02,0.04
2013.07.10 07:51:47.690,0.19203,0.19247,0.02,0.02
2013.07.10 07:51:51.844,0.19203,0.19247,0.02,0.02
2013.07.10 07:51:54.571,0.19203,0.19247,0.02,0.03
2013.07.10 07:51:55.079,0.192,0.19242,0.02,0.02
2013.07.10 07:51:55.321,0.19198,0.19242,0.02,0.02
2013.07.10 07:52:17.060,0.192,0.19245,0.02,0.03
2013.07.10 07:52:24.231,0.19198,0.19243,0.02,0.03
2013.07.10 07:52:29.021,0.192,0.19245,0.02,0.03
2013.07.10 07:52:31.516,0.19198,0.19243,0.02,0.03
2013.07.10 07:52:39.531,0.19198,0.19237,0.02,0.02
2013.07.10 07:52:39.591,0.19194,0.19237,0.02,0.02
2013.07.10 07:52:39.651,0.19194,0.19239,0.02,0.02
2013.07.10 07:52:39.771,0.19195,0.1924,0.02,0.03
2013.07.10 07:52:39.830,0.19192,0.19237,0.03,0.03
2013.07.10 07:52:46.031,0.19194,0.19239,0.02,0.03
2013.07.10 07:52:46.221,0.19191,0.19236,0.03,0.02
2013.07.10 07:52:47.030,0.19191,0.19236,0.02,0.02
2013.07.10 07:52:48.971,0.1919,0.19235,0.02,0.02
2013.07.10 07:52:49.968,0.1919,0.19235,0.02,0.03
2013.07.10 07:52:52.110,0.19187,0.19232,0.03,0.04
2013.07.10 07:52:52.580,0.1919,0.19235,0.02,0.02
2013.07.10 07:52:53.644,0.1919,0.19235,0.02,0.03
2013.07.10 07:52:53.760,0.19187,0.19232,0.03,0.03
2013.07.10 07:52:54.991,0.19189,0.19234,0.02,0.03
2013.07.10 07:52:55.062,0.19185,0.1923,0.02,0.02
2013.07.10 07:52:55.225,0.19185,0.1923,0.03,0.02
2013.07.10 07:52:55.936,0.19185,0.1923,0.02,0.03
2013.07.10 07:52:57.234,0.19183,0.19228,0.02,0.03
2013.07.10 07:53:01.620,0.19181,0.19226,0.03,0.02
2013.07.10 07:53:03.750,0.19181,0.19226,0.02,0.02
2013.07.10 07:53:04.271,0.1918,0.19225,0.02,0.02
2013.07.10 07:53:04.731,0.19182,0.19225,0.02,0.02
2013.07.10 07:53:04.791,0.19181,0.19225,0.02,0.02
2013.07.10 07:53:04.851,0.19186,0.19231,0.02,0.02
2013.07.10 07:53:05.361,0.19185,0.1923,0.02,0.02
2013.07.10 07:53:07.841,0.19185,0.1923,0.02,0.03
2013.07.10 07:53:09.711,0.19182,0.19227,0.03,0.03
2013.07.10 07:53:10.361,0.19184,0.19229,0.02,0.03
2013.07.10 07:53:10.911,0.19181,0.19226,0.03,0.02
2013.07.10 07:53:12.571,0.19184,0.19229,0.02,0.03
2013.07.10 07:53:14.471,0.19183,0.19228,0.02,0.03
2013.07.10 07:53:18.130,0.19183,0.19227,0.02,0.02
2013.07.10 07:53:18.190,0.1918,0.19225,0.02,0.02
2013.07.10 07:53:18.489,0.1918,0.19225,0.02,0.03
2013.07.10 07:53:21.343,0.1918,0.19225,0.02,0.02
2013.07.10 07:53:25.961,0.19181,0.19226,0.02,0.02
2013.07.10 07:53:26.468,0.1918,0.19225,0.02,0.02
2013.07.10 07:53:26.980,0.19181,0.19226,0.02,0.02
2013.07.10 07:53:27.811,0.1918,0.19225,0.02,0.02
2013.07.10 07:53:29.411,0.19179,0.19224,0.02,0.02
2013.07.10 07:53:32.028,0.19179,0.19224,0.03,0.02
2013.07.10 07:53:32.260,0.19183,0.19228,0.02,0.03
2013.07.10 07:53:35.000,0.19183,0.19228,0.02,0.02
2013.07.10 07:53:44.792,0.19183,0.19228,0.02,0.03
2013.07.10 07:53:46.641,0.19183,0.19228,0.03,0.02
2013.07.10 07:53:46.702,0.19187,0.19232,0.03,0.03
2013.07.10 07:53:46.820,0.19189,0.19234,0.02,0.03
2013.07.10 07:53:47.134,0.19189,0.19234,0.02,0.02
2013.07.10 07:53:48.942,0.19189,0.19234,0.02,0.03
2013.07.10 07:53:50.611,0.19189,0.19234,0.02,0.02
2013.07.10 07:53:51.012,0.1919,0.19235,0.02,0.03
2013.07.10 07:53:51.271,0.19188,0.19233,0.02,0.03
2013.07.10 07:53:51.601,0.19185,0.1923,0.03,0.02
2013.07.10 07:53:51.732,0.19189,0.19234,0.02,0.02
2013.07.10 07:53:53.315,0.19189,0.19234,0.03,0.02
2013.07.10 07:53:53.800,0.19193,0.19238,0.02,0.02
2013.07.10 07:53:55.986,0.19193,0.19237,0.02,0.02
2013.07.10 07:53:56.101,0.19189,0.19234,0.02,0.02
2013.07.10 07:53:59.160,0.19189,0.19234,0.02,0.03
2013.07.10 07:53:59.341,0.19189,0.19234,0.02,0.02
2013.07.10 07:54:02.371,0.19189,0.19234,0.02,0.03
2013.07.10 07:54:05.419,0.19189,0.19234,0.02,0.02
2013.07.10 07:54:07.478,0.19188,0.19233,0.02,0.02
2013.07.10 07:54:07.551,0.19185,0.1923,0.02,0.02
2013.07.10 07:54:08.105,0.19184,0.19229,0.03,0.02
2013.07.10 07:54:08.695,0.19185,0.1923,0.03,0.02
2013.07.10 07:54:11.005,0.19185,0.1923,0.02,0.02
2013.07.10 07:54:12.001,0.19185,0.1923,0.02,0.03
2013.07.10 07:54:12.061,0.19181,0.19226,0.03,0.02
2013.07.10 07:54:13.110,0.19184,0.19229,0.02,0.03
2013.07.10 07:54:13.682,0.19184,0.19229,0.02,0.02
2013.07.10 07:54:18.771,0.19184,0.19229,0.03,0.02
2013.07.10 07:54:18.891,0.19184,0.19229,0.02,0.02
2013.07.10 07:54:18.950,0.19186,0.19231,0.02,0.02
2013.07.10 07:54:19.488,0.19184,0.19229,0.02,0.02
2013.07.10 07:54:22.770,0.19184,0.19229,0.03,0.02
2013.07.10 07:54:22.918,0.19188,0.19233,0.02,0.02
2013.07.10 07:54:25.851,0.1919,0.19235,0.02,0.02
2013.07.10 07:54:26.177,0.19191,0.19236,0.03,0.02
2013.07.10 07:54:27.171,0.19191,0.19236,0.02,0.02
2013.07.10 07:54:27.508,0.19189,0.19234,0.02,0.02
2013.07.10 07:54:28.007,0.19189,0.19234,0.02,0.03
2013.07.10 07:54:28.161,0.19186,0.19231,0.03,0.02
2013.07.10 07:54:28.831,0.19185,0.1923,0.02,0.02
2013.07.10 07:54:34.525,0.19185,0.1923,0.03,0.02
2013.07.10 07:54:34.721,0.19188,0.19233,0.02,0.02
2013.07.10 07:54:41.882,0.19188,0.19233,0.03,0.02
2013.07.10 07:54:41.941,0.19194,0.19239,0.02,0.02
2013.07.10 07:54:42.131,0.19193,0.19238,0.02,0.03
2013.07.10 07:54:42.651,0.19194,0.19239,0.02,0.03
2013.07.10 07:54:42.851,0.19191,0.19236,0.03,0.02
2013.07.10 07:54:44.322,0.19193,0.19238,0.02,0.02
2013.07.10 07:54:48.621,0.19192,0.19237,0.02,0.03
2013.07.10 07:54:48.993,0.1919,0.19235,0.02,0.02
2013.07.10 07:54:49.372,0.19186,0.19231,0.03,0.02
2013.07.10 07:54:50.092,0.19189,0.19234,0.02,0.02
2013.07.10 07:54:52.251,0.19189,0.19234,0.02,0.03
2013.07.10 07:54:52.951,0.19188,0.19233,0.02,0.03
2013.07.10 07:54:53.470,0.19186,0.19231,0.03,0.02
2013.07.10 07:54:55.785,0.19186,0.19231,0.02,0.02
2013.07.10 07:54:56.307,0.19185,0.1923,0.02,0.02
2013.07.10 07:54:56.908,0.19185,0.1923,0.03,0.02
2013.07.10 07:54:57.151,0.19187,0.19232,0.03,0.02
2013.07.10 07:54:57.211,0.19189,0.19234,0.02,0.02
2013.07.10 07:55:01.282,0.19189,0.19234,0.02,0.03
2013.07.10 07:55:01.401,0.19187,0.19232,0.02,0.03
2013.07.10 07:55:01.498,0.19185,0.1923,0.02,0.02
2013.07.10 07:55:07.661,0.19185,0.1923,0.03,0.02
2013.07.10 07:55:07.892,0.19189,0.19234,0.02,0.02
2013.07.10 07:55:22.741,0.19189,0.19232,0.02,0.02
2013.07.10 07:55:22.921,0.19186,0.19231,0.02,0.02
2013.07.10 07:55:24.831,0.19186,0.19231,0.03,0.02
2013.07.10 07:55:24.891,0.19189,0.19234,0.02,0.03
2013.07.10 07:55:27.611,0.19187,0.19232,0.02,0.03
2013.07.10 07:55:27.762,0.19185,0.1923,0.02,0.02
2013.07.10 07:55:28.291,0.19184,0.19227,0.02,0.02
2013.07.10 07:55:28.411,0.19181,0.19226,0.03,0.02
2013.07.10 07:55:29.547,0.19181,0.19226,0.02,0.02
2013.07.10 07:55:33.741,0.19181,0.19226,0.03,0.02
2013.07.10 07:55:34.319,0.19181,0.19226,0.02,0.02
2013.07.10 07:55:35.020,0.1918,0.19225,0.02,0.02
2013.07.10 07:55:41.391,0.19181,0.19225,0.02,0.02
2013.07.10 07:55:42.009,0.19184,0.19229,0.02,0.03
2013.07.10 07:55:43.851,0.19182,0.19227,0.02,0.03
2013.07.10 07:55:44.541,0.1918,0.19225,0.02,0.02
2013.07.10 07:56:19.312,0.1918,0.19222,0.02,0.02
2013.07.10 07:56:19.431,0.19178,0.19222,0.02,0.02
2013.07.10 07:56:44.461,0.1918,0.19225,0.02,0.03
2013.07.10 07:56:45.041,0.1918,0.19225,0.02,0.02
2013.07.10 07:56:45.281,0.19181,0.19226,0.03,0.02
2013.07.10 07:56:59.631,0.19182,0.19227,0.03,0.03
2013.07.10 07:57:00.031,0.19185,0.1923,0.02,0.03
2013.07.10 07:57:05.611,0.19183,0.19228,0.02,0.03
2013.07.10 07:57:06.148,0.19181,0.19226,0.03,0.02
2013.07.10 07:57:07.441,0.19185,0.1923,0.02,0.02
2013.07.10 07:57:07.798,0.19185,0.1923,0.03,0.02
2013.07.10 07:57:08.129,0.19189,0.19234,0.02,0.03
2013.07.10 07:57:10.376,0.19189,0.19234,0.02,0.02
2013.07.10 07:57:12.624,0.19189,0.19234,0.02,0.03
2013.07.10 07:57:12.772,0.19185,0.1923,0.02,0.02
2013.07.10 07:57:19.121,0.19185,0.1923,0.03,0.02
2013.07.10 07:57:19.441,0.19189,0.19234,0.02,0.03
2013.07.10 07:57:19.626,0.19189,0.19234,0.02,0.02
2013.07.10 07:57:23.742,0.1919,0.19235,0.02,0.02
2013.07.10 07:57:25.348,0.1919,0.19235,0.02,0.03
2013.07.10 07:57:25.493,0.19186,0.19231,0.03,0.02
2013.07.10 07:57:30.361,0.19192,0.19234,0.02,0.02
2013.07.10 07:57:30.432,0.19193,0.19238,0.02,0.03
2013.07.10 07:57:30.791,0.19195,0.1924,0.02,0.02
2013.07.10 07:57:31.772,0.19195,0.1924,0.02,0.03
2013.07.10 07:57:32.411,0.19192,0.19237,0.03,0.03
2013.07.10 07:57:33.604,0.19192,0.19237,0.02,0.04
2013.07.10 07:57:33.661,0.1919,0.19235,0.02,0.03
2013.07.10 07:57:34.277,0.19189,0.19234,0.02,0.03
2013.07.10 07:57:36.187,0.19189,0.19234,0.02,0.02
2013.07.10 07:57:37.551,0.19189,0.19234,0.03,0.02
2013.07.10 07:57:37.611,0.19191,0.19236,0.03,0.02
2013.07.10 07:57:39.321,0.19193,0.19238,0.02,0.02
2013.07.10 07:57:41.121,0.19192,0.19237,0.02,0.02
2013.07.10 07:57:41.241,0.19194,0.19239,0.02,0.02
2013.07.10 07:57:42.311,0.19194,0.19239,0.02,0.03
2013.07.10 07:57:42.472,0.1919,0.19235,0.02,0.02
2013.07.10 07:57:42.651,0.1919,0.19235,0.03,0.02
2013.07.10 07:57:44.101,0.1919,0.19235,0.02,0.02
2013.07.10 07:57:47.601,0.19191,0.19236,0.03,0.02
2013.07.10 07:57:48.137,0.19194,0.19239,0.02,0.02
2013.07.10 07:57:48.252,0.19192,0.19237,0.03,0.02
2013.07.10 07:57:48.556,0.19194,0.19239,0.02,0.02
2013.07.10 07:57:48.903,0.19194,0.19239,0.02,0.03
2013.07.10 07:57:53.101,0.19194,0.19239,0.02,0.02
2013.07.10 07:57:54.952,0.19195,0.1924,0.02,0.02
2013.07.10 07:57:55.011,0.19195,0.1924,0.03,0.02
2013.07.10 07:57:55.131,0.19195,0.1924,0.02,0.02
2013.07.10 07:57:55.301,0.19195,0.1924,0.03,0.02
2013.07.10 07:57:55.701,0.19195,0.1924,0.02,0.02
2013.07.10 07:58:04.281,0.19194,0.19238,0.02,0.02
2013.07.10 07:58:04.877,0.19193,0.19238,0.02,0.03
2013.07.10 07:58:08.786,0.19193,0.19238,0.02,0.02
2013.07.10 07:58:09.503,0.19195,0.1924,0.02,0.02
2013.07.10 07:58:13.931,0.19195,0.1924,0.02,0.03
2013.07.10 07:58:14.041,0.19193,0.19238,0.02,0.03
2013.07.10 07:58:40.883,0.19191,0.19236,0.03,0.02
2013.07.10 07:58:44.201,0.19192,0.19237,0.03,0.03
2013.07.10 07:58:45.889,0.19192,0.19237,0.04,0.02
2013.07.10 07:58:46.071,0.19192,0.19243,0.02,0.03
2013.07.10 07:58:46.638,0.19196,0.19241,0.03,0.02
2013.07.10 07:58:47.912,0.19196,0.19241,0.03,0.02
2013.07.10 07:58:48.151,0.19201,0.19246,0.03,0.02
2013.07.10 07:58:51.151,0.19202,0.19247,0.03,0.02
2013.07.10 07:58:51.262,0.19205,0.1925,0.02,0.02
2013.07.10 07:58:51.599,0.19205,0.1925,0.03,0.02
2013.07.10 07:58:51.651,0.19205,0.1925,0.02,0.02
2013.07.10 07:58:51.814,0.19205,0.1925,0.03,0.02
2013.07.10 07:58:54.721,0.19206,0.19251,0.03,0.02
2013.07.10 07:59:03.710,0.19206,0.19251,0.02,0.03
2013.07.10 07:59:04.071,0.19203,0.19248,0.02,0.03
2013.07.10 07:59:04.461,0.192,0.19245,0.02,0.02
2013.07.10 07:59:10.243,0.192,0.19245,0.03,0.02
2013.07.10 07:59:10.556,0.19202,0.19245,0.02,0.02
2013.07.10 07:59:10.681,0.19202,0.19247,0.03,0.02
2013.07.10 07:59:11.382,0.19209,0.19254,0.02,0.02
2013.07.10 07:59:16.171,0.19209,0.19254,0.02,0.03
2013.07.10 07:59:16.551,0.19205,0.1925,0.02,0.02
2013.07.10 07:59:18.267,0.19205,0.1925,0.03,0.02
2013.07.10 07:59:18.381,0.19205,0.1925,0.02,0.02
2013.07.10 07:59:18.482,0.19207,0.19252,0.02,0.03
2013.07.10 07:59:18.841,0.19205,0.1925,0.02,0.02
2013.07.10 07:59:28.242,0.19205,0.1925,0.03,0.02
2013.07.10 07:59:28.595,0.19207,0.19252,0.03,0.03
2013.07.10 07:59:28.711,0.19209,0.19254,0.02,0.03
2013.07.10 07:59:30.368,0.19209,0.19254,0.02,0.02
2013.07.10 07:59:32.448,0.1921,0.19255,0.02,0.02
2013.07.10 07:59:33.082,0.1921,0.19255,0.03,0.02
2013.07.10 07:59:36.957,0.1921,0.19255,0.02,0.02
2013.07.10 07:59:39.505,0.1921,0.19255,0.02,0.03
2013.07.10 07:59:39.741,0.19205,0.1925,0.02,0.02
2013.07.10 07:59:40.011,0.19205,0.1925,0.02,0.03
2013.07.10 07:59:40.134,0.19203,0.19248,0.02,0.03
2013.07.10 07:59:40.451,0.19199,0.19244,0.02,0.02
2013.07.10 07:59:43.925,0.19202,0.19244,0.02,0.02
2013.07.10 07:59:43.981,0.19202,0.19246,0.02,0.02
2013.07.10 07:59:44.101,0.19204,0.19249,0.03,0.02
2013.07.10 07:59:44.221,0.19209,0.19254,0.02,0.03
2013.07.10 07:59:45.461,0.19209,0.19254,0.02,0.02
2013.07.10 07:59:49.433,0.19209,0.19254,0.03,0.02
2013.07.10 07:59:49.673,0.19214,0.19259,0.02,0.02
2013.07.10 07:59:54.281,0.19214,0.19259,0.02,0.03
2013.07.10 07:59:54.442,0.19212,0.19257,0.03,0.03
2013.07.10 07:59:56.401,0.1921,0.19255,0.02,0.02
