2012.02.20 10:00:10.075,0.33474,0.33508,0.03,0.03
2012.02.20 10:00:14.328,0.33474,0.33511,0.03,0.02
2012.02.20 10:00:14.393,0.33464,0.33505,0.05,0.02
2012.02.20 10:00:14.629,0.33463,0.33495,0.03,0.02
2012.02.20 10:01:00.299,0.3346,0.33492,0.03,0.02
2012.02.20 10:01:00.372,0.33463,0.33497,0.03,0.02
2012.02.20 10:01:02.879,0.33461,0.33494,0.03,0.06
2012.02.20 10:01:03.310,0.33464,0.33494,0.03,0.04
2012.02.20 10:01:05.069,0.33463,0.33497,0.03,0.03
2012.02.20 10:01:05.188,0.33464,0.335,0.03,0.05
2012.02.20 10:01:05.514,0.33467,0.33505,0.03,0.04
2012.02.20 10:01:09.692,0.33473,0.33505,0.03,0.05
2012.02.20 10:01:10.298,0.33466,0.335,0.03,0.02
2012.02.20 10:01:10.362,0.33463,0.33504,0.03,0.02
2012.02.20 10:01:10.602,0.33463,0.33497,0.03,0.02
2012.02.20 10:01:25.519,0.33464,0.335,0.03,0.02
2012.02.20 10:01:25.637,0.3346,0.33495,0.03,0.02
2012.02.20 10:01:28.613,0.33464,0.33504,0.03,0.05
2012.02.20 10:01:28.754,0.33464,0.33499,0.03,0.02
2012.02.20 10:01:49.004,0.33464,0.33504,0.03,0.02
2012.02.20 10:01:56.827,0.33464,0.33501,0.02,0.05
2012.02.20 10:01:59.885,0.33464,0.33505,0.03,0.05
2012.02.20 10:02:00.959,0.33464,0.33505,0.05,0.05
2012.02.20 10:02:03.007,0.33464,0.33505,0.03,0.05
2012.02.20 10:02:03.506,0.33463,0.33501,0.05,0.04
2012.02.20 10:02:21.458,0.33463,0.33497,0.05,0.02
2012.02.20 10:02:21.641,0.33463,0.335,0.03,0.04
2012.02.20 10:02:22.139,0.33457,0.33492,0.03,0.02
2012.02.20 10:02:22.258,0.33443,0.33477,0.03,0.02
2012.02.20 10:02:23.226,0.33443,0.3348,0.03,0.04
2012.02.20 10:02:23.744,0.33444,0.33476,0.03,0.02
2012.02.20 10:02:27.168,0.33444,0.33482,0.03,0.02
2012.02.20 10:02:27.348,0.33443,0.33479,0.03,0.02
2012.02.20 10:02:28.290,0.33443,0.33484,0.05,0.02
2012.02.20 10:02:28.430,0.33444,0.33481,0.02,0.02
2012.02.20 10:02:28.560,0.33445,0.33486,0.03,0.02
2012.02.20 10:02:29.952,0.33444,0.33485,0.05,0.05
2012.02.20 10:02:30.809,0.33444,0.33479,0.05,0.02
2012.02.20 10:02:35.020,0.33444,0.33483,0.03,0.02
2012.02.20 10:02:35.850,0.33444,0.33479,0.03,0.02
2012.02.20 10:02:58.909,0.33443,0.33477,0.03,0.03
2012.02.20 10:02:58.969,0.33443,0.33477,0.03,0.03
2012.02.20 10:03:00.005,0.3344,0.33476,0.02,0.03
2012.02.20 10:03:26.381,0.33438,0.33473,0.02,0.02
2012.02.20 10:03:29.392,0.33438,0.33476,0.02,0.02
2012.02.20 10:03:31.318,0.33438,0.33473,0.02,0.02
2012.02.20 10:03:35.864,0.33433,0.33466,0.06,0.02
2012.02.20 10:03:35.927,0.33433,0.33466,0.05,0.02
2012.02.20 10:03:39.858,0.33431,0.33466,0.02,0.02
2012.02.20 10:03:42.400,0.33431,0.33465,0.02,0.02
2012.02.20 10:03:42.460,0.33427,0.33464,0.02,0.02
2012.02.20 10:03:42.608,0.33427,0.33467,0.03,0.02
2012.02.20 10:03:43.288,0.33428,0.33465,0.02,0.02
2012.02.20 10:03:48.819,0.33431,0.33466,0.02,0.02
2012.02.20 10:03:48.994,0.33431,0.33466,0.02,0.02
2012.02.20 10:03:59.992,0.33431,0.33466,0.02,0.02
2012.02.20 10:04:04.654,0.33431,0.33466,0.02,0.02
2012.02.20 10:04:05.233,0.33434,0.33469,0.03,0.02
2012.02.20 10:04:05.304,0.33434,0.3347,0.03,0.02
2012.02.20 10:04:10.277,0.33435,0.3347,0.02,0.04
2012.02.20 10:04:10.338,0.33435,0.33475,0.03,0.04
2012.02.20 10:04:11.624,0.33436,0.33477,0.03,0.03
2012.02.20 10:04:20.062,0.33438,0.33474,0.02,0.06
2012.02.20 10:04:20.189,0.33444,0.33478,0.03,0.02
2012.02.20 10:04:20.379,0.33444,0.33484,0.03,0.05
2012.02.20 10:04:24.907,0.33443,0.33477,0.05,0.02
2012.02.20 10:04:25.659,0.33444,0.33482,0.03,0.04
2012.02.20 10:04:28.918,0.33443,0.33484,0.05,0.02
2012.02.20 10:04:29.642,0.33444,0.33481,0.03,0.02
2012.02.20 10:04:30.751,0.33444,0.33484,0.03,0.02
2012.02.20 10:04:35.844,0.33444,0.33485,0.05,0.02
2012.02.20 10:04:36.678,0.33444,0.33485,0.03,0.03
2012.02.20 10:04:45.163,0.33443,0.33482,0.03,0.04
2012.02.20 10:04:54.748,0.33444,0.33476,0.03,0.02
2012.02.20 10:04:54.869,0.33443,0.3348,0.03,0.04
2012.02.20 10:04:59.645,0.33443,0.33481,0.03,0.02
2012.02.20 10:05:02.687,0.33443,0.33479,0.03,0.02
2012.02.20 10:05:02.764,0.33443,0.33484,0.05,0.02
2012.02.20 10:05:04.301,0.33446,0.33486,0.03,0.02
2012.02.20 10:05:04.372,0.33454,0.33485,0.03,0.02
2012.02.20 10:05:07.329,0.33454,0.3349,0.03,0.02
2012.02.20 10:05:07.593,0.33454,0.33487,0.03,0.02
2012.02.20 10:05:07.879,0.33454,0.33493,0.03,0.05
2012.02.20 10:05:08.209,0.33454,0.33495,0.05,0.02
2012.02.20 10:05:10.106,0.33454,0.33489,0.05,0.02
2012.02.20 10:05:15.970,0.33453,0.33493,0.03,0.02
2012.02.20 10:05:16.109,0.33453,0.33484,0.03,0.02
2012.02.20 10:05:28.609,0.33454,0.33487,0.03,0.02
2012.02.20 10:05:29.108,0.33453,0.33488,0.03,0.02
2012.02.20 10:05:29.977,0.33453,0.33486,0.03,0.02
2012.02.20 10:05:30.071,0.33453,0.33489,0.03,0.04
2012.02.20 10:05:45.388,0.33454,0.33489,0.03,0.05
2012.02.20 10:05:45.451,0.33449,0.33482,0.03,0.02
2012.02.20 10:06:05.899,0.33444,0.33477,0.03,0.02
2012.02.20 10:06:05.964,0.33444,0.33481,0.03,0.04
2012.02.20 10:06:07.335,0.33444,0.33478,0.03,0.02
2012.02.20 10:06:07.918,0.33444,0.33477,0.03,0.02
2012.02.20 10:06:08.148,0.33445,0.33486,0.03,0.02
2012.02.20 10:06:09.093,0.33445,0.3348,0.03,0.02
2012.02.20 10:06:09.958,0.33444,0.33484,0.03,0.02
2012.02.20 10:06:10.598,0.33444,0.33478,0.03,0.02
2012.02.20 10:06:11.863,0.33444,0.3348,0.03,0.02
2012.02.20 10:06:20.965,0.33444,0.33478,0.05,0.02
2012.02.20 10:06:21.277,0.33444,0.3348,0.03,0.04
2012.02.20 10:06:21.918,0.33443,0.33474,0.03,0.02
2012.02.20 10:06:22.384,0.33443,0.33476,0.03,0.02
2012.02.20 10:06:22.926,0.33443,0.33477,0.03,0.02
2012.02.20 10:06:23.502,0.33444,0.33485,0.03,0.05
2012.02.20 10:06:23.574,0.33444,0.3348,0.03,0.05
2012.02.20 10:06:23.761,0.33446,0.33487,0.03,0.03
2012.02.20 10:06:23.881,0.33446,0.33482,0.03,0.02
2012.02.20 10:06:24.015,0.33453,0.3349,0.03,0.04
2012.02.20 10:06:24.428,0.33453,0.33487,0.03,0.04
2012.02.20 10:06:25.486,0.33453,0.33492,0.03,0.04
2012.02.20 10:06:25.885,0.33454,0.33489,0.03,0.02
2012.02.20 10:06:26.462,0.33452,0.33487,0.03,0.02
2012.02.20 10:06:26.533,0.33446,0.33482,0.03,0.02
2012.02.20 10:06:26.680,0.33445,0.33485,0.02,0.05
2012.02.20 10:06:28.094,0.33446,0.33487,0.03,0.03
2012.02.20 10:06:28.542,0.3345,0.33484,0.03,0.02
2012.02.20 10:06:28.969,0.33454,0.33489,0.02,0.04
2012.02.20 10:06:29.096,0.33454,0.33486,0.03,0.03
2012.02.20 10:06:29.704,0.33454,0.33488,0.03,0.02
2012.02.20 10:06:30.384,0.33454,0.33486,0.03,0.03
2012.02.20 10:06:31.246,0.33454,0.33489,0.03,0.05
2012.02.20 10:06:31.371,0.33448,0.33481,0.03,0.04
2012.02.20 10:06:31.741,0.33444,0.33483,0.03,0.02
2012.02.20 10:06:31.982,0.33444,0.33481,0.03,0.05
2012.02.20 10:06:32.779,0.33444,0.33477,0.03,0.02
2012.02.20 10:06:32.914,0.33444,0.33475,0.03,0.02
2012.02.20 10:06:35.024,0.33443,0.33477,0.03,0.04
2012.02.20 10:06:36.554,0.33443,0.3348,0.03,0.05
2012.02.20 10:06:37.019,0.33452,0.33492,0.02,0.08
2012.02.20 10:06:37.114,0.33452,0.33488,0.03,0.02
2012.02.20 10:06:46.038,0.33453,0.33485,0.03,0.06
2012.02.20 10:06:46.102,0.33449,0.33484,0.02,0.02
2012.02.20 10:06:46.299,0.33443,0.33478,0.05,0.02
2012.02.20 10:07:08.455,0.33454,0.33486,0.03,0.02
2012.02.20 10:07:10.592,0.33454,0.33489,0.03,0.02
2012.02.20 10:07:13.439,0.33449,0.33481,0.03,0.02
2012.02.20 10:07:13.555,0.33454,0.33486,0.03,0.02
2012.02.20 10:07:16.030,0.3344,0.33478,0.03,0.02
2012.02.20 10:07:16.290,0.33444,0.33484,0.03,0.05
2012.02.20 10:07:16.622,0.33443,0.33475,0.04,0.02
2012.02.20 10:07:16.690,0.33443,0.33481,0.03,0.05
2012.02.20 10:07:18.657,0.33443,0.33477,0.03,0.02
2012.02.20 10:07:23.828,0.33443,0.33483,0.03,0.02
2012.02.20 10:07:25.389,0.33444,0.33481,0.03,0.04
2012.02.20 10:07:28.412,0.33444,0.33482,0.03,0.02
2012.02.20 10:07:29.046,0.33451,0.33491,0.03,0.08
2012.02.20 10:07:29.115,0.33454,0.33486,0.03,0.04
2012.02.20 10:07:42.918,0.33454,0.33486,0.03,0.02
2012.02.20 10:07:42.980,0.33454,0.33494,0.03,0.02
2012.02.20 10:07:43.529,0.33456,0.33495,0.02,0.04
2012.02.20 10:07:43.598,0.33463,0.33497,0.03,0.03
2012.02.20 10:07:44.642,0.33457,0.33491,0.03,0.02
2012.02.20 10:07:44.714,0.33464,0.33495,0.03,0.05
2012.02.20 10:07:46.589,0.33454,0.33488,0.03,0.02
2012.02.20 10:07:47.464,0.33454,0.33491,0.03,0.04
2012.02.20 10:07:50.640,0.33453,0.33485,0.03,0.02
2012.02.20 10:07:50.884,0.33454,0.33486,0.03,0.03
2012.02.20 10:07:51.081,0.33444,0.33482,0.03,0.04
2012.02.20 10:07:52.122,0.33444,0.33475,0.03,0.02
2012.02.20 10:07:53.457,0.3344,0.33472,0.03,0.02
2012.02.20 10:07:53.524,0.33434,0.33469,0.05,0.02
2012.02.20 10:07:54.876,0.33437,0.33479,0.03,0.02
2012.02.20 10:07:55.007,0.33437,0.33471,0.03,0.02
2012.02.20 10:07:55.622,0.33444,0.33476,0.03,0.02
2012.02.20 10:07:56.779,0.33443,0.33475,0.03,0.02
2012.02.20 10:08:09.889,0.33443,0.33476,0.03,0.02
2012.02.20 10:08:13.070,0.33441,0.33473,0.03,0.02
2012.02.20 10:08:13.139,0.33444,0.33479,0.03,0.02
2012.02.20 10:08:18.466,0.33443,0.33477,0.03,0.07
2012.02.20 10:08:18.608,0.3344,0.33472,0.03,0.02
2012.02.20 10:08:20.118,0.33436,0.33471,0.03,0.02
2012.02.20 10:08:20.686,0.33434,0.33474,0.05,0.02
2012.02.20 10:08:42.013,0.33435,0.33476,0.03,0.03
2012.02.20 10:08:42.570,0.33435,0.33472,0.03,0.02
2012.02.20 10:08:43.359,0.33435,0.33474,0.02,0.05
2012.02.20 10:08:43.418,0.33434,0.33469,0.03,0.02
2012.02.20 10:08:43.829,0.33433,0.33471,0.03,0.04
2012.02.20 10:08:47.492,0.33433,0.33475,0.05,0.02
2012.02.20 10:08:47.809,0.33433,0.33471,0.03,0.04
2012.02.20 10:08:55.814,0.33434,0.33468,0.03,0.02
2012.02.20 10:08:55.984,0.33434,0.3347,0.03,0.02
2012.02.20 10:08:56.383,0.3343,0.33464,0.03,0.02
2012.02.20 10:08:56.518,0.33434,0.33466,0.03,0.06
2012.02.20 10:08:58.452,0.33434,0.33469,0.03,0.05
2012.02.20 10:08:58.890,0.33433,0.33467,0.03,0.03
2012.02.20 10:08:59.570,0.33434,0.33471,0.03,0.03
2012.02.20 10:09:00.200,0.33434,0.33469,0.03,0.06
2012.02.20 10:09:01.693,0.33434,0.33469,0.03,0.02
2012.02.20 10:09:09.450,0.33434,0.33468,0.05,0.02
2012.02.20 10:09:09.513,0.33443,0.33473,0.02,0.02
2012.02.20 10:09:10.262,0.33443,0.33485,0.04,0.05
2012.02.20 10:09:10.357,0.33443,0.33479,0.05,0.02
2012.02.20 10:09:13.578,0.33443,0.33476,0.05,0.02
2012.02.20 10:09:13.638,0.33443,0.33478,0.05,0.02
2012.02.20 10:09:16.083,0.33444,0.33482,0.03,0.02
2012.02.20 10:09:18.684,0.33453,0.33491,0.03,0.02
2012.02.20 10:09:20.924,0.33453,0.33491,0.03,0.02
2012.02.20 10:09:23.241,0.33453,0.33487,0.03,0.05
2012.02.20 10:09:26.888,0.33453,0.33494,0.05,0.05
2012.02.20 10:09:35.559,0.33445,0.33476,0.02,0.02
2012.02.20 10:09:35.620,0.33444,0.33475,0.03,0.04
2012.02.20 10:09:35.767,0.33446,0.33478,0.02,0.05
2012.02.20 10:09:35.892,0.33444,0.3348,0.03,0.07
2012.02.20 10:09:36.012,0.33441,0.33473,0.03,0.02
2012.02.20 10:09:40.323,0.33444,0.33476,0.03,0.06
2012.02.20 10:09:40.391,0.33439,0.33471,0.03,0.02
2012.02.20 10:09:41.288,0.33444,0.33476,0.03,0.02
2012.02.20 10:09:54.360,0.33443,0.3348,0.03,0.02
2012.02.20 10:09:54.419,0.33442,0.3348,0.02,0.03
2012.02.20 10:09:54.807,0.33444,0.33485,0.05,0.05
2012.02.20 10:09:54.891,0.33444,0.33479,0.05,0.02
2012.02.20 10:10:16.378,0.33444,0.33478,0.05,0.02
2012.02.20 10:10:20.351,0.33443,0.33483,0.03,0.02
2012.02.20 10:10:21.620,0.33444,0.33481,0.03,0.05
2012.02.20 10:10:21.828,0.33439,0.33473,0.03,0.02
2012.02.20 10:10:22.348,0.33444,0.33479,0.03,0.02
2012.02.20 10:10:31.304,0.33443,0.33477,0.03,0.02
2012.02.20 10:10:31.642,0.33438,0.33471,0.03,0.02
2012.02.20 10:10:38.902,0.33434,0.3347,0.03,0.03
2012.02.20 10:10:40.825,0.33422,0.33455,0.03,0.02
2012.02.20 10:10:40.903,0.33426,0.33462,0.03,0.02
2012.02.20 10:10:41.025,0.33428,0.33464,0.02,0.02
2012.02.20 10:11:00.850,0.33426,0.33462,0.03,0.02
2012.02.20 10:11:10.440,0.33424,0.33458,0.03,0.02
2012.02.20 10:11:10.503,0.33424,0.33462,0.03,0.02
2012.02.20 10:11:12.489,0.33424,0.33459,0.03,0.02
2012.02.20 10:11:12.551,0.33424,0.33464,0.03,0.06
2012.02.20 10:11:15.881,0.33424,0.33456,0.03,0.02
2012.02.20 10:11:15.948,0.33414,0.33449,0.03,0.02
2012.02.20 10:11:17.824,0.33413,0.33453,0.03,0.02
2012.02.20 10:11:20.230,0.33414,0.33452,0.03,0.02
2012.02.20 10:11:20.440,0.33414,0.33449,0.03,0.02
2012.02.20 10:11:27.640,0.33413,0.33451,0.03,0.07
2012.02.20 10:11:28.559,0.33414,0.33449,0.03,0.02
2012.02.20 10:11:28.922,0.33413,0.33446,0.03,0.02
2012.02.20 10:11:38.019,0.33414,0.33449,0.03,0.05
2012.02.20 10:11:38.630,0.33414,0.33445,0.03,0.02
2012.02.20 10:11:40.248,0.33409,0.33446,0.02,0.02
2012.02.20 10:11:40.871,0.33414,0.33448,0.03,0.04
2012.02.20 10:11:41.574,0.33413,0.33451,0.03,0.02
2012.02.20 10:11:41.638,0.33413,0.33448,0.03,0.04
2012.02.20 10:11:41.761,0.33413,0.33453,0.05,0.04
2012.02.20 10:11:42.626,0.33413,0.33451,0.03,0.02
2012.02.20 10:11:44.147,0.33413,0.3345,0.03,0.05
2012.02.20 10:11:46.578,0.33413,0.33451,0.03,0.02
2012.02.20 10:11:48.467,0.33413,0.3345,0.03,0.05
2012.02.20 10:11:49.908,0.33414,0.33451,0.03,0.02
2012.02.20 10:11:53.620,0.33413,0.3345,0.03,0.04
2012.02.20 10:11:56.536,0.33413,0.33451,0.03,0.02
2012.02.20 10:12:00.269,0.33413,0.3345,0.03,0.05
2012.02.20 10:12:07.910,0.33413,0.33447,0.03,0.03
2012.02.20 10:12:10.298,0.33414,0.33447,0.03,0.02
2012.02.20 10:12:11.430,0.33414,0.33449,0.03,0.05
2012.02.20 10:12:11.999,0.33413,0.33447,0.03,0.02
2012.02.20 10:12:14.853,0.33414,0.33449,0.03,0.02
2012.02.20 10:12:16.625,0.33413,0.33447,0.03,0.02
2012.02.20 10:12:17.558,0.33414,0.33446,0.03,0.02
2012.02.20 10:12:20.217,0.33414,0.33445,0.03,0.05
2012.02.20 10:12:24.899,0.33414,0.33448,0.03,0.04
2012.02.20 10:12:25.795,0.33414,0.33446,0.03,0.02
2012.02.20 10:12:25.858,0.33414,0.33448,0.03,0.05
2012.02.20 10:12:26.168,0.33414,0.33446,0.03,0.02
2012.02.20 10:12:26.265,0.33414,0.33447,0.03,0.02
2012.02.20 10:12:33.977,0.33413,0.33447,0.03,0.04
2012.02.20 10:12:34.881,0.33413,0.33445,0.03,0.02
2012.02.20 10:12:34.942,0.33405,0.3344,0.02,0.04
2012.02.20 10:12:39.848,0.33406,0.33442,0.02,0.02
2012.02.20 10:12:43.151,0.33406,0.3344,0.02,0.05
2012.02.20 10:12:43.269,0.33404,0.33437,0.03,0.02
2012.02.20 10:12:46.746,0.33403,0.3344,0.03,0.05
2012.02.20 10:12:51.151,0.33399,0.33429,0.02,0.04
2012.02.20 10:12:51.938,0.33396,0.33427,0.02,0.06
2012.02.20 10:12:52.032,0.3339,0.33427,0.02,0.08
2012.02.20 10:12:54.279,0.33393,0.33429,0.03,0.02
2012.02.20 10:12:56.013,0.33393,0.33431,0.03,0.08
2012.02.20 10:12:56.236,0.33395,0.33437,0.03,0.03
2012.02.20 10:12:56.410,0.33398,0.33435,0.02,0.05
2012.02.20 10:12:57.403,0.33398,0.33435,0.02,0.05
2012.02.20 10:12:59.199,0.33396,0.33433,0.02,0.02
2012.02.20 10:12:59.572,0.33401,0.33437,0.02,0.04
2012.02.20 10:12:59.659,0.33401,0.33437,0.02,0.03
2012.02.20 10:13:14.781,0.33403,0.3344,0.03,0.02
2012.02.20 10:13:20.284,0.33401,0.33435,0.03,0.02
2012.02.20 10:13:20.350,0.33403,0.33437,0.03,0.07
2012.02.20 10:13:22.222,0.33393,0.3343,0.03,0.03
2012.02.20 10:13:22.285,0.33389,0.33422,0.03,0.02
2012.02.20 10:13:40.309,0.33393,0.33425,0.03,0.05
2012.02.20 10:14:05.407,0.33383,0.33415,0.03,0.02
2012.02.20 10:14:11.738,0.33384,0.33419,0.03,0.02
2012.02.20 10:14:15.220,0.33384,0.33416,0.03,0.02
2012.02.20 10:14:15.898,0.33384,0.3342,0.03,0.02
2012.02.20 10:14:26.860,0.33383,0.33416,0.03,0.04
2012.02.20 10:14:27.439,0.33383,0.33417,0.03,0.03
2012.02.20 10:14:27.502,0.33384,0.33414,0.02,0.05
2012.02.20 10:14:51.306,0.33378,0.33412,0.03,0.02
2012.02.20 10:14:51.871,0.33384,0.33416,0.03,0.02
2012.02.20 10:14:55.872,0.33375,0.33407,0.02,0.02
2012.02.20 10:14:55.939,0.33366,0.33397,0.03,0.02
2012.02.20 10:14:56.062,0.33362,0.33397,0.02,0.02
2012.02.20 10:14:57.150,0.33364,0.334,0.03,0.03
2012.02.20 10:14:57.838,0.33363,0.33401,0.03,0.08
2012.02.20 10:14:57.908,0.33363,0.33397,0.03,0.06
2012.02.20 10:15:00.694,0.33365,0.334,0.02,0.02
2012.02.20 10:15:00.778,0.33365,0.33405,0.02,0.02
2012.02.20 10:15:03.140,0.33365,0.33406,0.03,0.03
2012.02.20 10:15:03.507,0.33371,0.33403,0.03,0.02
2012.02.20 10:15:04.613,0.33374,0.33404,0.03,0.04
2012.02.20 10:15:06.917,0.33366,0.33404,0.02,0.04
2012.02.20 10:15:07.918,0.33365,0.33404,0.02,0.05
2012.02.20 10:15:10.100,0.33363,0.33404,0.03,0.05
2012.02.20 10:15:15.340,0.33365,0.33405,0.03,0.04
2012.02.20 10:15:15.538,0.33365,0.33402,0.03,0.02
2012.02.20 10:15:15.824,0.3337,0.33405,0.02,0.05
2012.02.20 10:15:16.822,0.33371,0.33404,0.03,0.02
2012.02.20 10:15:17.848,0.33378,0.3342,0.03,0.05
2012.02.20 10:15:17.912,0.33378,0.33413,0.03,0.02
2012.02.20 10:15:17.970,0.33375,0.33409,0.03,0.02
2012.02.20 10:15:18.090,0.33374,0.33413,0.03,0.02
2012.02.20 10:15:24.226,0.33374,0.3341,0.03,0.04
2012.02.20 10:15:24.410,0.33373,0.33407,0.03,0.07
2012.02.20 10:15:24.915,0.33373,0.33411,0.03,0.02
2012.02.20 10:15:26.047,0.33373,0.33405,0.03,0.02
2012.02.20 10:15:49.565,0.33373,0.33407,0.03,0.03
2012.02.20 10:15:50.241,0.33374,0.33404,0.02,0.05
2012.02.20 10:16:13.221,0.33366,0.33402,0.02,0.02
2012.02.20 10:16:13.433,0.33364,0.33402,0.03,0.05
2012.02.20 10:16:14.891,0.33364,0.33402,0.02,0.04
2012.02.20 10:16:17.360,0.33364,0.33404,0.02,0.02
2012.02.20 10:16:17.424,0.33364,0.33401,0.02,0.02
2012.02.20 10:16:34.460,0.33364,0.33406,0.03,0.06
2012.02.20 10:16:34.654,0.33367,0.33408,0.03,0.02
2012.02.20 10:16:35.195,0.33365,0.33405,0.03,0.04
2012.02.20 10:16:35.262,0.33367,0.33404,0.02,0.02
2012.02.20 10:16:35.760,0.33367,0.33405,0.02,0.06
2012.02.20 10:16:35.883,0.33365,0.33402,0.02,0.02
2012.02.20 10:16:36.200,0.33365,0.33401,0.02,0.05
2012.02.20 10:16:36.260,0.33364,0.334,0.03,0.02
2012.02.20 10:16:36.545,0.33364,0.33399,0.03,0.06
2012.02.20 10:16:37.476,0.33364,0.33399,0.02,0.05
2012.02.20 10:16:37.541,0.33364,0.33401,0.03,0.02
2012.02.20 10:16:38.099,0.33364,0.33403,0.03,0.05
2012.02.20 10:16:41.724,0.33366,0.33402,0.02,0.02
2012.02.20 10:16:42.074,0.33367,0.33401,0.02,0.04
2012.02.20 10:16:42.199,0.33367,0.33404,0.02,0.02
2012.02.20 10:16:42.260,0.33366,0.33401,0.02,0.04
2012.02.20 10:16:42.580,0.33364,0.33403,0.03,0.02
2012.02.20 10:16:43.998,0.33365,0.334,0.02,0.05
2012.02.20 10:16:44.118,0.33368,0.33404,0.02,0.02
2012.02.20 10:16:44.239,0.33369,0.33407,0.02,0.03
2012.02.20 10:16:50.239,0.33369,0.33407,0.02,0.03
2012.02.20 10:16:51.231,0.33373,0.33406,0.03,0.02
2012.02.20 10:16:52.071,0.33373,0.33405,0.03,0.04
2012.02.20 10:16:56.549,0.33374,0.33405,0.03,0.05
2012.02.20 10:16:56.735,0.33374,0.33405,0.03,0.05
2012.02.20 10:16:57.439,0.33374,0.33406,0.03,0.02
2012.02.20 10:16:58.247,0.33374,0.33405,0.03,0.05
2012.02.20 10:17:00.680,0.33371,0.33403,0.03,0.02
2012.02.20 10:17:01.212,0.33373,0.33405,0.03,0.06
2012.02.20 10:17:02.451,0.33373,0.33405,0.03,0.06
2012.02.20 10:17:03.146,0.33368,0.33399,0.03,0.02
2012.02.20 10:17:07.512,0.33373,0.33404,0.03,0.02
2012.02.20 10:17:08.115,0.33366,0.33402,0.02,0.02
2012.02.20 10:17:08.290,0.33367,0.33404,0.02,0.06
2012.02.20 10:17:22.325,0.33367,0.33404,0.02,0.05
2012.02.20 10:17:42.916,0.33367,0.33404,0.02,0.05
2012.02.20 10:17:45.077,0.33367,0.33403,0.02,0.02
2012.02.20 10:17:47.535,0.33364,0.334,0.03,0.05
2012.02.20 10:17:50.516,0.33376,0.33415,0.02,0.05
2012.02.20 10:17:50.684,0.33377,0.33415,0.02,0.05
2012.02.20 10:17:54.841,0.33384,0.3342,0.03,0.06
2012.02.20 10:17:55.886,0.33384,0.33419,0.03,0.04
2012.02.20 10:17:56.081,0.33384,0.33418,0.03,0.02
2012.02.20 10:17:59.466,0.33383,0.33422,0.03,0.02
2012.02.20 10:18:00.778,0.33383,0.33419,0.03,0.06
2012.02.20 10:18:02.943,0.33383,0.33415,0.03,0.02
2012.02.20 10:18:04.242,0.33384,0.33416,0.03,0.02
2012.02.20 10:18:05.391,0.33384,0.33423,0.02,0.06
2012.02.20 10:18:05.480,0.33388,0.33421,0.02,0.04
2012.02.20 10:18:07.579,0.3339,0.33421,0.02,0.04
2012.02.20 10:18:07.952,0.33394,0.33429,0.03,0.04
2012.02.20 10:18:08.281,0.33397,0.33436,0.02,0.10
2012.02.20 10:18:08.442,0.33399,0.33434,0.02,0.04
2012.02.20 10:18:08.502,0.33399,0.33441,0.03,0.09
2012.02.20 10:18:08.620,0.33403,0.33435,0.03,0.05
2012.02.20 10:18:08.684,0.33404,0.33442,0.03,0.02
2012.02.20 10:18:08.751,0.33414,0.33444,0.02,0.02
2012.02.20 10:18:08.902,0.33414,0.33446,0.03,0.02
2012.02.20 10:18:09.478,0.33413,0.33445,0.03,0.04
2012.02.20 10:18:11.380,0.33413,0.33447,0.03,0.03
2012.02.20 10:18:22.210,0.33409,0.33441,0.03,0.02
2012.02.20 10:18:22.469,0.33404,0.33444,0.03,0.02
2012.02.20 10:18:23.094,0.33403,0.33443,0.03,0.02
2012.02.20 10:18:32.390,0.33404,0.3344,0.03,0.02
2012.02.20 10:18:33.327,0.33406,0.33445,0.02,0.06
2012.02.20 10:18:35.105,0.33404,0.3344,0.03,0.02
2012.02.20 10:18:39.072,0.33404,0.33441,0.02,0.05
2012.02.20 10:18:41.479,0.33404,0.33441,0.02,0.04
2012.02.20 10:18:41.543,0.33403,0.33439,0.03,0.02
2012.02.20 10:18:42.748,0.33403,0.33444,0.03,0.03
2012.02.20 10:18:43.322,0.33404,0.33441,0.03,0.04
2012.02.20 10:18:43.472,0.33405,0.33441,0.02,0.06
2012.02.20 10:18:43.529,0.33405,0.33445,0.03,0.05
2012.02.20 10:18:43.699,0.33409,0.33445,0.02,0.06
2012.02.20 10:18:43.759,0.33409,0.33449,0.02,0.02
2012.02.20 10:18:44.245,0.33414,0.33445,0.03,0.04
2012.02.20 10:18:44.362,0.33414,0.33444,0.03,0.02
2012.02.20 10:18:46.146,0.33413,0.33447,0.03,0.03
2012.02.20 10:18:46.470,0.33405,0.33442,0.02,0.02
2012.02.20 10:18:47.354,0.33405,0.33445,0.02,0.02
2012.02.20 10:18:51.844,0.33405,0.33442,0.02,0.05
2012.02.20 10:18:54.929,0.33405,0.33442,0.02,0.05
2012.02.20 10:18:56.806,0.33405,0.33445,0.02,0.02
2012.02.20 10:18:57.682,0.33405,0.33442,0.02,0.05
2012.02.20 10:19:01.038,0.33405,0.33446,0.03,0.06
2012.02.20 10:19:03.640,0.33407,0.33447,0.03,0.02
2012.02.20 10:19:04.169,0.33413,0.33445,0.03,0.06
2012.02.20 10:19:04.436,0.33413,0.33447,0.03,0.03
2012.02.20 10:19:06.339,0.33413,0.33451,0.03,0.07
2012.02.20 10:19:09.399,0.33413,0.33451,0.03,0.05
2012.02.20 10:19:09.461,0.33413,0.33446,0.03,0.02
2012.02.20 10:19:10.166,0.33413,0.33449,0.03,0.04
2012.02.20 10:19:10.895,0.33413,0.33452,0.03,0.02
2012.02.20 10:19:10.959,0.33414,0.33448,0.03,0.02
2012.02.20 10:19:12.951,0.33413,0.33453,0.05,0.02
2012.02.20 10:19:13.009,0.33414,0.3345,0.03,0.02
2012.02.20 10:19:17.714,0.33414,0.33454,0.03,0.02
2012.02.20 10:19:28.318,0.33414,0.33454,0.03,0.05
2012.02.20 10:19:31.623,0.33416,0.33452,0.02,0.02
2012.02.20 10:19:34.936,0.33416,0.33454,0.02,0.05
2012.02.20 10:19:36.300,0.33414,0.3345,0.03,0.02
2012.02.20 10:19:38.060,0.33414,0.33451,0.03,0.02
2012.02.20 10:19:43.785,0.33414,0.33455,0.03,0.05
2012.02.20 10:19:44.014,0.33414,0.33451,0.03,0.02
2012.02.20 10:19:50.077,0.33414,0.33454,0.03,0.02
2012.02.20 10:20:05.093,0.33415,0.3345,0.02,0.04
2012.02.20 10:20:05.597,0.33415,0.33453,0.02,0.02
2012.02.20 10:20:09.108,0.33415,0.33453,0.02,0.02
2012.02.20 10:20:09.176,0.33414,0.3345,0.03,0.02
2012.02.20 10:20:11.165,0.33416,0.33451,0.02,0.05
2012.02.20 10:20:11.700,0.33416,0.33451,0.02,0.04
2012.02.20 10:20:11.761,0.33416,0.33456,0.02,0.05
2012.02.20 10:20:12.268,0.33419,0.33455,0.02,0.06
2012.02.20 10:20:14.330,0.33417,0.33453,0.02,0.02
2012.02.20 10:20:20.141,0.33424,0.33455,0.03,0.06
2012.02.20 10:20:20.199,0.33424,0.33459,0.03,0.02
2012.02.20 10:20:25.184,0.33423,0.3346,0.03,0.02
2012.02.20 10:20:25.250,0.33424,0.33456,0.03,0.02
2012.02.20 10:20:25.399,0.33424,0.3346,0.03,0.02
2012.02.20 10:20:26.474,0.33424,0.33461,0.03,0.03
2012.02.20 10:20:26.602,0.33425,0.33462,0.02,0.05
2012.02.20 10:20:28.336,0.33425,0.33465,0.02,0.03
2012.02.20 10:20:29.253,0.33425,0.33463,0.02,0.02
2012.02.20 10:20:31.274,0.33425,0.33463,0.02,0.02
2012.02.20 10:20:32.368,0.33424,0.33463,0.03,0.05
2012.02.20 10:20:33.243,0.33434,0.3347,0.03,0.04
2012.02.20 10:20:33.330,0.33434,0.33468,0.03,0.02
2012.02.20 10:20:33.571,0.33433,0.33468,0.03,0.02
2012.02.20 10:20:34.827,0.33434,0.33465,0.03,0.04
2012.02.20 10:20:34.895,0.33428,0.33463,0.02,0.02
2012.02.20 10:20:36.220,0.33434,0.33466,0.03,0.02
2012.02.20 10:20:37.205,0.33434,0.33469,0.03,0.02
2012.02.20 10:20:37.275,0.33433,0.33467,0.03,0.03
2012.02.20 10:20:38.195,0.33434,0.33469,0.02,0.02
2012.02.20 10:20:38.318,0.33434,0.33465,0.03,0.04
2012.02.20 10:20:38.629,0.33434,0.3347,0.03,0.05
2012.02.20 10:20:48.872,0.33434,0.33469,0.03,0.02
2012.02.20 10:20:48.929,0.33434,0.33471,0.03,0.04
2012.02.20 10:20:52.179,0.33433,0.33465,0.03,0.02
2012.02.20 10:20:52.244,0.33433,0.33469,0.03,0.04
2012.02.20 10:20:52.436,0.33428,0.33461,0.02,0.05
2012.02.20 10:20:52.617,0.33428,0.33465,0.02,0.05
2012.02.20 10:20:52.811,0.33424,0.33461,0.03,0.02
2012.02.20 10:20:52.874,0.33424,0.33461,0.03,0.02
2012.02.20 10:20:52.954,0.33424,0.33458,0.03,0.02
2012.02.20 10:20:57.478,0.33424,0.33457,0.03,0.02
2012.02.20 10:20:57.665,0.33424,0.33459,0.03,0.06
2012.02.20 10:21:06.937,0.33423,0.33456,0.03,0.02
2012.02.20 10:21:08.548,0.33424,0.3346,0.03,0.04
2012.02.20 10:21:12.018,0.33424,0.33459,0.03,0.02
2012.02.20 10:21:12.154,0.33424,0.33464,0.03,0.02
2012.02.20 10:21:35.456,0.3343,0.33465,0.02,0.02
2012.02.20 10:21:35.527,0.3343,0.33468,0.02,0.05
2012.02.20 10:21:40.233,0.33431,0.33464,0.03,0.02
2012.02.20 10:21:40.427,0.33427,0.33464,0.02,0.02
2012.02.20 10:21:40.763,0.33424,0.3346,0.03,0.05
2012.02.20 10:21:42.630,0.33425,0.33466,0.03,0.02
2012.02.20 10:21:42.754,0.33428,0.33464,0.02,0.02
2012.02.20 10:21:48.342,0.33428,0.33464,0.02,0.02
2012.02.20 10:21:48.462,0.33426,0.33462,0.02,0.02
2012.02.20 10:21:48.540,0.33426,0.3346,0.02,0.05
2012.02.20 10:22:10.457,0.33426,0.33466,0.02,0.02
2012.02.20 10:22:10.521,0.33428,0.33464,0.02,0.02
2012.02.20 10:22:12.480,0.33434,0.33466,0.03,0.02
2012.02.20 10:22:13.724,0.33434,0.3347,0.03,0.02
2012.02.20 10:22:13.790,0.33433,0.33466,0.03,0.04
2012.02.20 10:22:13.884,0.33433,0.33467,0.03,0.03
2012.02.20 10:22:15.214,0.33433,0.33466,0.03,0.04
2012.02.20 10:22:15.335,0.33428,0.33462,0.03,0.02
2012.02.20 10:22:15.459,0.33424,0.33462,0.02,0.02
2012.02.20 10:22:15.776,0.33423,0.33459,0.03,0.06
2012.02.20 10:22:30.039,0.33423,0.33463,0.05,0.05
2012.02.20 10:22:30.162,0.33427,0.33459,0.02,0.05
2012.02.20 10:22:30.236,0.33428,0.33462,0.02,0.02
2012.02.20 10:22:31.286,0.33423,0.33456,0.03,0.02
2012.02.20 10:22:39.512,0.33424,0.33456,0.03,0.02
2012.02.20 10:22:39.572,0.33419,0.33452,0.03,0.05
2012.02.20 10:22:39.723,0.33415,0.33453,0.02,0.02
2012.02.20 10:22:40.376,0.33414,0.33449,0.04,0.04
2012.02.20 10:22:41.957,0.33413,0.33447,0.03,0.03
2012.02.20 10:22:46.800,0.33413,0.33449,0.03,0.05
2012.02.20 10:22:48.687,0.33414,0.33453,0.03,0.05
2012.02.20 10:22:49.945,0.33414,0.33451,0.03,0.02
2012.02.20 10:22:51.014,0.33414,0.33451,0.03,0.02
2012.02.20 10:22:53.192,0.33416,0.33456,0.03,0.02
2012.02.20 10:22:53.310,0.33416,0.33451,0.03,0.05
2012.02.20 10:22:53.929,0.33426,0.33461,0.02,0.02
2012.02.20 10:22:53.995,0.33426,0.33464,0.02,0.05
2012.02.20 10:22:55.598,0.33426,0.33461,0.02,0.02
2012.02.20 10:22:55.664,0.33423,0.33459,0.03,0.02
2012.02.20 10:23:10.150,0.33424,0.33459,0.03,0.02
2012.02.20 10:23:10.270,0.33421,0.33454,0.03,0.02
2012.02.20 10:23:11.919,0.33424,0.33457,0.03,0.04
2012.02.20 10:23:13.205,0.33423,0.33457,0.03,0.03
2012.02.20 10:23:13.403,0.33424,0.33463,0.03,0.02
2012.02.20 10:23:14.905,0.33424,0.33458,0.03,0.02
2012.02.20 10:23:14.970,0.33423,0.33457,0.03,0.04
2012.02.20 10:23:16.187,0.33423,0.33457,0.03,0.06
2012.02.20 10:23:21.545,0.33424,0.33464,0.03,0.05
2012.02.20 10:23:21.992,0.33424,0.33461,0.03,0.02
2012.02.20 10:23:22.820,0.33423,0.33459,0.03,0.04
2012.02.20 10:23:23.274,0.33423,0.33455,0.03,0.02
2012.02.20 10:23:27.156,0.33423,0.33457,0.03,0.06
2012.02.20 10:23:27.890,0.33417,0.33457,0.02,0.03
2012.02.20 10:23:31.097,0.33417,0.33453,0.02,0.02
2012.02.20 10:23:33.093,0.33415,0.33451,0.02,0.02
2012.02.20 10:23:33.366,0.33415,0.33451,0.02,0.02
2012.02.20 10:23:35.103,0.33414,0.3345,0.03,0.02
2012.02.20 10:23:36.225,0.33413,0.33452,0.03,0.04
2012.02.20 10:23:37.144,0.33413,0.33452,0.03,0.05
2012.02.20 10:23:38.842,0.33413,0.33455,0.05,0.02
2012.02.20 10:23:39.902,0.33416,0.33451,0.02,0.02
2012.02.20 10:23:43.449,0.33414,0.3345,0.02,0.02
2012.02.20 10:23:48.268,0.33414,0.33452,0.02,0.05
2012.02.20 10:23:48.468,0.33414,0.3345,0.02,0.02
2012.02.20 10:23:49.031,0.33413,0.33447,0.03,0.03
2012.02.20 10:23:49.915,0.33413,0.33452,0.03,0.04
2012.02.20 10:23:51.183,0.33414,0.33449,0.03,0.02
2012.02.20 10:23:57.723,0.33413,0.33452,0.03,0.04
2012.02.20 10:23:59.037,0.33413,0.33452,0.03,0.05
2012.02.20 10:23:59.839,0.33414,0.3345,0.03,0.04
2012.02.20 10:23:59.956,0.3341,0.33444,0.03,0.02
2012.02.20 10:24:01.019,0.33413,0.33445,0.03,0.02
2012.02.20 10:24:01.653,0.33406,0.33442,0.02,0.02
2012.02.20 10:24:05.291,0.33406,0.33446,0.02,0.02
2012.02.20 10:24:08.850,0.33406,0.33444,0.02,0.04
2012.02.20 10:24:13.343,0.33406,0.33446,0.03,0.02
2012.02.20 10:24:13.409,0.3341,0.33444,0.03,0.05
2012.02.20 10:24:14.002,0.33414,0.33446,0.03,0.03
2012.02.20 10:24:21.876,0.33409,0.33441,0.03,0.02
2012.02.20 10:24:21.983,0.33405,0.33442,0.02,0.04
2012.02.20 10:24:23.869,0.33405,0.33445,0.02,0.02
2012.02.20 10:24:30.526,0.33405,0.33442,0.02,0.05
2012.02.20 10:24:33.253,0.33413,0.33454,0.03,0.03
2012.02.20 10:24:33.342,0.33414,0.3345,0.02,0.02
2012.02.20 10:24:39.724,0.33414,0.3345,0.02,0.02
2012.02.20 10:24:46.278,0.33409,0.33445,0.02,0.02
2012.02.20 10:24:46.617,0.33409,0.33443,0.02,0.02
2012.02.20 10:24:47.314,0.33408,0.33443,0.02,0.02
2012.02.20 10:24:47.399,0.33403,0.33437,0.03,0.02
2012.02.20 10:24:49.489,0.33404,0.33441,0.02,0.03
2012.02.20 10:24:56.083,0.33407,0.33442,0.02,0.06
2012.02.20 10:24:58.643,0.33404,0.33436,0.03,0.03
2012.02.20 10:24:58.770,0.33404,0.33436,0.03,0.03
2012.02.20 10:25:01.176,0.33404,0.3344,0.03,0.04
2012.02.20 10:25:02.033,0.33404,0.33436,0.03,0.03
2012.02.20 10:25:02.234,0.33401,0.3344,0.02,0.04
2012.02.20 10:25:02.433,0.33401,0.33436,0.02,0.03
2012.02.20 10:25:04.416,0.33401,0.33436,0.02,0.03
2012.02.20 10:25:04.480,0.33404,0.33439,0.02,0.02
2012.02.20 10:25:09.701,0.33401,0.33436,0.02,0.02
2012.02.20 10:25:09.894,0.33401,0.33436,0.02,0.03
2012.02.20 10:25:10.513,0.33393,0.33427,0.02,0.03
2012.02.20 10:25:11.470,0.33394,0.33429,0.03,0.02
2012.02.20 10:25:12.558,0.33391,0.33427,0.02,0.03
2012.02.20 10:25:13.232,0.33389,0.33426,0.02,0.03
2012.02.20 10:25:17.063,0.33394,0.33429,0.02,0.02
2012.02.20 10:25:17.167,0.33394,0.33427,0.02,0.02
2012.02.20 10:25:18.721,0.33396,0.33431,0.02,0.02
2012.02.20 10:25:19.131,0.33396,0.33436,0.02,0.06
2012.02.20 10:25:24.614,0.33396,0.33432,0.02,0.02
2012.02.20 10:25:37.381,0.33393,0.3343,0.03,0.02
2012.02.20 10:25:39.170,0.33394,0.33431,0.03,0.02
2012.02.20 10:25:40.850,0.33395,0.33429,0.02,0.05
2012.02.20 10:25:41.354,0.33396,0.33431,0.02,0.04
2012.02.20 10:25:41.420,0.33396,0.33432,0.02,0.02
2012.02.20 10:25:58.023,0.33396,0.33431,0.02,0.04
2012.02.20 10:26:06.886,0.33394,0.33429,0.02,0.02
2012.02.20 10:26:07.096,0.33394,0.33428,0.03,0.02
2012.02.20 10:26:09.831,0.33395,0.3343,0.02,0.02
2012.02.20 10:26:10.051,0.33402,0.33437,0.02,0.02
2012.02.20 10:26:10.421,0.33403,0.33438,0.02,0.05
2012.02.20 10:26:10.600,0.33403,0.33441,0.03,0.02
2012.02.20 10:26:11.273,0.33404,0.33441,0.03,0.03
2012.02.20 10:26:11.849,0.33403,0.33439,0.03,0.02
2012.02.20 10:26:12.046,0.33403,0.33439,0.03,0.02
2012.02.20 10:26:15.513,0.33403,0.3344,0.03,0.02
2012.02.20 10:26:20.926,0.33404,0.3344,0.03,0.02
2012.02.20 10:26:39.340,0.33403,0.3344,0.03,0.02
2012.02.20 10:26:40.391,0.33404,0.33439,0.03,0.04
2012.02.20 10:26:56.923,0.33404,0.33439,0.03,0.04
2012.02.20 10:26:57.236,0.33404,0.33438,0.03,0.05
2012.02.20 10:26:57.329,0.33404,0.33436,0.03,0.04
2012.02.20 10:26:57.994,0.33396,0.33433,0.02,0.02
2012.02.20 10:26:58.831,0.33404,0.33434,0.03,0.04
2012.02.20 10:26:59.365,0.33401,0.33434,0.03,0.05
2012.02.20 10:27:00.126,0.33403,0.33441,0.03,0.08
2012.02.20 10:27:08.079,0.33403,0.33436,0.03,0.02
2012.02.20 10:27:08.535,0.33404,0.33437,0.03,0.02
2012.02.20 10:27:12.273,0.33403,0.33439,0.03,0.05
2012.02.20 10:27:17.060,0.33404,0.33435,0.03,0.04
2012.02.20 10:27:17.736,0.33399,0.33431,0.03,0.02
2012.02.20 10:27:17.823,0.33395,0.33435,0.02,0.02
2012.02.20 10:27:21.968,0.33397,0.33432,0.02,0.04
2012.02.20 10:27:22.530,0.33397,0.33435,0.02,0.02
2012.02.20 10:27:24.773,0.33403,0.33436,0.03,0.02
2012.02.20 10:27:25.374,0.33403,0.33436,0.03,0.02
2012.02.20 10:27:26.329,0.33398,0.3343,0.02,0.04
2012.02.20 10:27:33.698,0.33404,0.33436,0.03,0.03
2012.02.20 10:27:34.415,0.33404,0.33436,0.03,0.02
2012.02.20 10:27:34.502,0.33403,0.33435,0.02,0.02
2012.02.20 10:27:35.387,0.33404,0.33436,0.03,0.03
2012.02.20 10:27:39.627,0.33401,0.33432,0.03,0.04
2012.02.20 10:27:39.792,0.33397,0.33436,0.02,0.02
2012.02.20 10:27:53.385,0.33404,0.33436,0.03,0.02
2012.02.20 10:28:19.611,0.33404,0.33435,0.03,0.02
2012.02.20 10:28:19.807,0.33404,0.3344,0.03,0.02
2012.02.20 10:28:20.078,0.33404,0.33436,0.03,0.03
2012.02.20 10:28:23.330,0.33403,0.33442,0.03,0.03
2012.02.20 10:28:23.511,0.33407,0.33442,0.02,0.05
2012.02.20 10:28:24.363,0.33407,0.33447,0.02,0.03
2012.02.20 10:28:33.569,0.33407,0.33443,0.02,0.02
2012.02.20 10:28:34.051,0.33405,0.33441,0.02,0.02
2012.02.20 10:28:57.270,0.33407,0.33443,0.02,0.02
2012.02.20 10:28:57.742,0.33407,0.33447,0.02,0.03
2012.02.20 10:29:01.573,0.33411,0.33445,0.03,0.02
2012.02.20 10:29:01.896,0.33414,0.33448,0.03,0.05
2012.02.20 10:29:03.417,0.33414,0.33446,0.03,0.03
2012.02.20 10:29:05.711,0.33414,0.33446,0.03,0.04
2012.02.20 10:29:16.502,0.33408,0.33444,0.02,0.02
2012.02.20 10:29:16.560,0.33406,0.33442,0.02,0.05
2012.02.20 10:29:18.028,0.33405,0.33442,0.02,0.04
2012.02.20 10:29:23.311,0.33406,0.33442,0.02,0.05
2012.02.20 10:29:29.278,0.33406,0.33445,0.02,0.05
2012.02.20 10:29:29.642,0.33414,0.33446,0.03,0.02
2012.02.20 10:29:35.421,0.33408,0.33444,0.02,0.02
2012.02.20 10:29:37.575,0.33408,0.33444,0.02,0.02
2012.02.20 10:29:42.251,0.33407,0.33442,0.02,0.05
2012.02.20 10:29:43.764,0.33404,0.33441,0.02,0.02
2012.02.20 10:29:49.950,0.33403,0.33439,0.05,0.02
2012.02.20 10:29:50.250,0.33404,0.33439,0.03,0.02
2012.02.20 10:29:54.453,0.334,0.33433,0.03,0.02
2012.02.20 10:29:54.877,0.33396,0.33432,0.02,0.02
2012.02.20 10:30:00.895,0.33403,0.33434,0.03,0.02
2012.02.20 10:30:01.735,0.33404,0.33434,0.02,0.02
2012.02.20 10:30:01.798,0.33403,0.33435,0.03,0.02
2012.02.20 10:30:23.516,0.33403,0.33436,0.03,0.05
2012.02.20 10:30:24.182,0.33407,0.33446,0.02,0.06
2012.02.20 10:30:29.936,0.33407,0.33445,0.02,0.02
2012.02.20 10:30:30.979,0.33404,0.33442,0.02,0.05
2012.02.20 10:30:31.638,0.33403,0.33439,0.03,0.02
2012.02.20 10:30:31.708,0.33404,0.3344,0.03,0.02
2012.02.20 10:30:31.799,0.33404,0.33436,0.03,0.02
2012.02.20 10:30:31.924,0.33403,0.3344,0.03,0.02
2012.02.20 10:30:37.442,0.33401,0.33434,0.03,0.02
2012.02.20 10:30:37.744,0.33403,0.33435,0.03,0.05
2012.02.20 10:30:38.475,0.33395,0.33433,0.02,0.02
2012.02.20 10:30:43.317,0.33394,0.3343,0.03,0.02
2012.02.20 10:30:43.515,0.33393,0.33431,0.03,0.02
2012.02.20 10:30:44.233,0.33394,0.3343,0.03,0.05
2012.02.20 10:30:49.233,0.33394,0.33431,0.03,0.03
2012.02.20 10:30:49.292,0.33394,0.3343,0.03,0.06
2012.02.20 10:30:49.833,0.33394,0.33434,0.03,0.06
2012.02.20 10:30:51.025,0.33394,0.3343,0.03,0.05
2012.02.20 10:30:51.839,0.33395,0.33436,0.03,0.04
2012.02.20 10:30:52.165,0.33399,0.33435,0.02,0.02
2012.02.20 10:30:53.813,0.33396,0.33433,0.02,0.02
2012.02.20 10:31:20.320,0.33405,0.33442,0.02,0.02
2012.02.20 10:31:20.649,0.33413,0.33447,0.03,0.02
2012.02.20 10:31:20.981,0.33413,0.33444,0.03,0.04
2012.02.20 10:31:24.092,0.33413,0.33446,0.03,0.02
2012.02.20 10:31:24.852,0.33411,0.33444,0.03,0.05
2012.02.20 10:31:27.400,0.33414,0.33449,0.03,0.02
2012.02.20 10:31:31.792,0.33414,0.33451,0.03,0.02
2012.02.20 10:31:31.862,0.33414,0.3345,0.03,0.05
2012.02.20 10:31:33.764,0.33414,0.33447,0.03,0.02
2012.02.20 10:31:33.893,0.33413,0.3345,0.03,0.05
2012.02.20 10:31:37.666,0.33413,0.33445,0.03,0.02
2012.02.20 10:31:38.484,0.33414,0.33444,0.03,0.04
2012.02.20 10:31:38.554,0.33407,0.33446,0.02,0.03
2012.02.20 10:31:42.523,0.33413,0.33447,0.03,0.03
2012.02.20 10:31:42.659,0.33414,0.33446,0.03,0.04
2012.02.20 10:31:47.112,0.33414,0.33446,0.03,0.03
2012.02.20 10:31:51.482,0.33406,0.33443,0.02,0.02
2012.02.20 10:31:51.848,0.33403,0.33438,0.03,0.02
2012.02.20 10:31:52.154,0.33403,0.33436,0.03,0.02
2012.02.20 10:32:02.274,0.33403,0.33437,0.03,0.02
2012.02.20 10:32:03.813,0.33403,0.33443,0.03,0.02
2012.02.20 10:32:03.876,0.33404,0.3344,0.02,0.06
2012.02.20 10:32:10.845,0.33405,0.33441,0.02,0.05
2012.02.20 10:32:13.103,0.33405,0.33443,0.02,0.02
2012.02.20 10:32:13.853,0.33405,0.33446,0.03,0.03
2012.02.20 10:32:14.048,0.33407,0.33445,0.02,0.02
2012.02.20 10:32:14.292,0.33413,0.33446,0.03,0.04
2012.02.20 10:32:18.881,0.33407,0.33445,0.02,0.02
2012.02.20 10:32:25.252,0.33413,0.33445,0.03,0.02
2012.02.20 10:32:25.367,0.33413,0.33447,0.03,0.03
2012.02.20 10:32:26.074,0.33413,0.33447,0.03,0.07
2012.02.20 10:32:27.411,0.33413,0.33451,0.03,0.06
2012.02.20 10:32:27.925,0.33414,0.33452,0.02,0.05
2012.02.20 10:32:31.805,0.33414,0.33454,0.03,0.02
2012.02.20 10:32:32.441,0.33417,0.33454,0.02,0.04
2012.02.20 10:32:32.535,0.33417,0.33453,0.02,0.02
2012.02.20 10:32:34.499,0.33415,0.33451,0.02,0.05
2012.02.20 10:32:34.566,0.33415,0.33451,0.02,0.05
2012.02.20 10:32:39.492,0.33415,0.33454,0.02,0.05
2012.02.20 10:32:50.936,0.33413,0.33449,0.03,0.05
2012.02.20 10:33:02.331,0.33413,0.33447,0.03,0.02
2012.02.20 10:33:04.764,0.33414,0.3345,0.03,0.03
2012.02.20 10:33:04.893,0.33413,0.3345,0.03,0.02
2012.02.20 10:33:05.435,0.33413,0.33451,0.05,0.02
2012.02.20 10:33:05.565,0.3342,0.33461,0.03,0.02
2012.02.20 10:33:05.686,0.33423,0.33458,0.02,0.02
2012.02.20 10:33:06.344,0.33424,0.33461,0.03,0.05
2012.02.20 10:33:06.431,0.33427,0.33462,0.02,0.04
2012.02.20 10:33:08.363,0.33429,0.33467,0.02,0.03
2012.02.20 10:33:11.005,0.33429,0.33464,0.02,0.02
2012.02.20 10:33:12.840,0.33426,0.33462,0.02,0.05
2012.02.20 10:33:13.294,0.33424,0.3346,0.03,0.05
2012.02.20 10:33:14.613,0.33424,0.33459,0.03,0.02
2012.02.20 10:33:14.826,0.3342,0.33458,0.02,0.02
2012.02.20 10:33:15.487,0.33418,0.33451,0.03,0.04
2012.02.20 10:33:15.642,0.33415,0.33451,0.02,0.02
2012.02.20 10:33:15.710,0.33417,0.33453,0.02,0.02
2012.02.20 10:33:16.402,0.33417,0.33453,0.02,0.02
2012.02.20 10:33:41.833,0.33421,0.33457,0.02,0.03
2012.02.20 10:33:41.953,0.33421,0.33459,0.02,0.02
2012.02.20 10:33:43.381,0.33424,0.33459,0.02,0.02
2012.02.20 10:33:46.257,0.33426,0.33461,0.02,0.02
2012.02.20 10:33:46.324,0.33426,0.33464,0.02,0.05
2012.02.20 10:33:46.594,0.33433,0.33464,0.03,0.02
2012.02.20 10:33:48.232,0.33433,0.33467,0.03,0.03
2012.02.20 10:33:56.401,0.33433,0.33465,0.03,0.05
2012.02.20 10:33:56.461,0.33433,0.3347,0.03,0.06
2012.02.20 10:34:02.354,0.33434,0.33466,0.03,0.02
2012.02.20 10:34:03.888,0.33433,0.33467,0.03,0.02
2012.02.20 10:34:03.951,0.33433,0.33465,0.03,0.05
2012.02.20 10:34:04.017,0.3343,0.33463,0.03,0.02
2012.02.20 10:34:12.331,0.33433,0.33468,0.03,0.02
2012.02.20 10:34:12.724,0.33433,0.33465,0.03,0.06
2012.02.20 10:34:15.723,0.33433,0.33467,0.03,0.03
2012.02.20 10:34:16.547,0.3343,0.33463,0.03,0.02
2012.02.20 10:34:18.583,0.33433,0.33465,0.03,0.04
2012.02.20 10:34:18.894,0.33433,0.33465,0.03,0.06
2012.02.20 10:34:18.954,0.33433,0.33467,0.03,0.02
2012.02.20 10:34:20.228,0.33423,0.33459,0.03,0.04
2012.02.20 10:34:20.954,0.3342,0.33456,0.02,0.03
2012.02.20 10:34:23.789,0.33418,0.33455,0.02,0.02
2012.02.20 10:34:32.668,0.33418,0.33452,0.02,0.04
2012.02.20 10:34:32.860,0.33418,0.33458,0.02,0.05
2012.02.20 10:34:33.056,0.33417,0.33454,0.02,0.02
2012.02.20 10:34:37.572,0.33417,0.33454,0.02,0.02
2012.02.20 10:34:37.876,0.33417,0.33456,0.02,0.02
2012.02.20 10:34:38.313,0.33423,0.33458,0.03,0.04
2012.02.20 10:34:38.371,0.33423,0.33457,0.03,0.03
2012.02.20 10:34:44.882,0.33424,0.3346,0.03,0.03
2012.02.20 10:34:45.072,0.33425,0.33463,0.02,0.02
2012.02.20 10:34:46.346,0.33428,0.33461,0.02,0.04
2012.02.20 10:34:54.212,0.33425,0.33461,0.02,0.05
2012.02.20 10:34:55.825,0.33425,0.3346,0.02,0.02
2012.02.20 10:35:03.904,0.33425,0.33461,0.02,0.04
2012.02.20 10:35:04.447,0.33425,0.3346,0.02,0.02
2012.02.20 10:35:05.070,0.33423,0.33454,0.03,0.02
2012.02.20 10:35:05.138,0.33418,0.33454,0.02,0.02
2012.02.20 10:35:06.976,0.33418,0.33454,0.02,0.02
2012.02.20 10:35:07.495,0.33418,0.33456,0.02,0.02
2012.02.20 10:35:10.843,0.33424,0.33459,0.03,0.02
2012.02.20 10:35:10.929,0.33425,0.33461,0.02,0.06
2012.02.20 10:35:12.061,0.33426,0.33462,0.02,0.02
2012.02.20 10:35:16.332,0.33427,0.33464,0.02,0.04
2012.02.20 10:35:24.418,0.33427,0.33465,0.02,0.02
2012.02.20 10:35:26.714,0.33427,0.33465,0.02,0.02
2012.02.20 10:35:46.819,0.33427,0.33466,0.02,0.02
2012.02.20 10:35:47.824,0.33433,0.33472,0.03,0.04
2012.02.20 10:35:47.900,0.33434,0.3347,0.03,0.02
2012.02.20 10:35:50.182,0.33434,0.33471,0.03,0.06
2012.02.20 10:35:50.404,0.33434,0.33468,0.03,0.02
2012.02.20 10:35:53.332,0.33434,0.33473,0.03,0.02
2012.02.20 10:36:10.043,0.33433,0.33471,0.03,0.05
2012.02.20 10:36:10.265,0.33434,0.33464,0.02,0.04
2012.02.20 10:36:10.635,0.33427,0.33464,0.02,0.02
2012.02.20 10:36:13.825,0.33427,0.33466,0.02,0.04
2012.02.20 10:36:39.672,0.33433,0.33465,0.03,0.04
2012.02.20 10:36:53.632,0.33429,0.33461,0.02,0.05
2012.02.20 10:36:53.941,0.33434,0.33465,0.03,0.04
2012.02.20 10:36:54.804,0.33433,0.33467,0.03,0.02
2012.02.20 10:36:55.957,0.33434,0.33468,0.03,0.05
2012.02.20 10:37:07.707,0.33434,0.33466,0.03,0.03
2012.02.20 10:37:11.122,0.33434,0.33468,0.03,0.05
2012.02.20 10:37:12.023,0.33434,0.33468,0.03,0.05
2012.02.20 10:37:17.121,0.33434,0.33466,0.03,0.03
2012.02.20 10:37:17.480,0.33433,0.33467,0.03,0.02
2012.02.20 10:37:28.745,0.33434,0.33466,0.03,0.03
2012.02.20 10:37:31.024,0.33433,0.33465,0.02,0.02
2012.02.20 10:37:44.437,0.33424,0.33463,0.02,0.02
2012.02.20 10:37:45.366,0.33424,0.33464,0.02,0.05
2012.02.20 10:37:49.414,0.33423,0.33458,0.03,0.02
2012.02.20 10:37:49.946,0.33423,0.33459,0.03,0.05
2012.02.20 10:37:50.013,0.33423,0.33461,0.03,0.02
2012.02.20 10:37:53.710,0.33424,0.33463,0.03,0.05
2012.02.20 10:37:55.248,0.33425,0.33462,0.02,0.02
2012.02.20 10:37:56.001,0.33425,0.33463,0.02,0.02
2012.02.20 10:37:56.075,0.33425,0.33465,0.03,0.05
2012.02.20 10:38:08.414,0.33425,0.3346,0.02,0.03
2012.02.20 10:38:09.376,0.33424,0.33454,0.03,0.05
2012.02.20 10:38:09.503,0.33424,0.33454,0.03,0.05
2012.02.20 10:38:35.295,0.3342,0.33455,0.02,0.04
2012.02.20 10:38:44.362,0.33423,0.33455,0.03,0.05
2012.02.20 10:39:25.201,0.33415,0.33446,0.03,0.04
2012.02.20 10:39:25.486,0.3342,0.33455,0.02,0.05
2012.02.20 10:39:27.289,0.3342,0.33455,0.02,0.05
2012.02.20 10:39:28.109,0.3342,0.33455,0.02,0.05
2012.02.20 10:39:49.960,0.33414,0.33454,0.02,0.04
2012.02.20 10:39:52.180,0.33414,0.33454,0.03,0.04
2012.02.20 10:39:53.060,0.33414,0.33454,0.04,0.04
2012.02.20 10:39:53.332,0.33424,0.33458,0.03,0.03
2012.02.20 10:39:53.505,0.33424,0.33456,0.03,0.02
2012.02.20 10:40:14.171,0.33423,0.33457,0.03,0.03
2012.02.20 10:40:16.360,0.33424,0.33458,0.03,0.02
2012.02.20 10:40:52.576,0.33421,0.33454,0.03,0.05
2012.02.20 10:40:52.650,0.33416,0.33446,0.02,0.02
2012.02.20 10:40:52.895,0.33407,0.33446,0.02,0.03
2012.02.20 10:40:54.715,0.33404,0.33439,0.03,0.02
2012.02.20 10:40:54.797,0.33403,0.33439,0.03,0.04
2012.02.20 10:40:55.848,0.33405,0.33441,0.02,0.02
2012.02.20 10:40:55.942,0.33405,0.33443,0.02,0.05
2012.02.20 10:40:57.741,0.33405,0.33441,0.02,0.02
2012.02.20 10:40:59.429,0.33405,0.33441,0.02,0.02
2012.02.20 10:40:59.584,0.33397,0.33431,0.03,0.02
2012.02.20 10:41:00.178,0.33394,0.33428,0.03,0.02
2012.02.20 10:41:01.399,0.33394,0.33426,0.03,0.05
2012.02.20 10:41:07.445,0.33394,0.33431,0.03,0.03
2012.02.20 10:41:10.729,0.33394,0.33426,0.03,0.03
2012.02.20 10:41:12.944,0.33393,0.33425,0.02,0.05
2012.02.20 10:41:14.530,0.33393,0.33427,0.03,0.03
2012.02.20 10:41:16.065,0.33393,0.33425,0.03,0.04
2012.02.20 10:41:21.016,0.33393,0.33425,0.03,0.05
2012.02.20 10:41:21.332,0.33384,0.3342,0.02,0.02
2012.02.20 10:41:21.414,0.33383,0.33416,0.03,0.02
2012.02.20 10:41:21.471,0.33383,0.33416,0.03,0.02
2012.02.20 10:41:22.626,0.33383,0.33415,0.03,0.02
2012.02.20 10:41:24.868,0.33375,0.33409,0.03,0.02
2012.02.20 10:41:24.932,0.33374,0.33412,0.03,0.05
2012.02.20 10:41:25.107,0.33374,0.33409,0.03,0.02
2012.02.20 10:41:27.979,0.33374,0.33412,0.03,0.05
2012.02.20 10:41:28.631,0.33374,0.33409,0.03,0.02
2012.02.20 10:41:31.368,0.33374,0.33412,0.03,0.05
2012.02.20 10:41:32.375,0.33376,0.33411,0.02,0.02
2012.02.20 10:41:33.034,0.33376,0.33412,0.02,0.05
2012.02.20 10:41:34.632,0.33376,0.33414,0.02,0.02
2012.02.20 10:41:36.967,0.33381,0.33416,0.02,0.02
2012.02.20 10:41:37.585,0.33384,0.3342,0.02,0.05
2012.02.20 10:41:39.277,0.33383,0.33417,0.03,0.06
2012.02.20 10:41:40.182,0.33384,0.3342,0.03,0.02
2012.02.20 10:41:40.377,0.33383,0.33417,0.03,0.05
2012.02.20 10:41:42.142,0.33384,0.3342,0.03,0.02
2012.02.20 10:41:43.022,0.33383,0.33417,0.03,0.06
2012.02.20 10:41:43.575,0.33383,0.33419,0.03,0.02
2012.02.20 10:41:44.236,0.33384,0.33415,0.02,0.04
2012.02.20 10:41:44.308,0.33384,0.33415,0.03,0.05
2012.02.20 10:41:45.697,0.33381,0.33414,0.03,0.02
2012.02.20 10:41:46.318,0.33378,0.33415,0.02,0.04
2012.02.20 10:41:51.300,0.33383,0.33417,0.03,0.05
2012.02.20 10:41:53.013,0.33383,0.33415,0.03,0.05
2012.02.20 10:41:54.807,0.33384,0.33417,0.03,0.02
2012.02.20 10:41:57.815,0.33381,0.33414,0.03,0.02
2012.02.20 10:41:58.205,0.33376,0.33415,0.02,0.05
2012.02.20 10:41:59.523,0.33376,0.33412,0.02,0.02
2012.02.20 10:41:59.876,0.33376,0.33415,0.02,0.02
2012.02.20 10:42:00.278,0.33379,0.33415,0.02,0.02
2012.02.20 10:42:03.091,0.33379,0.33415,0.02,0.02
2012.02.20 10:42:03.638,0.33377,0.33411,0.02,0.05
2012.02.20 10:42:04.738,0.33374,0.3341,0.03,0.02
2012.02.20 10:42:06.220,0.33374,0.33411,0.03,0.02
2012.02.20 10:42:06.565,0.33386,0.33419,0.02,0.04
2012.02.20 10:42:06.632,0.33386,0.33423,0.02,0.02
2012.02.20 10:42:08.174,0.33386,0.33423,0.02,0.02
2012.02.20 10:42:15.473,0.33387,0.33424,0.02,0.05
2012.02.20 10:42:16.389,0.33389,0.33421,0.02,0.04
2012.02.20 10:42:47.503,0.33393,0.33427,0.03,0.04
2012.02.20 10:42:48.557,0.33393,0.33427,0.03,0.03
2012.02.20 10:42:52.007,0.33392,0.33425,0.02,0.05
2012.02.20 10:43:00.340,0.33395,0.3343,0.02,0.05
2012.02.20 10:43:00.408,0.33395,0.33433,0.02,0.02
2012.02.20 10:43:01.081,0.33397,0.33434,0.02,0.04
2012.02.20 10:43:01.280,0.33401,0.33436,0.02,0.05
2012.02.20 10:43:04.485,0.33401,0.33438,0.02,0.02
2012.02.20 10:43:13.048,0.33396,0.33432,0.02,0.02
2012.02.20 10:43:17.543,0.33396,0.33431,0.02,0.05
2012.02.20 10:43:18.125,0.33399,0.33436,0.02,0.02
2012.02.20 10:43:22.121,0.33399,0.33431,0.03,0.04
2012.02.20 10:43:22.310,0.33396,0.33434,0.02,0.02
2012.02.20 10:43:26.646,0.33398,0.33435,0.02,0.05
2012.02.20 10:43:26.848,0.33398,0.33436,0.02,0.02
2012.02.20 10:43:38.111,0.33398,0.33436,0.02,0.02
2012.02.20 10:43:39.538,0.33403,0.33436,0.03,0.02
2012.02.20 10:43:53.982,0.33398,0.33436,0.02,0.02
2012.02.20 10:44:00.098,0.33398,0.33436,0.02,0.04
2012.02.20 10:44:04.993,0.33404,0.33434,0.02,0.04
2012.02.20 10:44:11.841,0.33397,0.33433,0.02,0.02
2012.02.20 10:44:12.155,0.33394,0.33431,0.02,0.05
2012.02.20 10:44:27.265,0.33394,0.33431,0.03,0.05
2012.02.20 10:44:27.430,0.33396,0.33437,0.03,0.03
2012.02.20 10:44:27.498,0.334,0.33435,0.02,0.04
2012.02.20 10:44:28.336,0.334,0.33437,0.02,0.03
2012.02.20 10:44:28.397,0.33403,0.33439,0.02,0.02
2012.02.20 10:44:37.177,0.33414,0.33445,0.03,0.02
2012.02.20 10:44:38.824,0.33413,0.33447,0.03,0.03
2012.02.20 10:44:40.615,0.33404,0.33441,0.02,0.04
2012.02.20 10:44:40.676,0.33399,0.33434,0.02,0.02
2012.02.20 10:44:45.283,0.33403,0.33437,0.03,0.03
2012.02.20 10:44:46.687,0.33399,0.33434,0.02,0.05
2012.02.20 10:45:01.418,0.33403,0.33437,0.03,0.02
2012.02.20 10:45:04.627,0.33401,0.33434,0.02,0.05
2012.02.20 10:45:07.539,0.33404,0.33439,0.03,0.05
2012.02.20 10:45:07.738,0.33404,0.33439,0.03,0.04
2012.02.20 10:45:08.756,0.33403,0.33437,0.03,0.03
2012.02.20 10:45:10.978,0.33404,0.33439,0.03,0.02
2012.02.20 10:45:12.872,0.33406,0.33441,0.02,0.04
2012.02.20 10:45:13.739,0.33404,0.33441,0.02,0.06
2012.02.20 10:45:16.229,0.33408,0.33444,0.02,0.05
2012.02.20 10:45:20.866,0.33407,0.33442,0.02,0.02
2012.02.20 10:45:20.934,0.33407,0.33442,0.02,0.02
2012.02.20 10:45:21.285,0.33404,0.33441,0.02,0.02
2012.02.20 10:45:21.507,0.33403,0.33438,0.03,0.02
2012.02.20 10:45:26.015,0.33404,0.33436,0.03,0.03
2012.02.20 10:45:27.158,0.33404,0.33436,0.03,0.03
2012.02.20 10:45:46.309,0.33403,0.33437,0.03,0.07
2012.02.20 10:45:55.204,0.33404,0.33437,0.03,0.05
2012.02.20 10:45:58.549,0.33404,0.3344,0.03,0.03
2012.02.20 10:45:59.948,0.33404,0.33436,0.03,0.02
2012.02.20 10:46:00.295,0.33404,0.33439,0.03,0.02
2012.02.20 10:46:02.495,0.33404,0.33435,0.03,0.02
2012.02.20 10:46:02.613,0.33404,0.33435,0.03,0.02
2012.02.20 10:46:02.792,0.33397,0.33436,0.02,0.03
2012.02.20 10:46:06.834,0.33404,0.33435,0.03,0.05
2012.02.20 10:46:06.920,0.33404,0.33436,0.03,0.03
2012.02.20 10:46:08.924,0.33404,0.33438,0.03,0.02
2012.02.20 10:46:09.081,0.33404,0.33438,0.03,0.02
2012.02.20 10:46:23.431,0.33403,0.33436,0.03,0.04
2012.02.20 10:46:23.817,0.334,0.33435,0.03,0.02
2012.02.20 10:46:24.476,0.33404,0.33439,0.03,0.02
2012.02.20 10:46:26.423,0.33404,0.33439,0.03,0.02
2012.02.20 10:46:27.296,0.33403,0.33439,0.03,0.02
2012.02.20 10:46:28.866,0.33403,0.33441,0.03,0.05
2012.02.20 10:46:30.648,0.33404,0.33436,0.02,0.05
2012.02.20 10:46:31.645,0.33405,0.33441,0.02,0.02
2012.02.20 10:46:39.018,0.33405,0.33443,0.02,0.05
2012.02.20 10:46:40.994,0.33406,0.33442,0.02,0.02
2012.02.20 10:46:54.958,0.33406,0.33444,0.02,0.05
2012.02.20 10:46:59.354,0.33407,0.33442,0.02,0.04
2012.02.20 10:46:59.516,0.3341,0.33445,0.02,0.02
2012.02.20 10:47:00.620,0.3341,0.33445,0.02,0.02
2012.02.20 10:47:05.856,0.33407,0.33442,0.02,0.04
2012.02.20 10:47:06.847,0.33407,0.33442,0.02,0.05
2012.02.20 10:47:07.234,0.33404,0.33439,0.02,0.05
2012.02.20 10:47:13.578,0.33405,0.33443,0.02,0.02
2012.02.20 10:47:13.779,0.33407,0.33445,0.02,0.02
2012.02.20 10:47:14.295,0.33407,0.33445,0.02,0.02
2012.02.20 10:47:14.649,0.33413,0.33446,0.03,0.02
2012.02.20 10:47:15.429,0.33413,0.33446,0.03,0.02
2012.02.20 10:47:52.574,0.33414,0.33446,0.03,0.04
2012.02.20 10:47:55.000,0.33414,0.33446,0.03,0.03
2012.02.20 10:47:55.506,0.33414,0.33447,0.03,0.04
2012.02.20 10:48:10.392,0.33414,0.33445,0.03,0.04
2012.02.20 10:48:20.447,0.33414,0.33446,0.03,0.03
2012.02.20 10:48:33.054,0.33413,0.33447,0.03,0.02
2012.02.20 10:48:34.069,0.33413,0.33447,0.03,0.03
2012.02.20 10:48:41.295,0.33414,0.33446,0.03,0.03
2012.02.20 10:48:41.897,0.33414,0.33446,0.03,0.02
2012.02.20 10:48:43.572,0.33413,0.33447,0.03,0.02
2012.02.20 10:48:55.156,0.33414,0.33446,0.03,0.02
2012.02.20 10:48:55.477,0.33414,0.33446,0.03,0.02
2012.02.20 10:49:00.878,0.33414,0.3345,0.03,0.03
2012.02.20 10:49:01.546,0.33406,0.33441,0.02,0.02
2012.02.20 10:49:01.654,0.33405,0.33441,0.02,0.02
2012.02.20 10:49:15.477,0.33405,0.33441,0.02,0.05
2012.02.20 10:49:16.174,0.33405,0.33436,0.02,0.02
2012.02.20 10:49:17.005,0.33405,0.33442,0.02,0.03
2012.02.20 10:49:20.367,0.33407,0.33443,0.02,0.05
2012.02.20 10:49:24.716,0.33407,0.33443,0.02,0.04
2012.02.20 10:49:24.805,0.3341,0.33445,0.02,0.04
2012.02.20 10:49:28.927,0.3341,0.33442,0.02,0.04
2012.02.20 10:49:41.333,0.3341,0.33442,0.02,0.04
2012.02.20 10:49:41.547,0.33405,0.33442,0.02,0.06
2012.02.20 10:49:41.621,0.33405,0.3344,0.02,0.04
2012.02.20 10:49:41.776,0.33405,0.33439,0.02,0.05
2012.02.20 10:49:43.920,0.33405,0.33439,0.02,0.05
2012.02.20 10:49:44.493,0.33405,0.33439,0.02,0.05
2012.02.20 10:49:47.277,0.33406,0.33439,0.02,0.02
2012.02.20 10:49:54.488,0.33409,0.33445,0.02,0.05
2012.02.20 10:49:54.613,0.33409,0.33444,0.02,0.04
2012.02.20 10:50:08.579,0.33408,0.33441,0.02,0.04
2012.02.20 10:50:08.646,0.33407,0.33443,0.02,0.05
2012.02.20 10:50:08.793,0.33405,0.33435,0.02,0.04
2012.02.20 10:50:08.865,0.33404,0.33435,0.02,0.04
2012.02.20 10:50:09.538,0.33405,0.33437,0.02,0.04
2012.02.20 10:50:11.346,0.33405,0.3344,0.02,0.05
2012.02.20 10:50:11.429,0.33405,0.33436,0.02,0.06
2012.02.20 10:50:13.910,0.33407,0.33442,0.02,0.06
2012.02.20 10:50:17.826,0.33407,0.33442,0.02,0.06
2012.02.20 10:50:24.194,0.3341,0.33445,0.02,0.02
2012.02.20 10:50:24.266,0.3341,0.33442,0.02,0.04
2012.02.20 10:50:27.189,0.33409,0.33442,0.02,0.04
2012.02.20 10:50:30.093,0.33409,0.33444,0.02,0.02
2012.02.20 10:51:12.362,0.33408,0.3344,0.02,0.02
2012.02.20 10:51:13.734,0.33409,0.33442,0.02,0.03
2012.02.20 10:51:14.039,0.33412,0.33448,0.02,0.03
2012.02.20 10:51:14.713,0.33413,0.33446,0.03,0.05
2012.02.20 10:51:16.563,0.33413,0.33446,0.03,0.05
2012.02.20 10:51:18.915,0.33413,0.33446,0.03,0.05
2012.02.20 10:51:23.029,0.33413,0.33446,0.03,0.05
2012.02.20 10:51:44.955,0.33412,0.33446,0.02,0.03
2012.02.20 10:51:50.047,0.33412,0.33446,0.02,0.05
2012.02.20 10:51:51.837,0.33411,0.33446,0.02,0.04
2012.02.20 10:51:56.534,0.33412,0.33448,0.02,0.02
2012.02.20 10:51:57.777,0.33412,0.33445,0.02,0.04
2012.02.20 10:52:06.245,0.33415,0.33447,0.02,0.02
2012.02.20 10:52:09.652,0.33417,0.33452,0.02,0.02
2012.02.20 10:52:09.957,0.3342,0.3345,0.02,0.04
2012.02.20 10:52:14.713,0.33422,0.3346,0.02,0.05
2012.02.20 10:52:14.905,0.33426,0.33459,0.02,0.05
2012.02.20 10:52:18.690,0.33436,0.33471,0.02,0.04
2012.02.20 10:52:22.056,0.33437,0.33472,0.02,0.02
2012.02.20 10:52:22.123,0.33437,0.3347,0.02,0.02
2012.02.20 10:52:22.634,0.33436,0.33466,0.02,0.06
2012.02.20 10:52:24.057,0.3344,0.33475,0.02,0.06
2012.02.20 10:52:24.126,0.33438,0.33469,0.02,0.04
2012.02.20 10:52:25.458,0.33438,0.33474,0.02,0.05
2012.02.20 10:52:25.712,0.33436,0.33471,0.02,0.07
2012.02.20 10:52:26.956,0.33439,0.33474,0.02,0.02
2012.02.20 10:52:27.096,0.33439,0.33474,0.02,0.05
2012.02.20 10:52:31.874,0.33438,0.3347,0.02,0.04
2012.02.20 10:52:31.936,0.33437,0.33472,0.02,0.05
2012.02.20 10:52:32.860,0.33435,0.33467,0.02,0.04
2012.02.20 10:52:32.932,0.33437,0.33472,0.02,0.05
2012.02.20 10:52:33.566,0.33437,0.33471,0.02,0.05
2012.02.20 10:52:33.874,0.33437,0.33476,0.02,0.05
2012.02.20 10:52:35.883,0.33438,0.33469,0.02,0.04
2012.02.20 10:52:36.093,0.33437,0.33472,0.02,0.04
2012.02.20 10:52:37.872,0.33437,0.33472,0.02,0.05
2012.02.20 10:52:38.034,0.33438,0.33474,0.02,0.05
2012.02.20 10:52:39.968,0.33441,0.33476,0.02,0.04
2012.02.20 10:52:44.546,0.33439,0.33474,0.02,0.04
2012.02.20 10:52:45.301,0.33439,0.33474,0.02,0.05
2012.02.20 10:52:46.957,0.33441,0.33476,0.02,0.04
2012.02.20 10:52:48.243,0.33438,0.33474,0.02,0.05
2012.02.20 10:52:52.384,0.33444,0.3348,0.03,0.05
2012.02.20 10:52:52.815,0.33446,0.33481,0.02,0.02
2012.02.20 10:52:53.040,0.33446,0.3348,0.02,0.04
2012.02.20 10:52:53.426,0.33448,0.33483,0.02,0.02
2012.02.20 10:52:54.723,0.33459,0.33495,0.02,0.05
2012.02.20 10:52:57.053,0.33459,0.33495,0.02,0.05
2012.02.20 10:52:57.170,0.33459,0.33498,0.02,0.05
2012.02.20 10:52:58.559,0.33462,0.33494,0.02,0.04
2012.02.20 10:52:58.622,0.33463,0.33497,0.02,0.04
2012.02.20 10:52:58.683,0.33466,0.33502,0.02,0.02
2012.02.20 10:52:58.743,0.33457,0.33493,0.03,0.05
2012.02.20 10:52:58.802,0.33457,0.33491,0.02,0.04
2012.02.20 10:53:07.185,0.33458,0.33494,0.02,0.05
2012.02.20 10:53:08.468,0.33456,0.33488,0.02,0.02
2012.02.20 10:53:09.046,0.33454,0.33487,0.03,0.04
2012.02.20 10:53:17.239,0.33456,0.33491,0.02,0.02
2012.02.20 10:53:17.450,0.33456,0.3349,0.02,0.06
2012.02.20 10:53:19.230,0.33455,0.33487,0.02,0.06
2012.02.20 10:53:19.297,0.33454,0.33489,0.03,0.03
2012.02.20 10:53:19.755,0.33455,0.33492,0.02,0.03
2012.02.20 10:53:19.812,0.33455,0.33492,0.02,0.07
2012.02.20 10:53:19.876,0.33453,0.33487,0.03,0.06
2012.02.20 10:53:20.004,0.33449,0.33486,0.02,0.02
2012.02.20 10:53:20.338,0.33445,0.33476,0.02,0.02
2012.02.20 10:53:22.158,0.33444,0.33476,0.04,0.02
2012.02.20 10:53:23.735,0.33446,0.33478,0.02,0.02
2012.02.20 10:53:29.037,0.33445,0.3348,0.02,0.04
2012.02.20 10:53:29.533,0.33448,0.33483,0.02,0.02
2012.02.20 10:53:30.395,0.33446,0.33476,0.02,0.06
2012.02.20 10:53:32.325,0.33444,0.33476,0.02,0.04
2012.02.20 10:53:32.683,0.33445,0.33479,0.02,0.05
2012.02.20 10:53:33.927,0.33444,0.33479,0.03,0.06
2012.02.20 10:53:34.492,0.33444,0.33477,0.02,0.02
2012.02.20 10:53:35.103,0.33443,0.33479,0.03,0.05
2012.02.20 10:53:36.636,0.33443,0.33476,0.03,0.04
2012.02.20 10:53:37.733,0.33445,0.33479,0.02,0.07
2012.02.20 10:54:02.961,0.33443,0.33476,0.02,0.06
2012.02.20 10:54:03.171,0.33437,0.33472,0.02,0.04
2012.02.20 10:54:16.887,0.33441,0.33476,0.02,0.02
2012.02.20 10:54:16.964,0.33444,0.33477,0.02,0.02
2012.02.20 10:54:19.173,0.33444,0.3348,0.02,0.03
2012.02.20 10:54:26.545,0.33445,0.33482,0.02,0.07
2012.02.20 10:54:26.693,0.33445,0.33482,0.02,0.05
2012.02.20 10:54:27.839,0.33446,0.33481,0.02,0.04
2012.02.20 10:54:43.858,0.33446,0.33484,0.02,0.05
2012.02.20 10:54:44.925,0.33446,0.33481,0.02,0.05
2012.02.20 10:54:45.540,0.33445,0.33477,0.02,0.02
2012.02.20 10:54:50.929,0.33447,0.33481,0.02,0.04
2012.02.20 10:54:53.227,0.33447,0.33481,0.02,0.05
2012.02.20 10:55:01.278,0.33447,0.3348,0.02,0.02
2012.02.20 10:55:12.685,0.33448,0.33485,0.02,0.03
2012.02.20 10:55:15.458,0.33446,0.33481,0.02,0.02
2012.02.20 10:55:35.390,0.33445,0.33477,0.02,0.02
2012.02.20 10:55:35.624,0.33443,0.3348,0.03,0.05
2012.02.20 10:55:47.484,0.33438,0.33472,0.02,0.04
2012.02.20 10:55:47.993,0.33437,0.33472,0.02,0.05
2012.02.20 10:55:48.203,0.33434,0.33466,0.03,0.02
2012.02.20 10:55:49.010,0.33434,0.33466,0.02,0.04
2012.02.20 10:55:54.133,0.33435,0.3347,0.02,0.04
2012.02.20 10:55:54.193,0.33435,0.3347,0.02,0.04
2012.02.20 10:55:55.674,0.33435,0.3347,0.02,0.05
2012.02.20 10:55:57.371,0.33437,0.33472,0.02,0.02
2012.02.20 10:55:57.907,0.33437,0.33472,0.02,0.04
2012.02.20 10:55:57.977,0.33441,0.33476,0.02,0.10
2012.02.20 10:55:58.158,0.3344,0.33475,0.02,0.04
2012.02.20 10:56:14.219,0.33443,0.33479,0.02,0.03
2012.02.20 10:56:29.879,0.33444,0.33476,0.03,0.02
2012.02.20 10:56:29.947,0.33444,0.33476,0.02,0.02
2012.02.20 10:56:55.143,0.33447,0.33482,0.02,0.02
2012.02.20 10:56:55.903,0.33446,0.33482,0.02,0.02
2012.02.20 10:57:11.174,0.33445,0.33477,0.02,0.03
2012.02.20 10:57:12.068,0.33445,0.3348,0.02,0.03
2012.02.20 10:57:21.004,0.33447,0.33482,0.02,0.06
2012.02.20 10:57:35.860,0.33446,0.33478,0.02,0.02
2012.02.20 10:57:38.906,0.33446,0.33478,0.02,0.02
2012.02.20 10:58:03.448,0.33443,0.33477,0.03,0.06
2012.02.20 10:58:03.516,0.3344,0.33477,0.02,0.07
2012.02.20 10:58:08.439,0.33443,0.33478,0.02,0.02
2012.02.20 10:58:13.416,0.33443,0.33477,0.02,0.03
2012.02.20 10:58:16.168,0.33449,0.33484,0.02,0.02
2012.02.20 10:58:16.586,0.33446,0.33482,0.02,0.05
2012.02.20 10:58:19.396,0.33449,0.33489,0.03,0.02
2012.02.20 10:58:19.643,0.33461,0.33495,0.02,0.05
2012.02.20 10:58:19.953,0.33461,0.33499,0.02,0.02
2012.02.20 10:58:20.325,0.33467,0.33503,0.02,0.05
2012.02.20 10:58:20.397,0.33466,0.33498,0.02,0.04
2012.02.20 10:58:21.072,0.33467,0.33502,0.02,0.05
2012.02.20 10:58:28.119,0.33464,0.33496,0.03,0.02
2012.02.20 10:58:31.694,0.33464,0.33497,0.02,0.02
2012.02.20 10:58:31.753,0.33464,0.33499,0.03,0.07
2012.02.20 10:58:38.970,0.33464,0.335,0.03,0.02
2012.02.20 10:58:39.482,0.3347,0.33505,0.02,0.02
2012.02.20 10:58:40.089,0.33468,0.33499,0.02,0.04
2012.02.20 10:58:41.073,0.33472,0.33507,0.02,0.02
2012.02.20 10:58:44.184,0.33471,0.33503,0.02,0.04
2012.02.20 10:58:47.284,0.33472,0.33506,0.02,0.03
2012.02.20 10:58:48.495,0.33472,0.33505,0.02,0.04
2012.02.20 10:59:08.422,0.33472,0.33507,0.02,0.02
2012.02.20 10:59:09.331,0.33473,0.33507,0.03,0.02
2012.02.20 10:59:21.144,0.33476,0.33511,0.02,0.08
2012.02.20 10:59:21.265,0.33474,0.3351,0.03,0.03
2012.02.20 10:59:21.852,0.33474,0.3351,0.03,0.03
2012.02.20 10:59:28.667,0.33474,0.33506,0.03,0.02
2012.02.20 10:59:31.076,0.33473,0.33507,0.03,0.02
2012.02.20 10:59:39.324,0.33472,0.33511,0.02,0.03
2012.02.20 10:59:39.525,0.33467,0.33505,0.02,0.02
2012.02.20 10:59:41.621,0.33468,0.33502,0.02,0.05
2012.02.20 10:59:41.683,0.33466,0.33502,0.02,0.05
2012.02.20 10:59:42.156,0.33466,0.33502,0.02,0.05
2012.02.20 10:59:44.505,0.33464,0.33496,0.03,0.02
2012.02.20 10:59:46.745,0.33463,0.33499,0.03,0.07
2012.02.20 10:59:48.553,0.33464,0.33496,0.03,0.02
2012.02.20 10:59:54.493,0.33459,0.33497,0.02,0.07
2012.02.20 10:59:56.438,0.33459,0.33491,0.02,0.04
2012.02.20 10:59:57.460,0.33459,0.33493,0.02,0.05
